M 503640            1    0    5    0    0   25                
H1 2    0    5    0    0   24 0101 0101                                 
L  2 2    1     0    00    00              23                           
    0 7737  399 7569  575 7528  645 7575  753 7750  811 7797  921 7832  
 1231 7787 1360 7821 1565 8045 1703 8084 1659 8155 1684 8338 1633 8650  
 1646 8779 1534 8878 1499 9011 1440 9091 1237 9079 1071 8988  811 8726  
  666 8672  478 8489  
L  2 2    2     0    00    00              17                           
    0 7737  399 7569  575 7528  645 7575  753 7750  811 7797  921 7832  
 1231 7787 1360 7821 1565 8045 1703 8084 1762 8169 1809 8396 1906 8687  
 1863 8897 1921 9269 1757 9142  
L  2 2    3     0    00    00              36                           
    0 7737  399 7569  575 7528  645 7575  753 7750  811 7797  921 7832  
 1231 7787 1360 7821 1565 8045 1703 8084 1659 8155 1684 8338 1633 8650  
 1646 8779 1534 8878 1499 9011 1440 9091 1341 9195 1336 9258 1281 9284  
 1224 9407 1214 9699 1146 9785 1055 9822 1009 9920  961 9754  942 9499  
  876 9342  737 9227  718 8955  658 8782  599 8675  382 8592  184 8493  
    0 8378  
L  2 2    4     0    00    00               9                           
    0 7737  399 7569  575 7528  645 7575  923 7571 1300 7586 1460 7671  
 1597 7757 1689 7872  
L  2 2    5     0    00    00              19                           
    0 7737  399 7569  575 7528  645 7575  753 7750  811 7797  921 7832  
 1231 7787 1360 7821 1565 8045 1703 8084 1762 8169 1809 8396 1906 8687  
 1863 8897 1921 9269 1957 9331 2010 9674 2052 9927  
M 503650            1    0   18    0    0  135                
H1 2    0   18    0    0  134 0101 0101                                 
L  2 2    1     0    00    00              73                           
 2067    0 2140  347 2199  498 2487 1855 2685 2447 2804 3028 2874 3257  
 3026 3463 3158 3808 3179 4348 3234 4659 3397 4857 3460 5163 3376 5202  
 3302 5197 3175 5188 2883 5202 2793 5248 2677 5414 2587 5460 2520 5448  
 2450 5104 2232 4903 2117 4923 2001 5137 1972 5452 1891 5585 1835 5772  
 1817 5972 1574 6215 1507 6375 1507 6620 1440 6772 1290 6956 1237 7117  
 1241 7157 1254 7223 1233 7312 1226 7326 1204 7371 1181 7396 1164 7409  
  885 7559  837 7598  828 7621  815 7660  767 7942  752 8079  738 8176  
  687 8379  667 8457  665 8529  659 8554  648 8574  638 8586  611 8608  
  608 8613  601 8619  565 8651  518 8675  481 8683  459 8687  342 8709  
  319 8723  279 8748  241 8788  224 8848  219 8950  190 9043  155 9110  
   94 9203   59 9231    0 9242  
L  2 2    2     0    00    00              20                           
 2067    0 2140  347 2199  498 2487 1855 2685 2447 2804 3028 2874 3257  
 3026 3463 3158 3808 3179 4348 3234 4659 3397 4857 3460 5163 3645 5792  
 3756 6168 3815 6568 3969 6912 4209 7286 4592 8520 4642 8780  
L  2 2    3     0    00    00              29                           
 2067    0 2140  347 2199  498 2487 1855 2685 2447 2804 3028 2874 3257  
 3026 3463 3158 3808 3179 4348 3234 4659 3397 4857 3460 5163 3645 5792  
 3756 6168 3815 6568 3969 6912 4209 7286 4592 8520 4329 8722 4141 8722  
 4064 8747 3622 8888 3668 8974 3885 9045 4125 8916 4365 8830 4569 8822  
 4637 8988  
L  2 2    4     0    00    00              36                           
 2067    0 2140  347 2199  498 2487 1855 2685 2447 2804 3028 2874 3257  
 3026 3463 3158 3808 3179 4348 3234 4659 3397 4857 3460 5163 3645 5792  
 3756 6168 3815 6568 3969 6912 4209 7286 4592 8520 4329 8722 4141 8722  
 4064 8747 3622 8888 3375 9212 3264 9242 3087 9206 3053 9081 3007 9018  
 2852 8911 2806 8802 2612 8549 2489 8340 2433 8138 2304 8030 2225 8041  
 2059 8174  
L  2 2    5     0    00    00              57                           
 2067    0 2140  347 2199  498 2487 1855 2685 2447 2804 3028 2874 3257  
 3026 3463 3158 3808 3179 4348 3234 4659 3397 4857 3460 5163 3376 5202  
 3302 5197 3175 5188 2883 5202 2793 5248 2677 5414 2587 5460 2520 5448  
 2450 5104 2232 4903 2117 4923 2001 5137 1972 5452 1891 5585 1835 5772  
 1817 5972 1574 6215 1507 6375 1507 6620 1440 6772 1290 6956 1237 7117  
 1241 7157 1254 7223 1233 7312 1226 7326 1204 7371 1181 7396 1164 7409  
 1169 7423 1167 7461 1121 7550 1115 7611 1124 7665 1111 7699 1104 7739  
 1071 7777 1054 7785 1064 7936 1306 8105 1369 8463 1600 8578 1681 8376  
 1846 8174  
L  2 2    6     0    00    00              52                           
 2067    0 2140  347 2199  498 2487 1855 2685 2447 2804 3028 2874 3257  
 3026 3463 3158 3808 3179 4348 3234 4659 3397 4857 3460 5163 3376 5202  
 3302 5197 3175 5188 2883 5202 2793 5248 2677 5414 2587 5460 2520 5448  
 2450 5104 2232 4903 2117 4923 2001 5137 1972 5452 1891 5585 1835 5772  
 1817 5972 1574 6215 1507 6375 1507 6620 1440 6772 1290 6956 1237 7117  
 1241 7157 1254 7223 1233 7312 1226 7326 1204 7371 1181 7396 1164 7409  
 1169 7423 1167 7461 1121 7550 1115 7611 1124 7665 1111 7699 1104 7739  
 1071 7777 1054 7785 1052 7690  
L  2 2    7     0    00    00              39                           
 2067    0 2140  347 2199  498 2487 1855 2685 2447 2804 3028 2874 3257  
 3026 3463 3158 3808 3179 4348 3234 4659 3397 4857 3460 5163 3376 5202  
 3302 5197 3175 5188 2883 5202 2793 5248 2677 5414 2587 5460 2520 5448  
 2450 5104 2232 4903 2117 4923 2001 5137 1929 5019 1780 5033 1620 4962  
 1396 4996 1385 5349 1485 5524 1471 6014 1357 6274 1353 6362 1227 6524  
 1270 6766 1213 6845 1142 7203  967 7383  
L  2 2    8     0    00    00              37                           
 2067    0 2140  347 2199  498 2487 1855 2685 2447 2804 3028 2874 3257  
 3026 3463 3158 3808 3179 4348 3234 4659 3397 4857 3460 5163 3376 5202  
 3302 5197 3175 5188 2883 5202 2793 5248 2677 5414 2587 5460 2520 5448  
 2450 5104 2232 4903 2117 4923 2001 5137 1929 5019 1780 5033 1620 4962  
 1396 4996 1272 4902 1263 4660 1279 4546 1064 4376 1014 4361  204 4046  
   25 3912    0 3913  
L  2 2    9     0    00    00              31                           
 2067    0 2140  347 2199  498 2487 1855 2685 2447 2804 3028 2874 3257  
 3026 3463 3158 3808 3179 4348 3234 4659 3397 4857 3460 5163 3376 5202  
 3302 5197 3405 5506 3519 5864 3588 6036 3668 6322 3691 6568 3633 6740  
 3610 6869 3713 7055 4045 7542 4057 7642 3919 7685 3862 7814 3839 7957  
 3885 8115 3896 8301 4011 8487  
L  2 2   10     0    00    00              18                           
 2067    0 2140  347 2199  498 2487 1855 2685 2447 2804 3028 2874 3257  
 3026 3463 3158 3808 3179 4348 3234 4659 3397 4857 3460 5163 3376 5202  
 3302 5197 3405 5506 3519 5864 3222 6007  
L  2 2   11     0    00    00              63                           
 2067    0 2140  347 2199  498 2487 1855 2685 2447 2804 3028 2874 3257  
 3026 3463 3158 3808 3179 4348 3234 4659 3397 4857 3460 5163 3376 5202  
 3302 5197 3175 5188 2883 5202 2793 5248 2677 5414 2587 5460 2520 5448  
 2450 5104 2232 4903 2117 4923 2001 5137 1972 5452 1891 5585 1835 5772  
 1817 5972 1574 6215 1507 6375 1507 6620 1440 6772 1290 6956 1237 7117  
 1241 7157 1254 7223 1233 7312 1226 7326 1204 7371 1181 7396 1164 7409  
  885 7559  837 7598  828 7621  815 7660  767 7942  752 8079  738 8176  
  687 8379  667 8457  665 8529  659 8554  648 8574  638 8586  611 8608  
  608 8613  601 8619  565 8651  518 8675  481 8683  484 8692  491 8699  
L  2 2   12     0    00    00              64                           
 2067    0 2140  347 2199  498 2487 1855 2685 2447 2804 3028 2874 3257  
 3026 3463 3158 3808 3179 4348 3234 4659 3397 4857 3460 5163 3376 5202  
 3302 5197 3175 5188 2883 5202 2793 5248 2677 5414 2587 5460 2520 5448  
 2450 5104 2232 4903 2117 4923 2001 5137 1972 5452 1891 5585 1835 5772  
 1817 5972 1574 6215 1507 6375 1507 6620 1440 6772 1290 6956 1237 7117  
 1241 7157 1254 7223 1233 7312 1226 7326 1204 7371 1181 7396 1164 7409  
  885 7559  837 7598  828 7621  815 7660  767 7942  752 8079  738 8176  
  687 8379  667 8457  665 8529  659 8554  648 8574  638 8586  611 8608  
  608 8613  601 8619  602 8632  584 8673  566 8698  550 8714  536 8717  
  522 8714  
L  2 2   13     0    00    00              52                           
 2067    0 2140  347 2199  498 2487 1855 2685 2447 2804 3028 2874 3257  
 3026 3463 3158 3808 3179 4348 3234 4659 3397 4857 3460 5163 3376 5202  
 3302 5197 3175 5188 2883 5202 2793 5248 2677 5414 2587 5460 2520 5448  
 2450 5104 2232 4903 2117 4923 2001 5137 1972 5452 1891 5585 1835 5772  
 1817 5972 1574 6215 1507 6375 1507 6620 1440 6772 1290 6956 1237 7117  
 1241 7157 1254 7223 1233 7312 1226 7326 1204 7371 1181 7396 1164 7409  
  885 7559  837 7598  828 7621  815 7660  767 7942  752 8079  738 8176  
  687 8379  697 8379  708 8377  
L  2 2   14     0    00    00              62                           
 2067    0 2140  347 2199  498 2487 1855 2685 2447 2804 3028 2874 3257  
 3026 3463 3158 3808 3179 4348 3234 4659 3397 4857 3460 5163 3376 5202  
 3302 5197 3175 5188 2883 5202 2793 5248 2677 5414 2587 5460 2520 5448  
 2450 5104 2232 4903 2117 4923 2001 5137 1972 5452 1891 5585 1835 5772  
 1817 5972 1574 6215 1507 6375 1507 6620 1440 6772 1290 6956 1237 7117  
 1241 7157 1254 7223 1233 7312 1226 7326 1204 7371 1181 7396 1164 7409  
 1169 7423 1167 7461 1121 7550 1115 7611 1124 7665 1111 7699 1104 7739  
 1071 7777 1054 7785 1030 7792  967 7848  948 7885  913 7933  893 7973  
  884 8020  851 8096  842 8181  810 8286  779 8328  762 8343  
L  2 2   15     0    00    00              19                           
  994    0  990   22  918   17  857  130  793  484  654  522  555  459  
  560  358  498  310  409  332  362  212  313  242  375  397  296  486  
  296  625  266  746  261 1004  180 1185    0 1374  
L  2 2   16     0    00    00              33                           
 2067    0 2140  347 2199  498 2487 1855 2685 2447 2804 3028 2874 3257  
 3026 3463 3158 3808 3179 4348 3234 4659 3397 4857 3460 5163 3645 5792  
 3756 6168 3815 6568 3969 6912 4209 7286 4592 8520 4329 8722 4141 8722  
 4064 8747 3622 8888 3375 9212 3264 9242 3087 9206 3053 9081 3007 9018  
 2924 9050 2783 9057 2686 9121 2512 9329 2409 9535  
L  2 2   17     0    00    00              27                           
 2067    0 2140  347 2199  498 2487 1855 2685 2447 2804 3028 2874 3257  
 3026 3463 3158 3808 3179 4348 3234 4659 3397 4857 3460 5163 3645 5792  
 3756 6168 3815 6568 3969 6912 4209 7286 4592 8520 4329 8722 4141 8722  
 4064 8747 3622 8888 3375 9212 3264 9242 3087 9206 3170 9539  
L  2 2   18     0    00    00              29                           
 2067    0 2140  347 2199  498 2487 1855 2685 2447 2804 3028 2874 3257  
 3026 3463 3158 3808 3179 4348 3234 4659 3397 4857 3460 5163 3645 5792  
 3756 6168 3815 6568 3969 6912 4209 7286 4592 8520 4329 8722 4141 8722  
 4064 8747 3622 8888 3668 8974 3885 9045 3999 9217 4022 9432 4068 9561  
 4182 9790  
M 503660            1    0   31    0    0  185                
H1 2    0   31    0    0  184 0101 0101                                 
L  2 2    1     0    00    00             145                           
 5112    0 5112    1 5334  544 5104  699 4959  735 4769  738 4564  690  
 4415  746 4384  823 4443 1022 4537 1128 4458 1290 4452 1423 4288 1763  
 4261 1862 4233 1976 4206 2034 4150 2111 4122 2170 4119 2215 4120 2251  
 4112 2284 4072 2371 3989 2544 3998 2799 4068 3074 4313 3143 4392 3246  
 4415 3358 4365 3506 4349 3609 4241 3871 4338 3934 4407 4178 4388 4335  
 4417 4573 4381 4607 4377 4871 4295 4849 4155 4940 4172 4792 4078 4883  
 4041 4867 4019 4930 3955 4984 3962 4915 3915 4934 3897 4883 3862 4903  
 3813 4886 3840 4972 3828 4987 3845 5032 3833 5051 3781 5044 3776 5177  
 3752 5248 3578 5226 3498 5301 3424 5313 3421 5248 3319 5064 3240 4968  
 3163 4979 3171 5032 3221 5117 3234 5038 3300 5139 3272 5247 3283 5419  
 3221 5456 3206 5516 3148 5572 3059 5472 3084 5600 3073 5629 3108 5692  
 3063 5730 3090 5784 3043 5841 2974 6034 2914 5974 2890 5879 2825 5962  
 2818 6019 2748 6095 2721 6088 2689 6180 2644 6174 2614 6252 2486 6253  
 2379 6286 2449 6418 2384 6469 2327 6408 2280 6456 2264 6511 2130 6524  
 2099 6560 2030 6579 2074 6785 2128 6930 2135 7130 2087 7219 2088 7280  
 2154 7210 2191 7137 2318 7028 2332 7047 2309 7215 2290 7251 2278 7346  
 2226 7484 2371 7542 2324 7678 2258 7688 2192 7774 2218 7904 2268 7929  
 2281 7972 2406 8088 2564 8148 2515 8208 2337 8227 2265 8324 2257 8218  
 2218 8138 2129 8088 2110 7996 2055 7904 1949 7892 1888 7743 1722 7714  
 1614 7734 1566 7838 1475 7910 1295 7936 1286 8003 1237 8100 1103 8164  
  946 8298  658 8360  646 8527  185 8642    0 8596  
L  2 2    2     0    00    00              40                           
 5112    0 5112    1 5334  544 5427  707 5551  832 5613 1182 6300 2830  
 6381 2981 6948 4036 7197 4434 7380 4679 7737 5155 7880 5402 8015 5604  
 8051 5744 8118 5844 8374 6094 8430 6168 8570 6353 8604 6387 8732 6514  
 8777 6542 8985 6561 9045 6595 9363 6981 9416 7042 9483 7096 9526 7130  
 9546 7170 9533 7229 9511 7295 9509 7391 9473 7473 9469 7541 9471 7623  
 9501 7664 9620 7699 9604 7921 9635 8030 9626 8108  
L  2 2    3     0    00    00              23                           
 5112    0 5112    1 5334  544 5427  707 5551  832 5613 1182 6300 2830  
 6381 2981 6948 4036 7197 4434 7380 4679 7737 5155 7880 5402 8015 5604  
 8051 5744 8118 5844 8374 6094 8430 6168 8409 6214 8333 6255 8260 6266  
 8166 6320 8009 5932  
L  2 2    4     0    00    00              26                           
 2002    0 1861  324 1964  440 1967  540 1909  678 1868  722 1722  720  
 1620  741 1572  798 1571  940 1671 1067 1670 1104 1561 1040 1456  996  
 1375  983 1252  982 1180 1010 1028 1077  908 1132  813 1111  696 1127  
  571 1111  347 1217  244 1450   28 1856    0 1894  
L  2 2    5     0    00    00              25                           
 2002    0 1861  324 1964  440 1967  540 1909  678 1868  722 1722  720  
 1620  741 1572  798 1571  940 1671 1067 1670 1104 1722 1173 1833 1197  
 2151 1461 2255 1617 2371 1711 2531 1956 2580 2135 2589 2573 2582 2690  
 2669 2907 2657 2985 2492 3182 2554 3506  
L  2 2    6     0    00    00              41                           
 5112    0 5112    1 5334  544 5104  699 4959  735 4769  738 4564  690  
 4415  746 4384  823 4443 1022 4537 1128 4458 1290 4452 1423 4288 1763  
 4261 1862 4233 1976 4206 2034 4150 2111 4122 2170 4119 2215 4120 2251  
 4112 2284 4072 2371 3989 2544 3998 2799 3908 3000 3862 3143 3702 3257  
 3633 3486 3450 3615 3346 3833 3129 3895 3042 3988 2929 3918 2840 3950  
 2704 3884 2553 3956 2483 3937 2432 3892 2478 3665 2528 3608  
L  2 2    7     0    00    00              38                           
 5112    0 5112    1 5334  544 5104  699 4959  735 4769  738 4564  690  
 4415  746 4384  823 4443 1022 4537 1128 4458 1290 4452 1423 4288 1763  
 4261 1862 4233 1976 4206 2034 4150 2111 4122 2170 4119 2215 4120 2251  
 4112 2284 4072 2371 3989 2544 3998 2799 4068 3074 4313 3143 4392 3246  
 4415 3358 4365 3506 4349 3609 4241 3871 4338 3934 4407 4178 4388 4335  
 4641 4394 4782 4388 4954 4520  
L  2 2    8     0    00    00              21                           
 5112    0 5112    1 5334  544 5427  707 5551  832 5613 1182 6300 2830  
 6381 2981 6948 4036 6534 4417 6378 4561 6277 4620 6171 4634 6094 4618  
 5708 4411 5653 4414 5540 4516 5333 4498 5243 4480 5145 4481 5023 4534  
L  2 2    9     0    00    00              63                           
 5112    0 5112    1 5334  544 5427  707 5551  832 5613 1182 6300 2830  
 6381 2981 6948 4036 7197 4434 7380 4679 7043 5035 7145 5167 7230 5315  
 7600 5958 7636 6021 7727 5999 7800 6097 7704 6177 7454 6383 7406 6461  
 7385 6641 7236 6833 7129 7000 6947 7154 6897 7219 6897 7431 6864 7502  
 6701 7604 6675 7752 6585 7929 6558 8084 6485 8171 6174 8459 6088 8413  
 5969 8539 5936 8549 5912 8531 5885 8432 5808 8451 5778 8534 5753 8537  
 5712 8583 5583 8587 5512 8634 5452 8634 5352 8654 5272 8794 5151 8808  
 5048 8928 4988 9058 5006 9068 5052 9012 5071 9039 4931 9222 4921 9326  
 4846 9511 4859 9658 4736 9847 4590 9906 4584 9981 4528 9991 4472 9945  
L  2 2   10     0    00    00              15                           
 5112    0 5112    1 5334  544 5427  707 5551  832 5613 1182 6300 2830  
 6381 2981 6158 3174 6006 3139 5868 3141 5999 3470 6122 3654 6091 3764  
 6226 4062  
L  2 2   11     0    00    00              68                           
 5112    0 5112    1 5334  544 5427  707 5551  832 5613 1182 6300 2830  
 6381 2981 6948 4036 7197 4434 7380 4679 7737 5155 7880 5402 8015 5604  
 8051 5744 8118 5844 8374 6094 8430 6168 8570 6353 8604 6387 8732 6514  
 8777 6542 8985 6561 9045 6595 9363 6981 9416 7042 9483 7096 9526 7130  
 9546 7170 9533 7229 9511 7295 9509 7391 9473 7473 9469 7541 9421 7623  
 9392 7695 9407 7803 9474 7899 9536 8085 9584 8169 9661 8202 9701 8369  
 9720 8476 9687 8555 9600 8555 9462 8671 9459 8773 9416 8867 9379 8890  
 9322 8886 9308 8951 9294 9040 9260 9129 9228 9270 9128 9410 9208 9470  
 9222 9558 9384 9664 9355 9707 9185 9731 9119 9760 8836 9773 8798 9967  
 8751 9961 8718 9908 8586 9866 8492 9878 8402 9807  
L  2 2   12     0    00    00              23                           
 5112    0 5112    1 5334  544 5427  707 5551  832 5613 1182 6300 2830  
 6381 2981 6948 4036 7197 4434 7380 4679 7737 5155 7880 5402 8015 5604  
 8051 5744 8118 5844 8374 6094 8430 6168 8570 6353 8604 6387 8570 6459  
 8723 6608 8749 6583  
L  2 2   13     0    00    00              24                           
 5112    0 5112    1 5334  544 5427  707 5551  832 5613 1182 6300 2830  
 6381 2981 6948 4036 7197 4434 7380 4679 7737 5155 7880 5402 8015 5604  
 8051 5744 8118 5844 8374 6094 8430 6168 8570 6353 8604 6387 8732 6514  
 8777 6542 8985 6561 8916 6612  
L  2 2   14     0    00    00              24                           
 5112    0 5112    1 5334  544 5427  707 5551  832 5613 1182 6300 2830  
 6381 2981 6948 4036 7197 4434 7380 4679 7737 5155 7880 5402 8015 5604  
 8051 5744 8118 5844 8374 6094 8430 6168 8570 6353 8604 6387 8570 6459  
 8526 6519 8422 6476 8237 6738  
L  2 2   15     0    00    00              20                           
 5112    0 5112    1 5334  544 5427  707 5551  832 5613 1182 6300 2830  
 6381 2981 6948 4036 7197 4434 7380 4679 7043 5035 7145 5167 7230 5315  
 7600 5958 7636 6021 7727 5999 7800 6097 7704 6177 7919 6477  
L  2 2   16     0    00    00              21                           
 5112    0 5112    1 5334  544 5427  707 5551  832 5613 1182 6300 2830  
 6381 2981 6948 4036 7197 4434 7380 4679 7737 5155 7880 5402 8015 5604  
 8051 5744 8118 5844 8374 6094 8430 6168 8409 6214 8459 6299 8440 6331  
L  2 2   17     0    00    00              11                           
 5112    0 5112    1 5334  544 5427  707 5551  832 5613 1182 6300 2830  
 6381 2981 6948 4036 6534 4417 6729 4626  
L  2 2   18     0    00    00              17                           
 5112    0 5112    1 5334  544 5427  707 5551  832 5613 1182 6300 2830  
 6381 2981 6158 3174 6006 3139 5868 3141 5779 3137 5570 2793 5528 2948  
 5403 3026 5320 3035 5043 3174  
L  2 2   19     0    00    00              31                           
 5112    0 5112    1 5334  544 5104  699 4959  735 4769  738 4564  690  
 4415  746 4384  823 4443 1022 4537 1128 4458 1290 4452 1423 4288 1763  
 4261 1862 4233 1976 4206 2034 4150 2111 4122 2170 4119 2215 4120 2251  
 4112 2284 4072 2371 3989 2544 3998 2799 4068 3074 4313 3143 4392 3246  
 4531 3052 4676 3061 4787 3156  
L  2 2   20     0    00    00              14                           
 5112    0 5112    1 5334  544 5427  707 5551  832 5613 1182 6300 2830  
 6381 2981 6158 3174 6006 3139 5868 3141 5779 3137 5570 2793 5380 2706  
L  2 2   21     0    00    00              21                           
 5112    0 5112    1 5334  544 5104  699 4959  735 4769  738 4564  690  
 4415  746 4384  823 4443 1022 4537 1128 4458 1290 4452 1423 4288 1763  
 4514 1780 4613 1726 4951 1790 5013 1833 5104 2017 5110 2200 5184 2518  
L  2 2   22     0    00    00              17                           
 5112    0 5112    1 5334  544 5427  707 5551  832 5613 1182 6300 2830  
 6381 2981 6948 4036 6534 4417 6378 4561 6277 4620 6171 4634 6227 4751  
 6255 4907 6380 5046 6407 5150  
L  2 2   23     0    00    00              13                           
 5112    0 5112    1 5334  544 5427  707 5551  832 5613 1182 6300 2830  
 6381 2981 6948 4036 7197 4434 7380 4679 7043 5035 6837 5202  
L  2 2   24     0    00    00              38                           
 5112    0 5112    1 5334  544 5104  699 4959  735 4769  738 4564  690  
 4415  746 4384  823 4443 1022 4537 1128 4458 1290 4452 1423 4288 1763  
 4261 1862 4233 1976 4206 2034 4150 2111 4122 2170 4119 2215 4120 2251  
 4112 2284 4072 2371 3989 2544 3998 2799 3908 3000 3862 3143 3702 3257  
 3633 3486 3450 3615 3346 3833 3433 3879 3481 3949 3515 4064 3612 4078  
 3786 4035 3954 4069 4037 4138  
L  2 2   25     0    00    00              36                           
 5112    0 5112    1 5334  544 5104  699 4959  735 4769  738 4564  690  
 4415  746 4384  823 4443 1022 4537 1128 4458 1290 4452 1423 4288 1763  
 4261 1862 4233 1976 4206 2034 4150 2111 4122 2170 4119 2215 4120 2251  
 4112 2284 4072 2371 3989 2544 3998 2799 4068 3074 4313 3143 4392 3246  
 4415 3358 4365 3506 4349 3609 4241 3871 4338 3934 4407 4178 4388 4335  
 4109 4255  
L  2 2   26     0    00    00              19                           
 5112    0 5112    1 5334  544 5104  699 4959  735 4769  738 4564  690  
 4415  746 4384  823 4443 1022 4537 1128 4458 1290 4452 1423 4288 1763  
 4261 1862 4234 1859 4195 1921 4172 2008 4163 2062  
L  2 2   27     0    00    00              15                           
 5112    0 5112    1 5334  544 5104  699 4959  735 4769  738 4564  690  
 4415  746 4384  823 4443 1022 4537 1128 4458 1290 4452 1423 4288 1763  
 4011 1788  
L  2 2   28     0    00    00              11                           
 3163    0 3158  290 3198  449 3223  940 3388 1139 3456 1257 3470 1424  
 3545 1524 3675 1562 3775 1656 3930 1656  
L  2 2   29     0    00    00               5                           
 4093    0 4091    4 4091  133 4125  233 4354  477                      
L  2 2   30     0    00    00              46                           
 5112    0 5112    1 5334  544 5427  707 5551  832 5613 1182 6300 2830  
 6381 2981 6948 4036 7197 4434 7380 4679 7737 5155 7880 5402 8015 5604  
 8051 5744 8118 5844 8374 6094 8430 6168 8570 6353 8604 6387 8732 6514  
 8777 6542 8985 6561 9045 6595 9363 6981 9416 7042 9483 7096 9526 7130  
 9546 7170 9533 7229 9511 7295 9509 7391 9473 7473 9469 7541 9471 7623  
 9501 7664 9620 7699 9701 7713 9735 7682 9754 7607 9790 7560 9794 7521  
 9816 7517 9856 7547 9895 7538 9933 7479  
L  2 2   31     0    00    00              67                           
 5112    0 5112    1 5334  544 5427  707 5551  832 5613 1182 6300 2830  
 6381 2981 6948 4036 7197 4434 7380 4679 7043 5035 7145 5167 7230 5315  
 7600 5958 7636 6021 7727 5999 7800 6097 7704 6177 7454 6383 7406 6461  
 7385 6641 7236 6833 7129 7000 6947 7154 6897 7219 6897 7431 6864 7502  
 6701 7604 6675 7752 6585 7929 6558 8084 6485 8171 6174 8459 6088 8413  
 5969 8539 5936 8549 5912 8531 5885 8432 5808 8451 5778 8534 5800 8540  
 5833 8516 5885 8569 5904 8612 5955 8634 6011 8629 6074 8575 6094 8644  
 6158 8724 6173 8803 6153 8882 6175 8990 6210 9021 6259 9072 6268 9318  
 6333 9461 6388 9503 6493 9484 6599 9532 6589 9652 6634 9677 6664 9741  
 6726 9791 6743 9829 6742 9923 6708 9999  
M 503661            1    0    2    0    0   18                
H1 2    0    2    0    0   17 0101 0101                                 
L  2 2    1     0    00    00              57                           
    0 7409  231 7335  313 7330  339 7301  344 7148  396 7108  475 7114  
  608 7086  758 7192  755 7241  670 7276  678 7405  614 7488  628 7529  
  661 7541  722 7538  734 7562  665 7684  602 7712  608 7821  696 7844  
  708 7900  801 7921  834 7888  862 7900  877 7936 1054 7963 1138 8075  
 1156 8194 1114 8263 1064 8307  974 8464  978 8500 1009 8592 1004 8646  
  974 8734  839 8777  837 8911  912 8999  977 9042 1109 9060 1121 9099  
 1104 9199 1210 9205 1294 9148 1339 9170 1401 9239 1453 9242 1506 9282  
 1525 9371 1594 9394 1594 9510 1699 9579 1772 9552 1815 9619 1915 9786  
 2026 9999  
L  2 2    2     0    00    00              32                           
    0 7409  231 7335  313 7330  339 7301  344 7148  396 7108  475 7114  
  608 7086  758 7192  755 7241  670 7276  678 7405  614 7488  628 7529  
  661 7541  722 7538  734 7562  665 7684  602 7712  608 7821  696 7844  
  708 7900  801 7921  834 7888  862 7900  877 7936 1054 7963 1138 8075  
 1156 8194 1171 8245 1166 8280 1144 8283  
M 503670            1    0   23    0    0  241                
H1 2    0   23    0    0  240 0101 0101                                 
L  2 2    1     0    00    00               9                           
 4382    0 4322   58 4297  153 4309  242 4244  293 4262  440 4259  616  
 4055  781 3206 2167  
L  2 2    2     0    00    00              35                           
 8413    0 8416   61 8288   96 8294  320 8112  154 7906  247 7888  309  
 7660  591 7610  687 7598  798 7706 1187 7713 1389 7760 1513 7758 1574  
 7605 1749 7604 1909 7443 1960 7307 2039 7262 2214 7190 2252 7064 2505  
 6945 2496 6844 2405 6661 2405 6609 2456 6559 2470 6602 2554 6710 2652  
 6795 2643 6869 2687 6936 2678 7023 2757 7112 2801 7174 2877 7231 2887  
L  2 2    3     0    00    00              34                           
 8413    0 8416   61 8288   96 8294  320 8112  154 7906  247 7888  309  
 7660  591 7610  687 7598  798 7706 1187 7713 1389 7760 1513 7758 1574  
 7605 1749 7604 1909 7619 2028 7826 2120 7880 2231 7900 2693 7911 2803  
 7934 2857 7985 2933 8079 3031 8107 3080 7994 3140 7946 3146 7904 3108  
 7860 2975 7784 2950 7699 2954 7540 3047 7411 3067 7330 2956  
L  2 2    4     0    00    00             112                           
 8413    0 8416   61 8288   96 8294  320 8112  154 7906  247 7888  309  
 7660  591 7610  687 7598  798 7706 1187 7713 1389 7760 1513 7758 1574  
 7605 1749 7604 1909 7443 1960 7307 2039 7262 2214 7190 2252 7064 2505  
 6945 2496 6844 2405 6661 2405 6609 2456 6559 2470 6457 2476 6335 2537  
 6258 2608 6161 2855 6169 2955 6362 3284 6362 3443 6274 3512 6179 3551  
 6075 3513 5963 3517 5735 3777 5728 3886 5763 4026 5750 4117 5739 4197  
 5733 4225 5818 4348 5837 4472 5758 4557 5622 4606 5364 4627 5339 4692  
 5344 4732 5483 4865 5518 4990 5512 5036 5414 5122 5195 5170 5092 5247  
 5150 5934 4855 6504 4650 6671 4169 7294 4154 7554 4114 7700 4048 7940  
 3960 7976 3796 7924 3564 7669 3426 7679 3271 7781 3207 7823 3170 7848  
 3081 8278 3014 8407 2902 8429 2736 8341 2706 8351 2770 8517 2778 8542  
 2781 8560 2780 8632 2777 8642 2742 8664 2731 8677 2708 8714 2698 8734  
 2685 8758 2601 8957 2584 8982 2560 9007 2536 9021 2511 9026 2460 9027  
 2405 9031 2369 9033 2349 9042 2335 9053 2311 9094 2215 9135 2044 9309  
 1943 9357 1736 9309 1571 9446 1425 9432 1387 9197 1345 9083 1316 9068  
 1279 9109 1223 9296 1115 9520  970 9653  978 9749  955 9833  855 9905  
L  2 2    5     0    00    00              60                           
 8413    0 8416   61 8288   96 8294  320 8112  154 7906  247 7888  309  
 7660  591 7610  687 7598  798 7706 1187 7713 1389 7760 1513 7758 1574  
 7605 1749 7604 1909 7619 2028 7826 2120 7880 2231 7900 2693 7911 2803  
 7934 2857 7985 2933 8079 3031 8107 3080 8134 3166 8146 3315 8191 3416  
 8166 3822 8230 4046 8292 4110 8367 4093 8446 4022 8486 3914 8552 3851  
 8624 3863 8658 3920 8640 4126 8615 4176 8588 4232 8526 4627 8546 4712  
 8711 4858 8788 5022 8856 5462 8796 5833 8511 6284 8629 7293 8752 7364  
 8886 7615 8886 7999 8911 8036 9073 8052 9144 8098 9186 8185 9230 8426  
 9486 8590 9813 8650 9792 8717 9958 9605  
L  2 2    6     0    00    00              78                           
 4382    0 4322   58 4297  153 4309  242 4328  467 4218  467 4199  389  
 4127  377 4137  533 3979  653 4022  713 4041  946 4185  952 4190 1042  
 4079 1048 4003 1174 3907 1180 3907  988 3840  970 3706  994 3692  773  
 3639  707 3491  659 3400  737 3247 1102 3252 1455 3156 1551 3199 1641  
 3209 1791 3046 1893 3017 1971 3055 2019 3261 1983 3328 2037 3352 2120  
 3204 2258 3140 2257 3087 2329 2894 2280 2918 2409 2831 2502 2698 2557  
 2543 2456 2412 2505 2400 2610 2348 2678 2252 2700 2141 2660 2159 2748  
 1948 2716 1948 2797 1911 2826 1879 2758 1814 2706 1700 2758 1700 2828  
 1632 2825 1408 2999 1303 3022 1185 3201 1098 3239 1038 3350  999 3317  
  987 3235  894 3286  875 3371  632 3482  603 3555  571 3636  501 3741  
  439 4153  384 4219  339 4238  224 4203  163 4206   86 4241   59 4300  
    0 4354  
L  2 2    7     0    00    00              67                           
 8413    0 8416   61 8288   96 8294  320 8112  154 7906  247 7888  309  
 7660  591 7610  687 7598  798 7706 1187 7713 1389 7760 1513 7758 1574  
 7605 1749 7604 1909 7443 1960 7307 2039 7262 2214 7190 2252 7064 2505  
 6945 2496 6844 2405 6661 2405 6609 2456 6559 2470 6457 2476 6335 2537  
 6258 2608 6161 2855 6169 2955 6362 3284 6362 3443 6274 3512 6179 3551  
 6075 3513 5963 3517 5735 3777 5728 3886 5763 4026 5750 4117 5739 4197  
 5733 4225 5818 4348 5837 4472 5758 4557 5622 4606 5364 4627 5339 4692  
 5344 4732 5483 4865 5518 4990 5512 5036 5414 5122 5195 5170 5092 5247  
 5150 5934 4855 6504 4650 6671 4169 7294 4154 7554 4114 7700 4049 7686  
 3876 7646 3614 7389 3284 7424 3392 7502  
L  2 2    8     0    00    00              91                           
 4382    0 4322   58 4297  153 4309  242 4328  467 4218  467 4199  389  
 4127  377 4137  533 3979  653 4022  713 4041  946 4185  952 4190 1042  
 4079 1048 4003 1174 3907 1180 3907  988 3840  970 3706  994 3692  773  
 3639  707 3491  659 3400  737 3247 1102 3252 1455 3156 1551 3199 1641  
 3209 1791 3046 1893 3017 1971 3055 2019 3261 1983 3328 2037 3352 2120  
 3204 2258 3140 2257 3087 2329 2894 2280 2918 2409 2831 2502 2698 2557  
 2543 2456 2412 2505 2400 2610 2348 2678 2252 2700 2141 2660 2159 2748  
 1948 2716 1948 2797 1911 2826 1879 2758 1814 2706 1700 2758 1700 2828  
 1632 2825 1408 2999 1303 3022 1185 3201 1098 3239 1038 3350  999 3317  
  987 3235  894 3286  875 3371  632 3482  603 3555  571 3636  501 3741  
  439 4153  499 4152  499 4207  445 4369  491 4407  536 4541  577 4605  
  608 4606  693 4714  655 4763  592 4707  542 4696  508 4666  498 4800  
  423 4841  328 4843  302 4718  295 4607  258 4548  170 4548    0 4642  
L  2 2    9     0    00    00              34                           
 8413    0 8416   61 8288   96 8294  320 8112  154 7906  247 7888  309  
 7660  591 7610  687 7598  798 7706 1187 7713 1389 7760 1513 7758 1574  
 7605 1749 7604 1909 7619 2028 7826 2120 7880 2231 7900 2693 7911 2803  
 7934 2857 7977 2831 8036 2828 8165 2733 8338 2515 8383 2519 8416 2602  
 8418 2648 8399 2696 8398 2725 8432 2788 8494 2878 8574 2932  
L  2 2   10     0    00    00              49                           
 8413    0 8416   61 8288   96 8294  320 8112  154 7906  247 7888  309  
 7660  591 7610  687 7598  798 7706 1187 7713 1389 7760 1513 7758 1574  
 7605 1749 7604 1909 7619 2028 7826 2120 7880 2231 7900 2693 7911 2803  
 7934 2857 7985 2933 7991 2887 8015 2892 8063 2934 8103 2936 8136 2990  
 8235 3023 8266 2989 8308 3036 8345 3042 8369 3069 8476 3076 8512 3109  
 8640 3012 8636 2961 8665 2977 8771 3010 8833 3019 9018 3041 9151 3038  
 9292 3016 9465 2983 9520 2975 9551 2989 9552 3039 9550 3046 9553 3059  
L  2 2   11     0    00    00              80                           
 8413    0 8416   61 8288   96 8294  320 8112  154 7906  247 7888  309  
 7660  591 7610  687 7598  798 7706 1187 7713 1389 7760 1513 7758 1574  
 7605 1749 7604 1909 7443 1960 7307 2039 7262 2214 7190 2252 7064 2505  
 6945 2496 6844 2405 6661 2405 6609 2456 6559 2470 6457 2476 6335 2537  
 6258 2608 6161 2855 6169 2955 6362 3284 6362 3443 6274 3512 6179 3551  
 6075 3513 5963 3517 5735 3777 5728 3886 5763 4026 5750 4117 5739 4197  
 5733 4225 5818 4348 5837 4472 5758 4557 5622 4606 5364 4627 5339 4692  
 5344 4732 5483 4865 5518 4990 5512 5036 5414 5122 5195 5170 5092 5247  
 5150 5934 4855 6504 4650 6671 4169 7294 4154 7554 4114 7700 4049 7686  
 3876 7646 3614 7389 3284 7424 3033 7420 2858 7201 2649 7061 2431 6867  
 2298 6761 2214 6749 2156 6768 2118 6736 2052 6757 2016 6817 1965 6804  
 1672 6924 1525 6963 1347 6924  
L  2 2   12     0    00    00              97                           
 4382    0 4322   58 4297  153 4309  242 4328  467 4218  467 4199  389  
 4127  377 4137  533 3979  653 4022  713 4041  946 4185  952 4190 1042  
 4079 1048 4003 1174 3907 1180 3907  988 3840  970 3706  994 3692  773  
 3639  707 3491  659 3400  737 3247 1102 3252 1455 3156 1551 3199 1641  
 3209 1791 3046 1893 3017 1971 3055 2019 3261 1983 3328 2037 3352 2120  
 3204 2258 3140 2257 3087 2329 2894 2280 2918 2409 2831 2502 2698 2557  
 2543 2456 2412 2505 2400 2610 2348 2678 2252 2700 2141 2660 2159 2748  
 1948 2716 1948 2797 1911 2826 1879 2758 1814 2706 1700 2758 1700 2828  
 1632 2825 1408 2999 1303 3022 1185 3201 1098 3239 1038 3350  999 3317  
  987 3235  894 3286  875 3371  632 3482  603 3555  571 3636  501 3741  
  439 4153  499 4152  499 4207  445 4369  491 4407  536 4541  577 4605  
  608 4606  693 4714  655 4763  592 4707  542 4696  508 4666  498 4800  
  538 4907  536 4957  585 5017  844 5218 1102 5372 1332 5644 1364 5862  
 1394 6061 1370 6323 1392 6503 1480 6540 1370 6604 1293 6740  
L  2 2   13     0    00    00              99                           
 8413    0 8416   61 8288   96 8294  320 8112  154 7906  247 7888  309  
 7660  591 7610  687 7598  798 7706 1187 7713 1389 7760 1513 7758 1574  
 7605 1749 7604 1909 7443 1960 7307 2039 7262 2214 7190 2252 7064 2505  
 6945 2496 6844 2405 6661 2405 6609 2456 6559 2470 6457 2476 6335 2537  
 6258 2608 6161 2855 6169 2955 6362 3284 6362 3443 6274 3512 6179 3551  
 6075 3513 5963 3517 5735 3777 5728 3886 5763 4026 5750 4117 5739 4197  
 5733 4225 5818 4348 5837 4472 5758 4557 5622 4606 5364 4627 5339 4692  
 5344 4732 5483 4865 5518 4990 5512 5036 5414 5122 5195 5170 5092 5247  
 5150 5934 4855 6504 4650 6671 4169 7294 4154 7554 4114 7700 4048 7940  
 3960 7976 3796 7924 3564 7669 3426 7679 3271 7781 3207 7823 3170 7848  
 3081 8278 3014 8407 2902 8429 2736 8341 2706 8351 2770 8517 2778 8542  
 2781 8560 2780 8632 2777 8642 2742 8664 2731 8677 2708 8714 2698 8734  
 2685 8758 2601 8957 2584 8982 2560 9007 2536 9021 2511 9026 2460 9027  
 2405 9031 2413 9026 2420 9015 2423 9001 2426 8947 2435 8928 2462 8911  
 2470 8891  
L  2 2   14     0    00    00              94                           
 8413    0 8416   61 8288   96 8294  320 8112  154 7906  247 7888  309  
 7660  591 7610  687 7598  798 7706 1187 7713 1389 7760 1513 7758 1574  
 7605 1749 7604 1909 7443 1960 7307 2039 7262 2214 7190 2252 7064 2505  
 6945 2496 6844 2405 6661 2405 6609 2456 6559 2470 6457 2476 6335 2537  
 6258 2608 6161 2855 6169 2955 6362 3284 6362 3443 6274 3512 6179 3551  
 6075 3513 5963 3517 5735 3777 5728 3886 5763 4026 5750 4117 5739 4197  
 5733 4225 5818 4348 5837 4472 5758 4557 5622 4606 5364 4627 5339 4692  
 5344 4732 5483 4865 5518 4990 5512 5036 5414 5122 5195 5170 5092 5247  
 5150 5934 4855 6504 4650 6671 4169 7294 4154 7554 4114 7700 4048 7940  
 3960 7976 3796 7924 3564 7669 3426 7679 3271 7781 3207 7823 3170 7848  
 3081 8278 3014 8407 2902 8429 2736 8341 2706 8351 2770 8517 2778 8542  
 2781 8560 2780 8632 2777 8642 2742 8664 2731 8677 2708 8714 2698 8734  
 2683 8742 2632 8735 2619 8740 2602 8763 2586 8794 2573 8799 2514 8801  
 2502 8806 2487 8821 2480 8836  
L  2 2   15     0    00    00              93                           
 4382    0 4322   58 4297  153 4309  242 4328  467 4218  467 4199  389  
 4127  377 4137  533 3979  653 4022  713 4041  946 4185  952 4190 1042  
 4079 1048 4003 1174 3907 1180 3907  988 3840  970 3706  994 3692  773  
 3639  707 3491  659 3400  737 3247 1102 3252 1455 3156 1551 3199 1641  
 3209 1791 3046 1893 3017 1971 3055 2019 3261 1983 3328 2037 3352 2120  
 3204 2258 3140 2257 3087 2329 2894 2280 2918 2409 2831 2502 2698 2557  
 2543 2456 2412 2505 2400 2610 2348 2678 2252 2700 2141 2660 2159 2748  
 1948 2716 1948 2797 1911 2826 1879 2758 1814 2706 1700 2758 1700 2828  
 1632 2825 1408 2999 1303 3022 1185 3201 1098 3239 1038 3350  999 3317  
  987 3235  894 3286  875 3371  632 3482  603 3555  571 3636  501 3741  
  439 4153  499 4152  499 4207  445 4369  491 4407  536 4541  577 4605  
  608 4606  693 4714  655 4763  592 4707  542 4696  508 4666  498 4800  
  538 4907  536 4957  585 5017  844 5218 1102 5372 1332 5644 1364 5862  
 1597 5616 1769 5602  
L  2 2   16     0    00    00              90                           
 4382    0 4322   58 4297  153 4309  242 4328  467 4218  467 4199  389  
 4127  377 4137  533 3979  653 4022  713 4041  946 4185  952 4190 1042  
 4079 1048 4003 1174 3907 1180 3907  988 3840  970 3706  994 3692  773  
 3639  707 3491  659 3400  737 3247 1102 3252 1455 3156 1551 3199 1641  
 3209 1791 3046 1893 3017 1971 3055 2019 3261 1983 3328 2037 3352 2120  
 3204 2258 3140 2257 3087 2329 2894 2280 2918 2409 2831 2502 2698 2557  
 2543 2456 2412 2505 2400 2610 2348 2678 2252 2700 2141 2660 2159 2748  
 1948 2716 1948 2797 1911 2826 1879 2758 1814 2706 1700 2758 1700 2828  
 1632 2825 1408 2999 1303 3022 1185 3201 1098 3239 1038 3350  999 3317  
  987 3235  894 3286  875 3371  632 3482  603 3555  762 3798  945 3812  
 1037 3926 1117 3955 1311 3884 1609 3941 1735 4084 1700 4141 1643 4084  
 1563 4098 1563 4227 1689 4299 2009 4270 2124 4313 2238 4299 2261 4385  
 2101 4471 2124 4771 2261 4800 2272 4900 1941 5115 1860 5258  
L  2 2   17     0    00    00              32                           
 8413    0 8416   61 8288   96 8294  320 8112  154 7906  247 7888  309  
 7660  591 7610  687 7598  798 7706 1187 7713 1389 7760 1513 7758 1574  
 7822 1494 7765 1475 7742 1379 7746 1074 7709 1081 7694 1054 7530 1032  
 7495  984 7438  959 7420  930 7371  854 7312  848 7279  883 7237  845  
 7314  762 7236  660 7226  524 7188  474  
L  2 2   18     0    00    00              50                           
 8413    0 8416   61 8288   96 8294  320 8112  154 7906  247 7888  309  
 7660  591 7610  687 7598  798 7706 1187 7713 1389 7760 1513 7758 1574  
 7605 1749 7604 1909 7619 2028 7826 2120 7880 2231 7900 2693 7911 2803  
 7934 2857 7985 2933 7991 2887 8015 2892 8063 2934 8103 2936 8136 2990  
 8235 3023 8266 2989 8308 3036 8345 3042 8369 3069 8476 3076 8512 3109  
 8640 3012 8636 2961 8665 2977 8771 3010 8833 3019 9018 3041 9151 3038  
 9292 3016 9465 2983 9520 2975 9551 2989 9612 3019 9604 3032 9582 3053  
 9567 3058  
L  2 2   19     0    00    00              64                           
 8413    0 8416   61 8288   96 8294  320 8112  154 7906  247 7888  309  
 7660  591 7610  687 7598  798 7706 1187 7713 1389 7760 1513 7758 1574  
 7605 1749 7604 1909 7619 2028 7826 2120 7880 2231 7900 2693 7911 2803  
 7934 2857 7985 2933 7991 2887 8015 2892 8063 2934 8103 2936 8136 2990  
 8235 3023 8266 2989 8308 3036 8345 3042 8369 3069 8476 3076 8512 3109  
 8640 3012 8636 2961 8631 2920 8679 2923 8754 2987 8790 2976 8753 2937  
 8767 2892 8775 2903 8785 2944 8861 2958 8872 3001 8827 3080 8828 3146  
 8846 3150 8850 3075 8984 2957 8973 2904 9002 2901 9030 2932 9043 2976  
 9160 3080 9140 3113 9149 3146 9204 3147 9241 3187 9300 3125 9294 3112  
 9227 3116  
L  2 2   20     0    00    00              64                           
 8413    0 8416   61 8288   96 8294  320 8112  154 7906  247 7888  309  
 7660  591 7610  687 7598  798 7706 1187 7713 1389 7760 1513 7758 1574  
 7605 1749 7604 1909 7619 2028 7826 2120 7880 2231 7900 2693 7911 2803  
 7934 2857 7985 2933 7991 2887 8015 2892 8063 2934 8103 2936 8136 2990  
 8235 3023 8266 2989 8308 3036 8345 3042 8369 3069 8476 3076 8512 3109  
 8640 3012 8636 2961 8665 2977 8771 3010 8833 3019 9018 3041 9151 3038  
 9292 3016 9465 2983 9520 2975 9551 2989 9492 2999 9479 2951 9427 2963  
 9414 2933 9451 2903 9444 2865 9487 2840 9479 2821 9413 2832 9410 2866  
 9376 2873 9359 2916 9297 2932 9313 2974 9256 2995 9194 3009 9204 3048  
 9227 3068  
L  2 2   21     0    00    00               2                           
 6708    0 6701   57                                                    
L  2 2   22     0    00    00              61                           
 8413    0 8416   61 8288   96 8294  320 8112  154 7906  247 7888  309  
 7660  591 7610  687 7598  798 7706 1187 7713 1389 7760 1513 7758 1574  
 7605 1749 7604 1909 7619 2028 7826 2120 7880 2231 7900 2693 7911 2803  
 7934 2857 7985 2933 7991 2887 8015 2892 8063 2934 8103 2936 8136 2990  
 8235 3023 8266 2989 8308 3036 8345 3042 8369 3069 8476 3076 8512 3109  
 8640 3012 8636 2961 8665 2977 8771 3010 8833 3019 9018 3041 9151 3038  
 9292 3016 9465 2983 9520 2975 9551 2989 9612 3019 9669 3050 9700 3057  
 9726 3057 9742 3048 9758 3023 9777 2977 9820 2946 9851 2910 9891 2904  
 9890 2878 9858 2799 9879 2746 9926 2746 9956 2725  
L  2 2   23     0    00    00              47                           
 8413    0 8416   61 8288   96 8294  320 8112  154 7906  247 7888  309  
 7660  591 7610  687 7598  798 7706 1187 7713 1389 7760 1513 7758 1574  
 7605 1749 7604 1909 7619 2028 7826 2120 7880 2231 7900 2693 7911 2803  
 7934 2857 7985 2933 8079 3031 8107 3080 8134 3166 8146 3315 8191 3416  
 8166 3822 8230 4046 8292 4110 8367 4093 8446 4022 8486 3914 8552 3851  
 8624 3863 8658 3920 8640 4126 8615 4176 8675 4283 8765 4387 8969 4473  
 9203 4652 9490 4690 9724 4832 9853 5021 9989 5352  
M 503671            1    0   12    0    0  135                
H1 2    0   12    0    0  134 0101 0101                                 
L  2 2    1     0    00    00              10                           
    0 9128   79 9284   64 9426    0 9534    0 9673   57 9766  102 9804  
  208 9747  336 9870  489 9875  
L  2 2    2     0    00    00              59                           
    0 8604 1396 8742 1688 8822 1897 8948 1957 9019 1960 9143 2002 9197  
 2081 9212 2101 9258 2102 9355 2177 9503 2234 9487 2279 9445 2293 9491  
 2282 9628 2308 9640 2340 9522 2339 9409 2360 9314 2351 9216 2307 9183  
 2373 9173 2360 9007 2194 8810 2272 8647 2288 8551 2251 8487 2301 8487  
 2354 8593 2458 8382 2479 8227 2553 8137 2754 8062 2897 8087 2954 8036  
 2954 7796 3031 7594 3015 7375 3006 7253 3092 7022 3324 6706 3366 6564  
 3316 6381 3338 6256 3408 6232 3452 6272 3491 6450 3566 6568 3704 6530  
 3814 6416 3953 6440 4325 6613 4895 6473 5113 6537 5251 6533 5348 6559  
 5347 6312 5674 5934 5784 5720  
L  2 2    3     0    00    00              12                           
    0 8604 1396 8742 1688 8822 1897 8948 1957 9019 1960 9143 2002 9197  
 2081 9212 2101 9258 2102 9355 2177 9503 2304 9716  
L  2 2    4     0    00    00             141                           
 2026    0 1991   91 2040  161 2122  159 2180  214 2237  211 2289  143  
 2442  106 2479  158 2435  281 2305  416 2199  384 2071  445 2050  541  
 1921  706 1867  919 1867 1076 1907 1221 1984 1320 2084 1332 2151 1485  
 2237 1501 2292 1380 2362 1322 2646 1276 2782 1360 2800 1411 2877 1399  
 2958 1444 3090 1342 3138 1341 3284 1266 3346 1263 3476 1171 3461 1071  
 3482 1004 3767  810 3903  802 4064  864 4208 1303 4178 1560 4308 1998  
 4352 2119 4348 2187 4282 2212 4278 2253 4308 2262 4404 2276 4537 2314  
 4566 2347 4572 2405 4569 2502 4562 2541 4472 2702 4466 2742 4473 2907  
 4525 2904 4580 2875 4616 2788 4930 2467 4995 2442 5073 2447 5236 2528  
 5297 2584 5350 2590 5521 2579 5655 2615 5765 2642 5815 2709 5844 2764  
 5933 2764 6065 2682 6245 2667 6267 2702 6258 2756 6283 2831 6281 2902  
 6259 2954 6266 3003 6289 3012 6405 2913 6506 2898 6709 2697 6770 2572  
 7055 2467 7112 2382 7168 2416 7328 2388 7400 2326 7466 2388 7686 2412  
 7686 2521 7717 2556 7702 2669 7674 2694 7567 2678 7567 2776 7545 2839  
 7558 2972 7488 2961 7493 3077 7434 3168 7345 3238 7327 3305 7407 3435  
 7425 3505 7352 3685 7391 3716 7551 3600 7621 3634 7704 3642 7736 3616  
 7756 3544 7854 3536 7949 3442 8056 3417 8066 3433 8161 3584 8182 3618  
 8181 3728 8199 3780 8247 3846 8260 3906 8260 4016 8256 4077 7930 4594  
 7847 4704 7772 4776 7548 4930 7157 5133 6862 5210 6704 5205 6476 5150  
 6416 5161 6335 5252 6284 5273 6131 5281 6102 5304 5980 5527 5943 5551  
 5896 5647  
L  2 2    5     0    00    00              69                           
 2026    0 1991   91 2040  161 2122  159 2180  214 2237  211 2289  143  
 2442  106 2479  158 2435  281 2305  416 2199  384 2071  445 2050  541  
 1921  706 1867  919 1867 1076 1907 1221 1984 1320 2084 1332 2151 1485  
 2237 1501 2292 1380 2362 1322 2646 1276 2782 1360 2800 1411 2877 1399  
 2958 1444 3090 1342 3138 1341 3284 1266 3346 1263 3476 1171 3461 1071  
 3482 1004 3767  810 3903  802 4064  864 4208 1303 4178 1560 4308 1998  
 4352 2119 4348 2187 4282 2212 4278 2253 4308 2262 4404 2276 4537 2314  
 4566 2347 4572 2405 4569 2502 4562 2541 4472 2702 4466 2742 4473 2907  
 4525 2904 4580 2875 4616 2788 4930 2467 4995 2442 5073 2447 5236 2528  
 5297 2584 5350 2590 5521 2579 5655 2615 5765 2642 5638 2543  
L  2 2    6     0    00    00              71                           
 2026    0 1991   91 2040  161 2122  159 2180  214 2237  211 2289  143  
 2442  106 2479  158 2435  281 2305  416 2199  384 2071  445 2050  541  
 1921  706 1867  919 1867 1076 1907 1221 1984 1320 2084 1332 2151 1485  
 2237 1501 2292 1380 2362 1322 2646 1276 2782 1360 2800 1411 2877 1399  
 2958 1444 3090 1342 3138 1341 3284 1266 3346 1263 3476 1171 3461 1071  
 3482 1004 3767  810 3903  802 4064  864 4208 1303 4178 1560 4308 1998  
 4352 2119 4348 2187 4282 2212 4278 2253 4308 2262 4404 2276 4537 2314  
 4566 2347 4572 2405 4569 2502 4562 2541 4472 2702 4466 2742 4473 2907  
 4525 2904 4562 2788 4594 2723 4590 2610 4685 2515 4714 2466 4710 2426  
 4753 2337 4792 2371 4884 2269 4993 2250 5178 2300 5280 2383 5495 2405  
 5570 2453  
L  2 2    7     0    00    00             166                           
 2026    0 1991   91 2040  161 2122  159 2180  214 2237  211 2289  143  
 2442  106 2479  158 2435  281 2305  416 2199  384 2071  445 2050  541  
 1921  706 1867  919 1867 1076 1907 1221 1984 1320 2084 1332 2151 1485  
 2237 1501 2292 1380 2362 1322 2646 1276 2782 1360 2800 1411 2877 1399  
 2958 1444 3090 1342 3138 1341 3284 1266 3346 1263 3476 1171 3461 1071  
 3482 1004 3767  810 3903  802 4064  864 4208 1303 4178 1560 4308 1998  
 4352 2119 4348 2187 4282 2212 4278 2253 4308 2262 4404 2276 4537 2314  
 4566 2347 4572 2405 4569 2502 4562 2541 4472 2702 4466 2742 4473 2907  
 4525 2904 4580 2875 4616 2788 4930 2467 4995 2442 5073 2447 5236 2528  
 5297 2584 5350 2590 5521 2579 5655 2615 5765 2642 5815 2709 5844 2764  
 5933 2764 6065 2682 6245 2667 6267 2702 6258 2756 6283 2831 6281 2902  
 6259 2954 6266 3003 6289 3012 6405 2913 6506 2898 6709 2697 6770 2572  
 7055 2467 7112 2382 7168 2416 7328 2388 7400 2326 7466 2388 7686 2412  
 7686 2521 7717 2556 7702 2669 7674 2694 7567 2678 7567 2776 7545 2839  
 7558 2972 7488 2961 7493 3077 7434 3168 7345 3238 7327 3305 7407 3435  
 7425 3505 7352 3685 7391 3716 7551 3600 7621 3634 7704 3642 7736 3616  
 7756 3544 7854 3536 7949 3442 8056 3417 8066 3433 8161 3584 8182 3618  
 8181 3728 8199 3780 8247 3846 8260 3906 8260 4016 8256 4077 7930 4594  
 7847 4704 7772 4776 7548 4930 7157 5133 6862 5210 6704 5205 6476 5150  
 6416 5161 6494 5201 6523 5339 6652 5453 6708 5439 6761 5580 6916 5658  
 6967 5622 7100 5769 7105 5884 7169 5903 7202 5870 7236 5859 7419 5961  
 7619 5984 7694 5960 7705 5938 7720 5914 7735 5916 7744 5944 7762 5947  
 7771 5928 7748 5865 7672 5797 7637 5748 7613 5672 7609 5642 7536 5503  
 7473 5295 7530 5166 7667 5123 7736 5252 7770 5381  
L  2 2    8     0    00    00             121                           
    0 8604 1396 8742 1688 8822 1897 8948 1957 9019 1960 9143 2002 9197  
 2081 9212 2101 9258 2102 9355 2177 9503 2234 9487 2279 9445 2293 9491  
 2282 9628 2308 9640 2340 9522 2339 9409 2360 9314 2351 9216 2307 9183  
 2373 9173 2360 9007 2194 8810 2272 8647 2288 8551 2251 8487 2301 8487  
 2354 8593 2458 8382 2479 8227 2553 8137 2754 8062 2897 8087 2954 8036  
 2954 7796 3031 7594 3015 7375 3006 7253 3092 7022 3324 6706 3366 6564  
 3316 6381 3338 6256 3408 6232 3452 6272 3491 6450 3566 6568 3704 6530  
 3814 6416 3953 6440 4325 6613 4895 6473 5113 6537 5251 6533 5348 6559  
 5518 6572 5760 6462 5864 6357 5998 6277 6215 6230 6281 6180 6375 6163  
 6509 6261 6754 6621 6742 6833 6846 7146 7088 7484 7318 7526 7414 7642  
 7398 7788 7312 7922 7331 8036 7178 8385 7186 8454 7240 8519 7247 8584  
 7166 8966 7085 9222 7057 9262 6808 9309 6806 9454 6831 9487 6924 9495  
 7051 9692 7091 9798 7161 9892 7216 9888 7634 9704 7692 9636 7718 9578  
 7718 9418 7638 9346 7653 9253 7735 9197 7899 9169 7948 9144 7964 9111  
 7930 8904 7941 8865 8165 8571 8273 8500 8379 8479 8474 8405 8390 8348  
 8414 8328 8524 8337 8992 8200 9060 8157 9130 8180 9184 8146 9225 8176  
 9250 8227 9241 8282 9276 8295 9342 8200 9639 8239 9698 8193 9738 8155  
 9920 8127 9969 8126  
L  2 2    9     0    00    00              18                           
    0 2768   10 2778   46 2759   50 2677   62 2647  112 2697  257 2610  
  330 2633  340 2692  366 2700  428 2575  538 2522  533 2456  585 2358  
  685 2312  763 2311  790 2418  832 2490  
L  2 2   10     0    00    00              45                           
 2026    0 1991   91 2040  161 2122  159 2180  214 2237  211 2289  143  
 2442  106 2479  158 2435  281 2305  416 2199  384 2071  445 2050  541  
 1921  706 1867  919 1867 1076 1907 1221 1707 1338 1505 1331 1433 1359  
 1280 1569 1222 1700 1152 1761 1011 1801  905 1909  769 1910  702 1944  
  671 2009  502 2188  576 2171  580 2193  519 2218  480 2273  345 2347  
  350 2394  507 2341  554 2282  638 2265  659 2216  732 2189  742 2235  
  842 2314  818 2366  849 2485  
L  2 2   11     0    00    00              53                           
    0 5360  109 5437  185 5682  351 5796  487 5966  525 6165  562 6373  
  562 6580  502 6779  525 6892  661 6892  834 6335  827 6155  970 6117  
 1084 5815 1219 5635 1401 5626 1506 5682 1537 5777 1544 5928 1627 5985  
 1514 6146 1499 6259 1438 6344 1476 6448 1582 6458 1605 6533 1469 6684  
 1491 6760 1552 6788 1529 7015 1650 7034 1944 6628 1997 6373 2095 6202  
 2239 6155 2337 6127 2352 6013 2473 5966 2533 5796 2609 5739 2836 5720  
 2828 5853 2934 5985 2934 6127 3032 6250 3024 6486 2745 6760 2745 6864  
 2888 6874 2919 6949 2873 7053 2866 7289  
L  2 2   12     0    00    00              39                           
    0 8604 1396 8742 1688 8822 1897 8948 1957 9019 1960 9143 2002 9197  
 2081 9212 2101 9258 2102 9355 2177 9503 2234 9487 2279 9445 2293 9491  
 2282 9628 2308 9640 2340 9522 2339 9409 2360 9314 2351 9216 2307 9183  
 2373 9173 2360 9007 2194 8810 2272 8647 2288 8551 2251 8487 2301 8487  
 2354 8593 2458 8382 2479 8227 2553 8137 2754 8062 2897 8087 2954 8036  
 2954 7796 3031 7594 3015 7375 2903 7384  
M 503672            1    0    5    0    0   24                
H1 2    0    5    0    0   23 0101 0101                                 
L  2 2    1     0    00    00              23                           
    0 8143    2 8144   48 8169   79 8189  100 8207  112 8219  162 8273  
  208 8339  242 8401  262 8450  285 8512  306 8602  400 9092  449 9311  
  455 9345  479 9370  495 9418  535 9473  555 9663  517 9720  409 9771  
  453 9829  456 9896  
L  2 2    2     0    00    00              32                           
    0 8143    2 8144   48 8169   79 8189  100 8207  112 8219  162 8273  
  208 8339  242 8401  262 8450  285 8512  306 8602  400 9092  449 9311  
  460 9306  496 9302  528 9290  602 9283  609 9247  563 9172  563 9136  
  580 9100  689 9050  760 8992  762 8941  722 8913  672 8932  629 8978  
  565 8998  477 9058  439 9061  353 9019  
L  2 2    3     0    00    00              39                           
    0 8143    2 8144   48 8169   79 8189  100 8207  141 8170  144 8139  
  138 8122  138 8088  160 8064  184 8068  232 8110  240 8128  169 8248  
  180 8277  229 8285  261 8309  356 8311  438 8293  451 8299  482 8355  
  505 8370  554 8371  551 8403  514 8452  431 8437  423 8466  426 8488  
  511 8535  530 8572  560 8689  530 8705  494 8791  493 8851  448 8906  
  425 8917  334 8911  317 8937  321 8963  
L  2 2    4     0    00    00               6                           
    0 8143    2 8144   48 8169   79 8189  100 8207   81 8234            
L  2 2    5     0    00    00               4                           
    0 8125   14 8125   49 8160   63 8221                                
