M 513600            1    0    1    0    0    4                
H1 2    0    1    0    0    3 0101 0101                                 
L  2 2    1     0    00    00               1                           
  726    0                                                              
M 513601            1    0    1    0    0    4                
H1 2    0    1    0    0    3 0101 0101                                 
L  2 2    1     0    00    00               1                           
 2468    0                                                              
M 513602            1    0    1    0    0    4                
H1 2    0    1    0    0    3 0101 0101                                 
L  2 2    1     0    00    00               1                           
  519    0                                                              
