M 303650‰«ƒm’¹“‡              2    3    3    3    1   19                
H2 1    3    3    3    0   15 0506 0506                                 
N  1 2    1 5776  443 0 2    1   -1    0    0    0    0    0    0    0  
N  1 2    2 6681  484 0 2    2   -2    0    0    0    0    0    0    0  
N  1 1    310000    0 1 2   -3    3    0    0    0    0    0    0    0  
L  1 5    1     0    10    101342199999     5                           
 5776  443 5786  443 5785  456 5775  456 5776  443                      
L  1 5    2     0    20    201342199999     5                           
 6681  484 6689  484 6690  501 6682  500 6681  484                      
L  1 9    3     9    31    318888899999     5                           
10000    0    0    0    010000100001000010000    0                      
A  113421    1 5780  450   1                                            
   -1                                                                   
A  113421    2 6685  492   1                                            
   -2                                                                   
A  199999    3 5000 4745   5                                            
    3    0    1    0    2                                               
H1 7    0    0    0    1    2 0506 0506                                 
P  7 7    1 5780  451 0 1                                               
01 4 5780  451              00  ‰«ƒm’¹“‡                                
