M 365337“ì’¹“‡                2    2    2    2    1   22                
H2 1    2    2    2    0   18 0506 0506                                 
N  1 2    1 8903 4115 0 2    1   -1    0    0    0    0    0    0    0  
N  1 1    210000    0 1 2   -2    2    0    0    0    0    0    0    0  
L  1 5    1     0    10    101342199999    60                           
 8903 4115 8884 4210 8851 4404 8831 4502 8823 4586 8825 4663 8814 4760  
 8794 4860 8780 5019 8779 5188 8769 5341 8771 5385 8790 5576 8791 5641  
 8780 5684 8756 5704 8710 5728 8696 5726 8679 5715 8624 5655 8601 5623  
 8508 5430 8464 5322 8336 5099 8228 4932 8158 4832 8050 4714 7965 4614  
 7908 4562 7854 4500 7828 4463 7788 4415 7703 4288 7651 4194 7646 4178  
 7646 4159 7666 4141 7682 4131 7695 4118 7715 4111 7851 4089 7991 4049  
 8100 3998 8164 3978 8266 3916 8345 3874 8398 3842 8454 3796 8559 3739  
 8653 3709 8740 3694 8765 3695 8809 3714 8857 3751 8876 3771 8894 3805  
 8910 3866 8925 3985 8907 4085 8903 4115                                
L  1 9    2     9    21    218888899999     5                           
10000    0    0    0    010000100001000010000    0                      
A  113421    1 8433 4710   1                                            
   -1                                                                   
A  199999    2 4106 4910   3                                            
    2    0    1                                                         
H1 7    0    0    0    1    2 0506 0506                                 
P  7 7    1 8154 4622 0 1                                               
01 3 8154 4622              00  “ì’¹“‡                                  
