M 372405낸[늲                3    4    9    3    2   56                
H2 1    4    6    3    0   42 0506 0506                                 
N  1 1    1 7727    0 1 3    1   -2   -5    0    0    0    0    0    0  
N  1 1    2 3833    0 1 3    2   -1    4    0    0    0    0    0    0  
N  1 1    3 500610000 1 3    6   -4    3    0    0    0    0    0    0  
N  1 1    4 611910000 1 3    5   -6   -3    0    0    0    0    0    0  
L  1 5    1     0    11    214737599999    98                           
 7727    0 7692   35 7640   66 7599  111 7588  137 7571  151 7520  211  
 7380  347 7338  377 7312  389 7254  423 7186  460 7034  510 6932  567  
 6764  638 6690  677 6663  686 6621  690 6509  723 6413  766 6308  788  
 6269  806 6248  827 6220  827 6197  838 6085  907 6042  927 5973  943  
 5864  984 5821  995 5682 1025 5613 1017 5564 1033 5514 1047 5494 1084  
 5486 1074 5480 1038 5475 1034 5403 1030 5347 1021 5297  998 5225  956  
 5122  917 5029  869 4991  831 4970  826 4961  815 4946  807 4908  804  
 4880  791 4867  775 4850  769 4752  756 4678  735 4649  740 4622  737  
 4573  708 4555  685 4521  690 4479  677 4461  688 4448  683 4442  664  
 4440  665 4425  688 4414  683 4412  664 4425  626 4419  616 4409  615  
 4400  620 4388  616 4375  585 4356  598 4351  592 4341  566 4327  561  
 4318  564 4310  575 4302  579 4296  561 4304  530 4303  519 4263  495  
 4243  505 4231  490 4222  463 4209  448 4200  423 4201  403 4198  392  
 4187  380 4176  373 4169  360 4093  287 3969  167 3870   52 3833    0  
L  1 9    2     9    21    114737588888     2                           
 3833    0 7727    0                                                    
L  1 5    3     0    31    414737599999    55                           
 500610000 5062 9968 5088 9945 5132 9893 5209 9813 5242 9768 5259 9749  
 5286 9730 5296 9713 5322 9679 5380 9663 5484 9628 5521 9609 5549 9584  
 5607 9548 5674 9495 5692 9485 5722 9475 5746 9462 5791 9427 5828 9390  
 5852 9371 5950 9309 5965 9267 5989 9233 6004 9233 6021 9245 6064 9231  
 6084 9219 6135 9199 6211 9178 6221 9179 6228 9190 6251 9352 6258 9383  
 6272 9410 6281 9419 6293 9419 6316 9392 6328 9395 6332 9404 6334 9430  
 6326 9446 6319 9452 6305 9453 6292 9440 6287 9438 6275 9453 6196 9611  
 6150 9757 6110 9871 6105 9908 6110 9927 6109 9945 611910000            
L  1 9    4     9    21    318888899999     4                           
 3833    0    0    0    010000 500610000                                
L  1 9    5     9    41    118888899999     4                           
 611910000100001000010000    0 7727    0                                
L  1 9    6     9    31    418888847375     2                           
 500610000 611910000                                                    
A  199999    1 5000 4854   4                                            
    1    4    3    5                                                    
A  147375    2 5641  540   2                                            
   -2   -1                                                              
A  147375    3 5876 9588   2                                            
    6   -3                                                              
H1 2    0    3    0    0    8 0506 0506                                 
L  2 4    1     0    00    00               8                           
 5923  175 5952  234 5973  291 6016  255 6122  421 6188  578 6208  706  
 6226  765                                                              
L  2 4    2     0    00    00              13                           
 6226  765 6147  825 6070  868 5764  977 5454  996 5307  957 4928  748  
 4560  668 4400  520 4361  332 4184  168 4144  106 4127    0            
L  2 4    3     0    00    00               2                           
 6226  765 6237  802                                                    
H1 7    0    0    0    2    3 0506 0506                                 
P  7 1    1 5999  287 0 1                                               
01 4 5999  287              00  놓킑놐                                
P  753    2 5888  133 0 0                                               
M 372415낸[                  2    2    3    2    1   25                
H2 1    2    3    2    0   21 0506 0506                                 
N  1 1    1 6119    0 1 3    1   -3   -2    0    0    0    0    0    0  
N  1 1    2 5006    0 1 3    3   -1    2    0    0    0    0    0    0  
L  1 5    1     0    11    214737599999    64                           
 6119    0 6120   43 6105   90 6088  154 6079  233 6073  260 6061  278  
 6054  315 6042  330 6026  338 6000  342 5935  341 5899  350 5875  321  
 5843  312 5831  318 5785  371 5758  420 5748  451 5720  510 5670  593  
 5604  691 5565  769 5520  844 5465  900 5430  971 5366 1056 5297 1166  
 5267 1196 5223 1212 5194 1209 5156 1199 5098 1187 4946 1140 4868 1126  
 4803 1110 4767 1079 4727 1027 4679  986 4627  955 4575  904 4519  868  
 4467  849 4443  835 4419  810 4341  751 4317  719 4312  697 4319  659  
 4358  579 4400  524 4430  501 4514  421 4598  350 4622  323 4636  296  
 4656  266 4698  245 4731  220 4785  187 4852  143 4908   97 4968   34  
 5006    0                                                              
L  1 9    2     9    21    118888899999     6                           
 5006    0    0    0    010000100001000010000    0 6119    0            
L  1 9    3     9    21    114737588888     2                           
 5006    0 6119    0                                                    
A  199999    1 5000 4390   2                                            
    1    2                                                              
A  147375    2 5004  604   2                                            
   -3   -1                                                              
H1 7    0    0    0    1    2 0506 0506                                 
P  7 7    1 5500    0 0 1                                               
01 3 5500    0              00  낸[늲                                  
