M 383151“ì‘å                  3    2    6    2    1   51                
H2 1    2    3    2    0   40 0506 0506                                 
N  1 1    1 720810000 1 3    1   -2    3    0    0    0    0    0    0  
N  1 1    210000 7765 1 3   -3   -1    2    0    0    0    0    0    0  
L  1 5    1     0    11    214735799999   199                           
 720810000 7192 9921 7201 9871 7191 9820 7190 9777 7193 9713 7187 9677  
 7191 9652 7175 9610 7173 9569 7172 9550 7157 9505 7158 9482 7143 9471  
 7138 9438 7129 9397 7118 9332 7100 9302 7088 9267 7074 9227 7056 9171  
 7042 9122 7025 9073 7015 9043 6995 8986 6976 8940 6961 8909 6944 8889  
 6932 8877 6929 8856 6911 8839 6895 8818 6889 8792 6872 8741 6873 8708  
 6869 8655 6875 8617 6888 8587 6903 8549 6911 8524 6937 8512 6953 8505  
 6960 8497 6969 8482 6974 8445 7003 8408 7031 8390 7055 8362 7080 8337  
 7121 8300 7148 8266 7174 8243 7198 8228 7212 8201 7235 8177 7256 8162  
 7277 8136 7296 8113 7317 8085 7344 8056 7355 8057 7376 8039 7416 7993  
 7444 7954 7464 7931 7484 7926 7496 7933 7515 7912 7521 7893 7549 7878  
 7582 7855 7596 7824 7624 7784 7654 7761 7687 7745 7713 7728 7735 7702  
 7749 7677 7773 7657 7783 7652 7800 7643 7838 7620 7861 7610 7874 7591  
 7884 7581 7899 7587 7925 7584 7961 7565 7978 7556 7992 7551 8022 7536  
 8042 7515 8056 7491 8075 7468 8093 7456 8107 7453 8137 7440 8169 7428  
 8201 7417 8226 7409 8249 7399 8274 7377 8309 7357 8321 7353 8327 7353  
 8338 7359 8358 7366 8377 7380 8383 7389 8414 7389 8428 7384 8438 7382  
 8451 7363 8453 7355 8463 7344 8484 7347 8505 7352 8510 7353 8521 7347  
 8524 7333 8529 7334 8538 7334 8549 7338 8558 7344 8573 7358 8575 7366  
 8582 7377 8585 7385 8608 7380 8639 7368 8652 7368 8675 7370 8709 7375  
 8722 7389 8741 7403 8763 7419 8784 7431 8800 7433 8819 7423 8835 7416  
 8858 7404 8887 7394 8916 7385 8947 7381 8974 7381 8994 7383 9019 7391  
 9030 7396 9040 7401 9057 7409 9086 7414 9116 7419 9124 7424 9151 7430  
 9180 7435 9208 7441 9231 7445 9250 7446 9266 7452 9284 7456 9314 7468  
 9340 7487 9356 7505 9372 7525 9388 7527 9407 7524 9413 7519 9418 7527  
 9425 7544 9439 7546 9459 7563 9478 7588 9499 7597 9512 7597 9524 7588  
 9532 7582 9548 7594 9579 7617 9600 7623 9630 7635 9665 7648 9676 7652  
 9698 7654 9720 7654 9737 7666 9747 7677 9769 7688 9786 7692 9810 7687  
 9829 7683 9840 7695 9860 7715 9877 7731 9902 7742 9930 7755 9959 7766  
 9978 7769 9993 776810000 7765                                          
L  1 9    2     9    21    118888899999     5                           
10000 776510000    0    0    0    010000 720810000                      
L  1 9    3     9    11    218888847357     3                           
 720810000100001000010000 7765                                          
A  199999    1 3437 8618   2                                            
    1    2                                                              
A  147357    2 8435 8656   2                                            
    3   -1                                                              
H1 2    0    3    0    0    7 0506 0506                                 
L  2 4    1     0    00    00              13                           
 8456 7501 8475 7548 8462 7966 8433 8104 8354 8155 8297 8256 8365 8365  
 8362 8641 8399 8852 8386 9025 8357 9165 8303 9249 8283 9397            
L  2 4    2     0    00    00               4                           
 8283 9397 8558 9513 8666 9626 891410000                                
L  2 4    3     0    00    00               5                           
 812110000 8119 9833 8089 9735 8184 9640 8283 9397                      
H1 7    0    0    0    1    1 0506 0506                                 
P  753    1 8244 9400 0 0                                               
M 383152“ì‘å“Œ“‡              1    2    3    2    0   17                
H2 1    2    3    2    0   16 0506 0506                                 
N  1 1    1    0 7765 1 3    1   -2    3    0    0    0    0    0    0  
N  1 1    2 110310000 1 3    2   -3   -1    0    0    0    0    0    0  
L  1 5    1     0    11    214735799999    30                           
    0 7765   41 7886  148 7896  182 7907  212 7923  255 7964  320 7997  
  344 8024  381 8085  391 8097  460 8194  501 8260  577 8355  679 8482  
  717 8542  761 8592  866 8764  934 8938  960 8973 1004 9035 1048 9128  
 1079 9229 1097 9315 1151 9518 1159 9576 1163 9678 1160 9753 1147 9836  
 1116 9921 110310000                                                    
L  1 9    2     9    21    118888899999     5                           
 110310000100001000010000    0    0    0    0 7765                      
L  1 9    3     9    11    218888847357     3                           
    0 7765    010000 110310000                                          
A  199999    1 5000 4656   2                                            
    1    2                                                              
A  147357    2  458 8891   2                                            
    3   -1                                                              
M 383161“ì‘å“Œ“‡              3    2    7    2    1   40                
H2 1    2    3    2    0   24 0506 0506                                 
N  1 1    110000 4525 1 3    1   -3   -2    0    0    0    0    0    0  
N  1 1    2 7208    0 1 3    3   -1    2    0    0    0    0    0    0  
L  1 5    1     0    11    214735799999    89                           
10000 4525 9942 4535 9923 4534 9883 4553 9763 4555 9677 4546 9581 4554  
 9405 4565 9255 4569 9135 4583 9047 4596 8987 4603 8942 4591 8904 4573  
 8874 4545 8858 4542 8831 4548 8762 4553 8725 4567 8682 4577 8659 4565  
 8640 4563 8602 4569 8572 4561 8474 4518 8237 4440 8192 4437 8155 4427  
 8111 4406 8084 4377 7989 4353 7935 4325 7922 4321 7887 4339 7861 4349  
 7817 4343 7795 4331 7720 4239 7680 4195 7614 4153 7595 4121 7515 4025  
 7455 3960 7421 3916 7373 3836 7361 3790 7345 3689 7341 3626 7353 3582  
 7368 3541 7376 3473 7386 3427 7411 3170 7442 3062 7442 3028 7416 2775  
 7394 2671 7268 2250 7219 2057 7177 1896 7139 1662 7146 1573 7144 1567  
 7131 1490 7131 1452 7124 1404 7116 1392 7111 1359 7122 1318 7133 1302  
 7137 1286 7128 1243 7112 1117 7114 1096 7121 1068 7119 1063 7115  796  
 7122  755 7139  724 7139  661 7143  625 7143  544 7152  453 7152  416  
 7156  384 7156  185 7172  103 7163   58 7208    0                      
L  1 9    2     9    21    118888899999     5                           
 7208    0    0    0    010000100001000010000 4525                      
L  1 9    3     9    21    114735788888     3                           
 7208    010000    010000 4525                                          
A  199999    1 5000 4851   2                                            
    1    2                                                              
A  147357    2 8643 2310   2                                            
   -3   -1                                                              
H1 2    0    4    0    0   11 0506 0506                                 
L  2 4    1     0    00    00               7                           
 9220  174 9237  407 9289  705 9371  730 9425  842 9435  897 9416  952  
L  2 4    2     0    00    00               4                           
 8914    0 8933   28 9087  138 9220  174                                
L  2 4    3     0    00    00              22                           
 8716 4524 8771 4527 8765 4486 8702 4466 8691 4448 8712 4337 8680 4203  
 8690 3571 8530 3403 8479 3295 8277 3215 8112 3066 7961 2728 7933 2427  
 7815 2060 7808 1457 7761  987 7826  669 7930  480 8081  334 8124  258  
 8121    0                                                              
L  2 4    4     0    00    00               5                           
 9220  174 9536  244 9701  248 9752  23310000  232                      
H1 7    0    0    0    1    2 0506 0506                                 
P  7 1    1 8667 2000 0 1                                               
01 4 8667 2000              00  “ì‘å“Œ‘º                                
M 383162“ì‘å                  3    2    4    2    1   29                
H2 1    2    3    2    0   21 0506 0506                                 
N  1 1    1 1103    0 1 3    1    3   -2    0    0    0    0    0    0  
N  1 1    2    0 4525 1 3    2   -3   -1    0    0    0    0    0    0  
L  1 5    1     0    11    214735799999    69                           
 1103    0 1099   39 1101  183 1114  302 1123  341 1141  378 1142  413  
 1151  489 1152  521 1161  571 1210  775 1230  871 1243  913 1299 1155  
 1327 1268 1363 1365 1380 1457 1394 1519 1432 1631 1467 1693 1476 1726  
 1499 1827 1535 1931 1571 2011 1601 2115 1630 2261 1631 2307 1621 2375  
 1613 2460 1601 2506 1570 2577 1558 2615 1542 2719 1484 2879 1384 3110  
 1271 3374 1225 3465 1182 3525 1156 3571 1127 3614 1106 3654 1085 3705  
 1040 3803 1028 3839 1012 3876  988 3915  959 3948  909 3996  799 4116  
  773 4138  755 4142  740 4136  732 4145  686 4186  626 4220  520 4296  
  462 4321  426 4344  396 4368  368 4383  330 4399  294 4418  262 4441  
  225 4448  194 4464  175 4483  152 4494   64 4509    0 4525            
L  1 9    2     9    21    118888899999     5                           
    0 4525    010000100001000010000    0 1103    0                      
L  1 9    3     9    11    218888847357     3                           
 1103    0    0    0    0 4525                                          
A  199999    1 5000 4923   2                                            
    1    2                                                              
A  147357    2  815 2262   2                                            
    3   -1                                                              
H1 2    0    1    0    0    3 0506 0506                                 
L  2 4    1     0    00    00              11                           
    0  232  349  230  388  262  450  366  797  398  908  419  970  454  
 1024  856  995  967 1029 1254 1026 1338                                
H1 7    0    0    0    1    2 0506 0506                                 
P  7 7    1    0    0 0 1                                               
01 4    0    0              00  “ì‘å“Œ“‡                                
M 383172–k‘å“Œ“‡              3    2    3    2    3   45                
H2 1    2    2    2    0   32 0506 0506                                 
N  1 2    1 4195 1344 0 2    1   -1    0    0    0    0    0    0    0  
N  1 1    210000    0 1 2   -2    2    0    0    0    0    0    0    0  
L  1 5    1     0    10    104735899999   160                           
 4195 1344 4280 1302 4311 1299 4346 1291 4412 1283 4494 1282 4599 1279  
 4746 1281 4805 1295 4853 1301 4902 1304 5007 1323 5037 1334 5100 1365  
 5157 1376 5226 1386 5277 1398 5342 1439 5383 1482 5407 1504 5446 1532  
 5494 1561 5520 1584 5603 1701 5643 1881 5662 1971 5671 2068 5672 2144  
 5692 2222 5699 2281 5721 2356 5762 2467 5805 2616 5821 2645 5836 2661  
 5855 2693 5878 2757 5935 2896 5966 2953 6007 3045 6019 3106 6075 3305  
 6121 3445 6129 3486 6163 3593 6168 3621 6173 3690 6204 3736 6217 3765  
 6246 3824 6283 3897 6325 4026 6330 4062 6321 4141 6309 4174 6271 4249  
 6250 4278 6220 4305 6178 4336 5984 4431 5847 4508 5724 4572 5675 4610  
 5563 4644 5518 4652 5338 4673 5234 4666 5163 4666 5087 4645 5005 4630  
 4960 4608 4931 4599 4875 4604 4802 4591 4658 4577 4550 4581 4506 4579  
 4368 4587 4260 4590 4215 4602 3961 4684 3844 4723 3650 4804 3557 4832  
 3466 4868 3380 4890 3184 4963 3117 5008 2890 5136 2818 5169 2797 5174  
 2772 5186 2732 5188 2706 5199 2644 5233 2619 5240 2594 5229 2566 5197  
 2538 5136 2514 5017 2484 4834 2473 4654 2477 4599 2496 4443 2487 4385  
 2496 4371 2498 4354 2505 4333 2516 4328 2510 4301 2509 4240 2517 4207  
 2515 4145 2518 4102 2526 4061 2535 3979 2548 3907 2567 3757 2577 3711  
 2609 3502 2640 3401 2679 3241 2725 3135 2807 2881 2824 2841 2862 2799  
 2872 2775 2890 2702 2925 2657 2938 2631 3036 2501 3056 2461 3067 2415  
 3082 2379 3091 2338 3105 2290 3132 2249 3190 2128 3207 2098 3251 2049  
 3295 1972 3324 1937 3349 1912 3398 1836 3458 1781 3500 1747 3563 1709  
 3601 1664 3643 1632 3681 1583 3723 1544 3787 1518 3807 1514 3817 1504  
 3843 1500 3961 1431 4034 1398 4119 1350 4188 1321 4195 1344            
L  1 9    2     9    21    218888899999     5                           
10000    0    0    0    010000100001000010000    0                      
A  147358    1 4368 3240   1                                            
   -1                                                                   
A  199999    2 8031 3258   3                                            
    2    0    1                                                         
H1 2    0    1    0    0    5 0506 0506                                 
L  2 4    1     0    00    00              23                           
 4166 3117 4135 3178 3995 3288 3929 3268 3852 3295 3759 3308 3659 3353  
 3471 3594 3460 3716 3429 3809 3482 3944 3485 3992 3353 4240 3171 4326  
 3102 4400 3027 4471 2963 4474 2919 4454 2860 4454 2823 4349 2674 4342  
 2597 4412 2517 4418                                                    
H1 7    0    0    0    3    5 0506 0506                                 
P  7 1    1 4178 2298 0 1                                               
01 4 4178 2298              00  –k‘å“Œ‘º                                
P  7 7    2 4812 3996 0 1                                               
01 4 4812 3996              00  –k‘å“Œ“‡                                
P  753    3 3577 3400 0 0                                               
