M 384102–k—°‰©“‡              1    2    3    2    0   16                
H2 1    2    3    2    0   15 0506 0506                                 
N  1 1    1 222810000 1 3    1   -2    3    0    0    0    0    0    0  
N  1 1    2 323410000 1 3    2   -3   -1    0    0    0    0    0    0  
L  1 5    1     0    11    211342199999    23                           
 222810000 2232 9930 2249 9899 2274 9864 2322 9812 2393 9775 2471 9749  
 2511 9744 2588 9761 2623 9765 2654 9762 2741 9761 2778 9768 2815 9779  
 2860 9795 2902 9817 2934 9839 2981 9891 3023 9918 3048 9922 3162 9958  
 3216 9982 323410000                                                    
L  1 9    2     9    21    118888899999     6                           
 323410000100001000010000    0    0    0    010000 222810000            
L  1 9    3     9    11    218888813421     2                           
 222810000 323410000                                                    
A  199999    1 5000 4870   2                                            
    1    2                                                              
A  113421    2 2616 9872   2                                            
    3   -1                                                              
M 384112–k—°‰©“‡              2    2    3    2    1   30                
H2 1    2    3    2    0   26 0506 0506                                 
N  1 1    1 3234    0 1 3    1   -3   -2    0    0    0    0    0    0  
N  1 1    2 2228    0 1 3    3   -1    2    0    0    0    0    0    0  
L  1 5    1     0    11    211342199999   101                           
 3234    0 3268   36 3318   77 3424  136 3451  171 3468  204 3651  534  
 3668  551 3682  576 3699  643 3703  686 3702  761 3686  870 3693  911  
 3687  951 3669 1011 3658 1024 3652 1052 3636 1206 3617 1306 3618 1321  
 3618 1421 3605 1469 3603 1514 3609 1556 3638 1652 3650 1750 3663 1835  
 3677 1876 3672 1937 3636 2169 3617 2208 3591 2234 3559 2256 3515 2295  
 3482 2344 3463 2388 3446 2442 3433 2497 3428 2551 3432 2596 3440 2634  
 3444 2692 3437 2767 3423 2820 3394 2893 3328 3002 3313 3040 3306 3125  
 3288 3159 3252 3190 3215 3210 3068 3279 3054 3290 3040 3310 3019 3321  
 2969 3333 2905 3366 2871 3372 2822 3361 2786 3344 2660 3271 2623 3247  
 2590 3215 2504 3105 2483 3072 2418 2927 2385 2884 2306 2799 2184 2614  
 2110 2489 2078 2384 2047 2230 2046 2181 2048 2134 2042 2085 2032 2041  
 2026 1981 2034 1783 2035 1589 2025 1561 2016 1495 2002 1429 1991 1229  
 2003 1021 2011  968 2051  768 2065  659 2079  600 2107  528 2146  412  
 2166  306 2152  302 2120  283 2122  262 2128  259 2157  276 2168  278  
 2171  275 2219   67 2228    0                                          
L  1 9    2     9    21    118888899999     6                           
 2228    0    0    0    010000100001000010000    0 3234    0            
L  1 9    3     9    21    111342188888     2                           
 2228    0 3234    0                                                    
A  199999    1 5000 5296   2                                            
    1    2                                                              
A  113421    2 2842 1750   2                                            
   -3   -1                                                              
H1 7    0    0    0    1    2 0506 0506                                 
P  7 7    1 2667 2000 0 1                                               
01 4 2667 2000              00  –k—°‰©“‡                                
