M 392840ã{èÈìá                2    4    7    3    0   37                
H2 1    4    6    3    0   32 0507 0507                                 
N  1 1    1    0 5535 1 3    1   -4    5    0    0    0    0    0    0  
N  1 1    2    0 7496 1 3   -1    6   -5    0    0    0    0    0    0  
N  1 1    3    0 5374 1 3    2    3   -6    0    0    0    0    0    0  
N  1 1    4    0 5506 1 3    4   -3   -2    0    0    0    0    0    0  
L  1 5    1     0    11    214721399999    72                           
    0 5535   17 5570   34 5592   45 5621   63 5618   80 5626   69 5648  
   58 5661   45 5664   48 5670   46 5694   64 5947   82 6009   87 6038  
  113 6065  122 6081  157 6156  168 6199  203 6301  214 6320  234 6409  
  274 6513  299 6610  301 6645  312 6688  335 6860  344 6890  355 6984  
  364 7035  377 7073  382 7113  393 7140  415 7167  428 7202  435 7231  
  424 7250  431 7269  457 7301  470 7325  477 7349  484 7409  482 7465  
  475 7484  462 7490  441 7487  397 7455  379 7455  338 7501  323 7504  
  314 7520  297 7542  275 7555  260 7556  249 7550  243 7569  234 7583  
  175 7618  156 7634  140 7629  132 7621  131 7608  144 7570  144 7554  
  133 7535  120 7527   94 7524   72 7514   59 7511   46 7503   33 7503  
   22 7509    0 7496                                                    
L  1 5    2     0    31    414721399999     6                           
    0 5374   18 5382   33 5403   33 5433   10 5492    0 5506            
L  1 9    3     9    31    418888847213     2                           
    0 5374    0 5506                                                    
L  1 9    4     9    41    118888899999     2                           
    0 5506    0 5535                                                    
L  1 9    5     9    11    218888847213     2                           
    0 5535    0 7496                                                    
L  1 9    6     9    21    318888899999     6                           
    0 7496    010000100001000010000    0    0    0    0 5374            
A  199999    1 5000 4833   4                                            
    1    6    2    4                                                    
A  147213    2  146 6586   2                                            
    5   -1                                                              
A  147213    3   16 5438   2                                            
    3   -2                                                              
H1 2    0    1    0    0    3 0507 0507                                 
L  2 5    1     0    00    00               8                           
    0 7160   18 7183  114 7112  126 6937  311 6921  256 6539  102 6083  
    0 6158                                                              
M 392850ã‡ïê                  2    2    4    2    0   25                
H2 1    2    3    2    0   21 0507 0507                                 
N  1 1    1    0 7288 1 3    1    2   -3    0    0    0    0    0    0  
N  1 1    2    0 9008 1 3    3   -2   -1    0    0    0    0    0    0  
L  1 5    1     0    11    214731399999    69                           
    0 7288    6 7280   26 7272   35 7275   47 7297   51 7324   55 7329  
   85 7340  115 7362  153 7436  182 7460  198 7493  255 7534  260 7532  
  259 7624  263 7648  284 7675  295 7684  316 7711  331 7776  347 7809  
  345 7819  326 7841  332 7963  339 8009  354 8063  363 8077  375 8104  
  361 8107  349 8139  351 8177  356 8199  353 8207  360 8245  358 8269  
  341 8301  321 8320  293 8366  270 8393  270 8412  252 8409  236 8412  
  226 8436  215 8490  198 8595  200 8663  234 8691  252 8734  240 8748  
  206 8766  204 8799  213 8807  228 8840  224 8850  203 8869  174 8858  
  169 8853  146 8860  157 8904  119 8890  109 8895  103 8893   86 8901  
   80 8914   84 8936   82 8949   70 8957   43 8957    0 9008            
L  1 9    2     9    11    218888847313     2                           
    0 7288    0 9008                                                    
L  1 9    3     9    21    118888899999     6                           
    0 9008    010000100001000010000    0    0    0    0 7288            
A  199999    1 5000 5089   2                                            
    1    3                                                              
A  147313    2  175 8138   2                                            
    2   -1                                                              
H1 2    0    1    0    0    2 0507 0507                                 
L  2 4    1     0    00    00               4                           
    0 8801   88 8737  109 8603    0 8194                                
M 392860ê£êì                  2    6   34    6    0  237                
H2 1    6    7    6    0  150 0507 0507                                 
N  1 2    1 8168 3368 0 2    1   -1    0    0    0    0    0    0    0  
N  1 2    2 4915 1485 0 2    2   -2    0    0    0    0    0    0    0  
N  1 2    3 5099 1887 0 2    3   -3    0    0    0    0    0    0    0  
N  1 2    4 4870 2053 0 2    4   -4    0    0    0    0    0    0    0  
N  1 1    5    0  670 1 3    5    7    6    0    0    0    0    0    0  
N  1 1    610000 6028 1 3   -6   -5   -7    0    0    0    0    0    0  
L  1 5    1     0    10    104720999999    33                           
 8168 3368 8163 3412 8157 3429 8128 3467 8120 3473 8110 3492 8100 3521  
 8081 3536 8067 3544 8041 3580 8035 3584 8002 3577 7981 3571 7941 3588  
 7899 3633 7883 3643 7869 3641 7863 3624 7861 3560 7858 3506 7867 3491  
 7896 3464 7934 3419 7964 3411 8018 3360 8065 3327 8083 3296 8099 3305  
 8121 3297 8134 3293 8139 3294 8160 3329 8168 3368                      
L  1 5    2     0    20    204720999999    31                           
 4915 1485 4907 1510 4898 1530 4893 1546 4884 1548 4870 1534 4860 1532  
 4856 1537 4855 1563 4847 1575 4837 1576 4828 1566 4822 1547 4808 1558  
 4799 1551 4791 1537 4775 1481 4776 1464 4795 1449 4800 1437 4807 1399  
 4818 1391 4835 1399 4858 1424 4869 1422 4883 1410 4893 1430 4900 1457  
 4913 1464 4919 1472 4915 1485                                          
L  1 5    3     0    30    304720999999    31                           
 5099 1887 5086 1894 5080 1893 5075 1910 5063 1928 5045 1942 5022 1939  
 5000 1942 4986 1935 4979 1943 4974 1965 4946 1988 4920 2003 4915 2003  
 4909 1991 4915 1969 4924 1957 4943 1950 4963 1920 4984 1897 4982 1873  
 4991 1853 5004 1835 5021 1842 5046 1835 5064 1825 5075 1828 5086 1841  
 5097 1860 5097 1887 5099 1887                                          
L  1 5    4     0    40    404720999999    13                           
 4870 2053 4840 2089 4805 2121 4800 2121 4797 2113 4799 2100 4859 2011  
 4873 2007 4883 1997 4892 1999 4888 2025 4870 2055 4870 2053            
L  1 5    5     0    51    614720999999   741                           
    0  670   21  670   31  664   46  648   54  651   63  672   62  721  
   66  735   75  748   77  764   73  791   76  801   89  813   99  836  
   98  882  107  880  132  907  148  903  157  883  156  818  149  714  
  168  627  174  608  188  585  216  570  237  545  269  479  277  454  
  295  332  309  286  322  236  331  225  402  192  413  184  426  167  
  440  168  445  191  464  189  488  184  513  184  532  178  538  201  
  537  208  530  213  528  220  535  243  551  256  595  267  661  276  
  674  283  685  305  695  382  697  415  668  517  671  553  668  564  
  663  568  647  562  545  615  530  726  565  903  675 1087  715 1167  
  746 1209  813 1269  842 1288  903 1317  940 1327 1020 1326 1036 1323  
 1045 1318 1044 1268 1044 1242 1049 1222 1109 1103 1122 1092 1142 1089  
 1188 1094 1219 1091 1235 1083 1256 1082 1277 1093 1311 1094 1351 1087  
 1373 1065 1387 1037 1399 1023 1433 1004 1450  981 1511  944 1527  936  
 1649  925 1680  911 1715  904 1745  890 1763  875 1771  851 1785  852  
 1790  858 1807  860 1858  884 1887  873 1904  872 1938  884 1967  907  
 1982  911 2002  905 2022  878 2043  875 2073  883 2076  877 2075  883  
 2086  869 2101  859 2126  852 2142  826 2152  829 2158  836 2179  822  
 2187  799 2195  788 2207  787 2214  791 2221  804 2225  822 2229  815  
 2235  815 2244  826 2248  842 2249  860 2253  870 2261  877 2336  913  
 2346  920 2351  902 2361  898 2377  908 2379  921 2375  937 2397  948  
 2405  947 2416  935 2442  925 2462  929 2475  938 2490  961 2546  961  
 2549  956 2558  950 2575  961 2581  954 2589  969 2612  978 2629  992  
 2724 1122 2753 1174 2769 1225 2773 1247 2787 1240 2795 1245 2797 1263  
 2793 1291 2788 1301 2767 1307 2760 1337 2763 1403 2770 1461 2783 1506  
 2794 1509 2809 1555 2811 1571 2805 1582 2789 1597 2780 1611 2749 1604  
 2740 1595 2721 1613 2711 1671 2687 1694 2667 1697 2657 1695 2651 1703  
 2641 1741 2632 1791 2629 1889 2634 1920 2639 1926 2684 1920 2711 1923  
 2760 1917 2789 1897 2809 1888 2820 1894 2837 1797 2917 1815 2917 1841  
 2946 1847 2937 1893 2945 1888 3018 1925 3060 1943 3091 1948 3216 1992  
 3246 2008 3309 2032 3317 2032 3344 2014 3377 2024 3404 2021 3457 2008  
 3469 2012 3486 2027 3524 2046 3548 2043 3570 2035 3586 2023 3627 2010  
 3673 2020 3762 2044 3852 2031 3902 2028 3991 2018 4037 2023 4113 2042  
 4158 2057 4194 2061 4232 2052 4248 2048 4293 2026 4310 2021 4329 2006  
 4360 1971 4376 1962 4391 1968 4402 1989 4406 2020 4403 2066 4388 2104  
 4346 2176 4318 2226 4299 2313 4306 2317 4308 2340 4295 2351 4278 2408  
 4270 2422 4271 2429 4289 2447 4310 2459 4318 2498 4313 2503 4292 2494  
 4272 2489 4264 2471 4238 2436 4237 2443 4223 2465 4220 2488 4232 2519  
 4235 2558 4224 2563 4206 2551 4202 2562 4198 2585 4213 2616 4215 2629  
 4203 2638 4193 2638 4185 2634 4158 2593 4142 2576 4119 2580 4096 2595  
 4071 2637 4038 2711 4010 2740 3971 2867 3962 2904 3954 2927 3949 2947  
 3932 2954 3919 2954 3910 2958 3917 2988 3913 2993 3894 2999 3881 3007  
 3860 3057 3846 3125 3834 3267 3838 3364 3832 3396 3805 3428 3795 3474  
 3788 3549 3799 3561 3802 3613 3780 3639 3778 3670 3762 3685 3763 3737  
 3758 3804 3735 3835 3729 3871 3730 3898 3696 3955 3690 3974 3684 4021  
 3632 4053 3626 4064 3625 4104 3622 4110 3609 4111 3599 4107 3592 4108  
 3566 4138 3519 4172 3500 4182 3497 4181 3488 4214 3483 4289 3485 4397  
 3487 4455 3454 4528 3399 4576 3377 4600 3335 4664 3308 4695 3259 4771  
 3236 4826 3197 4952 3183 4990 3160 5062 3140 5103 3131 5115 3084 5145  
 3070 5162 3038 5242 3024 5292 3006 5336 3013 5355 3015 5391 3011 5410  
 2997 5425 2988 5441 2979 5440 2961 5482 2953 5485 2943 5478 2940 5466  
 2948 5390 2946 5374 2940 5377 2926 5425 2919 5470 2914 5550 2906 5585  
 2817 5865 2810 5918 2821 5944 2842 5969 2856 5980 2880 5987 2902 5981  
 2937 5955 2970 5920 2959 5890 2956 5863 2967 5829 2995 5785 3031 5743  
 3059 5734 3102 5738 3111 5748 3169 5778 3211 5786 3224 5785 3235 5792  
 3251 5836 3262 5848 3316 5885 3383 5968 3408 5998 3409 6004 3406 6010  
 3389 6000 3368 5979 3360 5976 3344 6011 3338 6044 3348 6094 3350 6099  
 3376 6102 3401 6094 3415 6084 3428 6083 3454 6101 3491 6184 3509 6217  
 3505 6234 3485 6255 3476 6278 3475 6334 3474 6437 3461 6565 3464 6607  
 3471 6631 3480 6645 3504 6653 3519 6635 3529 6645 3549 6671 3544 6638  
 3552 6635 3564 6638 3586 6675 3574 6623 3557 6552 3561 6513 3596 6491  
 3602 6447 3628 6390 3631 6355 3624 6329 3617 6312 3580 6250 3530 6146  
 3490 6015 3485 5949 3486 5897 3465 5764 3481 5619 3497 5605 3509 5574  
 3520 5519 3532 5493 3575 5474 3600 5418 3615 5417 3636 5376 3629 5359  
 3646 5319 3657 5285 3686 5289 3693 5277 3695 5260 3726 5308 3738 5318  
 3752 5322 3776 5313 3786 5315 3794 5327 3795 5336 3792 5343 3796 5350  
 3854 5374 3901 5386 3996 5397 4075 5413 4096 5416 4125 5405 4140 5395  
 4172 5360 4181 5343 4186 5318 4179 5298 4138 5275 4137 5258 4193 5245  
 4223 5223 4228 5218 4242 5238 4268 5250 4284 5254 4337 5297 4344 5301  
 4365 5300 4412 5282 4417 5296 4438 5386 4454 5424 4565 5575 4624 5632  
 4668 5657 4721 5674 4752 5670 4776 5656 4777 5645 4779 5624 4785 5610  
 4810 5607 4813 5605 4817 5609 4819 5623 4830 5629 4858 5626 4874 5637  
 4888 5653 4969 5663 4989 5670 5013 5685 5061 5698 5077 5699 5086 5703  
 5086 5716 5095 5726 5103 5726 5120 5714 5200 5743 5193 5753 5191 5769  
 5197 5779 5212 5785 5225 5782 5232 5770 5232 5747 5277 5767 5312 5790  
 5318 5804 5317 5813 5322 5832 5329 5839 5339 5837 5348 5826 5357 5766  
 5354 5726 5360 5663 5388 5583 5408 5600 5439 5595 5505 5592 5526 5585  
 5546 5565 5558 5525 5563 5517 5567 5528 5576 5529 5586 5506 5589 5467  
 5599 5456 5612 5462 5640 5422 5648 5399 5659 5405 5677 5422 5747 5452  
 5788 5458 5814 5455 5829 5450 5852 5427 5878 5387 5960 5406 5985 5400  
 6006 5364 6026 5319 6044 5293 6061 5278 6074 5258 6078 5249 6089 5247  
 6105 5239 6144 5202 6262 5134 6286 5114 6284 5113 6313 5081 6338 5016  
 6349 4996 6373 4982 6392 4978 6431 4924 6482 4863 6526 4771 6541 4715  
 6544 4687 6527 4664 6523 4640 6528 4609 6528 4599 6543 4606 6557 4603  
 6590 4583 6607 4561 6616 4545 6616 4522 6621 4493 6635 4478 6645 4449  
 6672 4423 6738 4371 6787 4340 6857 4304 6878 4288 6943 4258 7038 4175  
 7062 4147 7116 4098 7146 4057 7153 4035 7152 4016 7139 3980 7140 3958  
 7156 3926 7164 3919 7177 3916 7202 3923 7241 3924 7293 3917 7397 3892  
 7434 3877 7456 3862 7488 3828 7518 3816 7534 3802 7571 3748 7586 3721  
 7589 3701 7587 3683 7599 3668 7612 3664 7630 3671 7646 3684 7662 3682  
 7690 3673 7702 3664 7714 3642 7721 3643 7734 3631 7772 3653 7781 3657  
 7784 3667 7766 3695 7725 3812 7705 3839 7681 3861 7645 3913 7633 3922  
 7619 3921 7606 3913 7583 3922 7564 3940 7547 3993 7539 4085 7540 4143  
 7553 4232 7586 4337 7632 4410 7695 4492 7721 4513 7745 4523 7794 4523  
 7842 4511 7873 4496 7908 4454 7932 4432 7951 4422 7982 4417 7993 4382  
 8041 4334 8103 4307 8127 4281 8143 4262 8152 4258 8176 4260 8203 4252  
 8221 4228 8229 4198 8247 4192 8267 4198 8291 4221 8296 4315 8304 4383  
 8297 4407 8283 4419 8270 4426 8242 4470 8227 4533 8238 4541 8248 4560  
 8250 4574 8225 4581 8215 4579 8202 4591 8197 4600 8184 4612 8179 4629  
 8176 4701 8183 4735 8210 4781 8290 4863 8323 4963 8367 5027 8433 5095  
 8489 5151 8617 5241 8651 5275 8692 5329 8742 5436 8769 5480 8782 5493  
 8847 5532 8908 5556 8944 5600 8988 5642 9023 5653 9077 5646 9089 5642  
 9097 5646 9097 5652 9142 5651 9160 5645 9170 5647 9185 5656 9278 5699  
 9318 5710 9333 5718 9371 5720 9462 5712 9473 5712 9481 5725 9488 5718  
 9496 5729 9495 5740 9587 5795 9610 5814 9696 5865 9709 5892 9813 5975  
 9829 5983 9855 5990 9866 5987 9876 5967 9882 5969 9886 5964 9911 5976  
 9913 5993 9934 5993 9949 5989 9962 6001 9969 601210000 6028            
L  1 9    6     9    51    618888847209     4                           
    0  670    010000100001000010000 6028                                
L  1 9    7     9    51    619999988888     4                           
    0  670    0    010000    010000 6028                                
A  147209    1 8009 3468   1                                            
   -1                                                                   
A  147209    2 4846 1483   1                                            
   -2                                                                   
A  147209    3 5020 1914   1                                            
   -3                                                                   
A  147209    4 4847 2058   1                                            
   -4                                                                   
A  199999    5 5865 3430  10                                            
    5   -7    0    1    0    2    0    3    0    4                      
A  147209    6 1900 3562   2                                            
    6   -5                                                              
H1 2    0   27    0    0   85 0507 0507                                 
L  2 4    1     0    00    00              11                           
    0 8690  176 8654  258 8687  343 8663  387 8733  622 8724  701 8698  
  731 8720  769 8822  864 8905  956 8959                                
L  2 2    2     0    00    00              22                           
    0 7824  115 7788  195 7523  329 7356  356 7268  356 6847  391 6754  
  501 6609  529 6520  710 6328  774 6328  989 6379 1037 6366 1165 6293  
 1278 6285 1460 6082 1610 5800 1707 5724 1825 5597 2026 5186 2156 5105  
 2225 5041                                                              
L  2 4    3     0    00    00               2                           
 2478 2331 2519 1970                                                    
L  2 2    4     0    00    00              31                           
 2225 5041 2381 5158 2364 5319 2386 5362 2420 5385 2498 5306 2535 5324  
 2591 5285 2650 5321 2665 5296 2669 5158 2727 5048 2758 5043 2882 5200  
 2938 5337 2899 5552 2794 5928 2834 5989 2866 6002 2959 5963 3063 5772  
 3164 5810 3226 5800 3248 5849 3324 5901 3353 5963 3327 6015 3353 6122  
 3382 6135 3437 6104 3534 6080                                          
L  2 2    5     0    00    00               3                           
  299 1314  209 1199   83 1127                                          
L  2 2    6     0    00    00               2                           
   83 1127    0 1078                                                    
L  2 2    7     0    00    00              19                           
 2225 5041 2289 4876 2327 4689 2362 4623 2454 4527 2681 4443 2767 4360  
 2898 4118 2963 4052 3076 3982 3126 3893 3219 3585 3385 3464 3530 3429  
 3607 3316 3612 3139 3524 3015 3071 2752 2836 2565                      
L  2 4    8     0    00    00               3                           
   83 1127   52  934    0  865                                          
L  2 2    9     0    00    00               5                           
 1612 2111 1420 2032  959 1944  693 1820  299 1314                      
L  2 2   10     0    00    00               9                           
 1612 2111 1782 2309 1899 2383 2095 2405 2291 2471 2418 2563 2490 2585  
 2672 2559 2836 2565                                                    
L  2 2   11     0    00    00               7                           
 3534 6080 3547 6065 3489 5685 3501 5615 3685 5320 3890 5399 4034 5423  
L  2 2   12     0    00    00              25                           
 6399 6235 6469 6034 6583 5845 6688 5564 6669 5445 6681 5375 6810 5247  
 6889 5044 6890 4918 6928 4841 7000 4747 7024 4685 7007 4496 7028 4422  
 7079 4360 7241 4356 7303 4303 7337 4303 7443 4400 7666 4545 7751 4634  
 7919 4677 7967 4760 8108 4760 8167 4849                                
L  2 5   13     0    00    00              13                           
 6399 6235 6498 6312 6785 6254 6997 6355 7178 6340 7550 6627 7794 6226  
 8028 6197 8367 5667 8367 5595 8091 5136 8113 4979 8167 4849            
L  2 5   14     0    00    00               2                           
 2802 1954 2519 1970                                                    
L  2 4   15     0    00    00              18                           
 2519 1970 2554 1909 2518 1720 2519 1549 2361 1487 2169 1786 2056 1893  
 1686 1855 1602 1654 1416 1515 1268 1235 1062 1247 1046 1368 1005 1409  
  872 1413  637 1301  345 1271  299 1314                                
L  2 2   16     0    00    00              19                           
 4034 5423 4164 5445 4243 5409 4356 5413 4525 5614 4721 5696 4837 5642  
 4975 5731 5319 5845 5339 5910 5319 6214 5340 6276 5611 6368 5895 6490  
 5990 6418 6145 6498 6206 6500 6341 6399 6399 6235                      
L  2 4   17     0    00    00              42                           
  956 8959 1072 8970 1157 9021 1212 9029 1318 8933 1444 8877 1499 8991  
 1522 8938 1584 8879 1604 8964 1689 8916 1761 8938 1798 8920 1846 8925  
 1904 8894 2110 8900 2173 8816 2284 8722 2325 8468 2385 8362 2456 8328  
 2493 8269 2671 8116 2725 8011 2829 7962 2856 7892 2908 7870 3131 7553  
 3217 7329 3306 7224 3334 7145 3409 7159 3459 7130 3632 6816 3670 6699  
 3666 6639 3613 6507 3611 6458 3640 6383 3643 6334 3555 6166 3534 6080  
L  2 5   18     0    00    00               4                           
 2478 2331 2210 2199 2053 2158 1612 2111                                
L  2 5   19     0    00    00               2                           
 2836 2565 2478 2331                                                    
L  2 2   20     0    00    00              29                           
 8167 4849 8248 4971 8527 5256 8561 5340 8791 5546 8803 5656 8916 6030  
 8932 6196 9108 6473 9090 6543 9131 6590 9207 6553 9242 6579 9255 6706  
 9369 6807 9489 7031 9507 7106 9405 7418 9417 7483 9491 7510 9536 7607  
 9563 8173 9604 8279 9690 8318 9790 8314 9879 8283 9918 8318 9954 8463  
10000 8545                                                              
L  2 5   21     0    00    00              21                           
 4034 5423 4257 5839 4204 5968 4385 6426 4353 6656 4416 6828 4565 6885  
 4629 7200 4640 7444 4523 7645 4470 7846 4555 8218 4693 8333 4650 8720  
 4724 8734 4767 8562 4884 8548 4979 8448 5330 9064 5330 9695 505710000  
L  2 5   22     0    00    00               3                           
 488010000 4788 9938 469610000                                          
L  2 5   23     0    00    00               4                           
  51910000  519 9924  625 9852  79010000                                
L  2 5   24     0    00    00               5                           
 105210000 1145 9738 1113 9508  986 9078  956 8959                      
L  2 5   25     0    00    00              10                           
 797310000 8195 9867 8255 9706 8612 9345 8760 9305 8998 9285 9207 9104  
 9281 9084 9489 9064 9790 9026                                          
L  2 2   26     0    00    00               5                           
 9790 9026 9790 9113 9921 9386 9936 950410000 9555                      
L  2 2   27     0    00    00               3                           
10000 8782 9827 8955 9790 9026                                          
M 392861ìVêmâÆ                3    7   12    7    1   79                
H2 1    7    8    7    0   65 0507 0507                                 
N  1 1    1    0 6028 1 3    6   -8    7    0    0    0    0    0    0  
N  1 2    2 2331 7506 0 2    1   -1    0    0    0    0    0    0    0  
N  1 2    3 2564 7535 0 2    2   -2    0    0    0    0    0    0    0  
N  1 2    4 1412 7380 0 2    3   -3    0    0    0    0    0    0    0  
N  1 2    5 2278 7681 0 2    4   -4    0    0    0    0    0    0    0  
N  1 2    6 1513 5975 0 2    5   -5    0    0    0    0    0    0    0  
N  1 1    7 102210000 1 3    8   -7   -6    0    0    0    0    0    0  
L  1 5    1     0    20    204720999999    10                           
 2331 7506 2345 7517 2349 7541 2345 7598 2325 7600 2317 7592 2313 7551  
 2319 7514 2323 7508 2331 7506                                          
L  1 5    2     0    30    304720999999    10                           
 2564 7535 2523 7537 2514 7529 2510 7521 2518 7480 2528 7464 2534 7464  
 2554 7484 2560 7494 2564 7535                                          
L  1 5    3     0    40    404720999999    13                           
 1412 7380 1416 7385 1414 7401 1396 7388 1378 7393 1366 7390 1352 7363  
 1358 7347 1368 7338 1380 7341 1398 7352 1412 7377 1412 7380            
L  1 5    4     0    50    504720999999    13                           
 2278 7681 2264 7708 2256 7713 2242 7702 2232 7675 2224 7632 2228 7586  
 2243 7572 2277 7597 2290 7619 2288 7649 2282 7673 2278 7681            
L  1 5    5     0    60    604720999999    11                           
 1513 5975 1505 6000 1487 6016 1479 6013 1461 5996 1453 5964 1455 5953  
 1475 5940 1495 5948 1513 5967 1513 5975                                
L  1 5    6     0    11    714720999999   168                           
    0 6028    3 6030   39 6047   69 6066  115 6104  135 6110  167 6124  
  179 6135  201 6138  223 6130  233 6162  249 6171  269 6168  307 6171  
  321 6169  327 6161  343 6101  351 6096  393 6107  407 6102  415 6107  
  444 6105  454 6086  477 6127  508 6122  512 6106  520 6095  536 6073  
  558 6074  560 6093  558 6106  550 6128  542 6136  630 6169  716 6189  
  762 6195  792 6198  844 6207  910 6205  944 6151  977 6138  995 6124  
 1065 6109 1073 6103 1077 6095 1079 6057 1085 6058 1097 6063 1121 6069  
 1168 6053 1178 6042 1192 6015 1182 5958 1196 5937 1214 5940 1228 5951  
 1236 5962 1266 6038 1292 6084 1302 6103 1313 6157 1323 6269 1316 6317  
 1312 6371 1310 6599 1291 6745 1283 6772 1275 6788 1269 6807 1270 6923  
 1266 7010 1247 7061 1191 7169 1176 7207 1164 7247 1155 7325 1155 7366  
 1165 7428 1184 7496 1214 7535 1254 7576 1272 7570 1304 7573 1350 7644  
 1394 7683 1460 7724 1490 7732 1532 7717 1558 7690 1572 7682 1610 7679  
 1628 7715 1652 7726 1688 7740 1792 7784 1840 7785 1864 7777 1875 7761  
 1896 7772 1936 7788 1981 7786 2001 7778 2021 7754 2029 7730 2039 7714  
 2049 7717 2059 7725 2065 7736 2071 7738 2131 7734 2147 7726 2164 7715  
 2186 7672 2192 7672 2212 7694 2222 7716 2234 7724 2233 7756 2223 7781  
 2197 7810 2175 7821 2163 7815 2149 7818 2127 7828 2092 7852 2072 7885  
 2030 7936 1957 8030 1939 8029 1877 8040 1840 8074 1788 8117 1732 8174  
 1524 8621 1496 8699 1463 8783 1412 8936 1377 9017 1322 9163 1292 9263  
 1263 9406 1262 9430 1282 9479 1276 9482 1274 9485 1258 9487 1242 9509  
 1218 9522 1214 9530 1185 9673 1171 9689 1158 9724 1154 9765 1178 9782  
 1176 9798 1160 9803 1152 9811 1146 9825 1143 9868 1121 9868 1087 9927  
 1093 9954 1087 9978 1072 9984 1044 9978 1028 9975 1008 9999 102210000  
L  1 9    7     9    11    718888847209     3                           
    0 6028    010000 102210000                                          
L  1 9    8     9    71    118888899999     5                           
 102210000100001000010000    0    0    0    0 6028                      
A  199999    1 5979 8029  12                                            
    6    8    0    5    0    4    0    3    0    2    0    1            
A  147209    2 1003 7968   2                                            
    7   -6                                                              
A  147209    3 2331 7552   1                                            
   -1                                                                   
A  147209    4 2537 7500   1                                            
   -2                                                                   
A  147209    5 1382 7370   1                                            
   -3                                                                   
A  147209    6 2257 7642   1                                            
   -4                                                                   
A  147209    7 1484 5978   1                                            
   -5                                                                   
H1 2    0    4    0    0    9 0507 0507                                 
L  2 5    1     0    00    00               7                           
 1050 7499  872 7659  783 7860  545 8101  485 8261  128 8542   26 8591  
L  2 2    2     0    00    00               2                           
    0 8545   26 8591                                                    
L  2 2    3     0    00    00              11                           
    0 9555   91 9627  175 9727  257 9636  326 9605  374 9644  429 9724  
  449 9794  443 9868  401 9935  39410000                                
L  2 2    4     0    00    00               3                           
   26 8591   30 8718    0 8782                                          
H1 7    0    0    0    1    2 0507 0507                                 
P  7 6    1 2066 7766 0 1                                               
01 4 2066 7766              00  ìVêmâÆçË                                
M 392870íáîˆéü                3   21   84   14    1  428                
H2 1   21   29   14    0  284 0507 0507                                 
N  1 2    1 6601 7025 0 3    1   -2  -15    0    0    0    0    0    0  
N  1 1    2    0 6741 1 3   16   24   -1    0    0    0    0    0    0  
N  1 2    3 8020 3352 0 3    2  -11   12    0    0    0    0    0    0  
N  1 1    4 855910000 1 3   21  -20    3    0    0    0    0    0    0  
N  1 1    5 875510000 1 3   22  -21   -3    0    0    0    0    0    0  
N  1 1    6    0 8132 1 3    4   17  -16    0    0    0    0    0    0  
N  1 1    7    0 8200 1 3   18  -17   -4    0    0    0    0    0    0  
N  1 1    8    0 8295 1 3   19  -18    5    0    0    0    0    0    0  
N  1 1    9 190810000 1 3   20  -19   -5    0    0    0    0    0    0  
N  1 2   10 8650 9548 0 2    6   -6    0    0    0    0    0    0    0  
N  1 2   11 2990 6335 0 2    7   -7    0    0    0    0    0    0    0  
N  1 2   12 1689 7269 0 2    8   -8    0    0    0    0    0    0    0  
N  1 2   13 2217 6358 0 2    9   -9    0    0    0    0    0    0    0  
N  1 2   14  246 8097 0 2   10  -10    0    0    0    0    0    0    0  
N  1 1   1510000  354 1 3   25   11  -24    0    0    0    0    0    0  
N  1 1   1610000 6136 1 3   26  -12  -25    0    0    0    0    0    0  
N  1 1   17 931410000 1 3   23  -22   13    0    0    0    0    0    0  
N  1 1   1810000 9429 1 3  -23  -13  -29    0    0    0    0    0    0  
N  1 1   1910000 9367 1 3   29   14  -28    0    0    0    0    0    0  
N  1 1   2010000 9057 1 3   28  -14  -27    0    0    0    0    0    0  
N  1 1   2110000 8754 1 3   27   15  -26    0    0    0    0    0    0  
L  1 5    1     0    10    214720999999   256                           
 6601 7025 6595 7022 6586 6995 6595 6911 6591 6898 6576 6882 6563 6876  
 6537 6863 6468 6841 6376 6835 6281 6819 6281 6814 6264 6819 6249 6830  
 6210 6819 6160 6824 6111 6816 6083 6813 6059 6827 6025 6835 5988 6843  
 5907 6843 5846 6816 5827 6797 5808 6753 5791 6723 5765 6691 5739 6683  
 5631 6672 5563 6655 5532 6628 5479 6544 5470 6536 5449 6531 5416 6531  
 5406 6520 5399 6504 5388 6501 5365 6490 5337 6482 5305 6463 5266 6428  
 5225 6390 5105 6295 5034 6194 4969 6135 4948 6073 4939 6064 4911 6045  
 4870 6018 4759 5964 4739 5959 4703 5956 4655 5953 4638 5942 4574 5853  
 4539 5828 4490 5801 4428 5755 4387 5739 4350 5720 4329 5714 4307 5720  
 4266 5709 4167 5700 4152 5698 4152 5687 4135 5673 4081 5649 4056 5646  
 4017 5662 3870 5719 3838 5727 3793 5746 3711 5776 3653 5792 3642 5800  
 3634 5813 3593 5835 3556 5846 3541 5854 3513 5862 3498 5873 3498 5870  
 3483 5864 3472 5854 3468 5854 3462 5862 3453 5864 3421 5883 3350 5918  
 3330 5924 3300 5913 3279 5899 3203 5842 3158 5818 3001 5807 2988 5810  
 2973 5807 2950 5809 2896 5831 2848 5853 2848 5834 2868 5782 2879 5734  
 2892 5715 2900 5693 2911 5663 2918 5636 2943 5577 2946 5555 2941 5536  
 2916 5544 2855 5560 2842 5555 2834 5544 2812 5498 2806 5474 2808 5447  
 2806 5433 2780 5371 2748 5276 2740 5276 2729 5298 2720 5298 2705 5262  
 2694 5216 2686 5200 2639 5151 2609 5105 2574 5067 2557 5056 2540 5051  
 2501 5067 2467 5037 2432 5010 2407 4991 2376 4994 2364 4983 2357 4953  
 2361 4902 2372 4878 2359 4845 2351 4845 2342 4888 2329 4883 2301 4883  
 2293 4915 2282 4899 2250 4867 2239 4864 2230 4845 2224 4812 2211 4769  
 2203 4764 2190 4764 2159 4831 2151 4826 2151 4799 2142 4785 2138 4785  
 2131 4793 2103 4828 2054 4893 2019 4926 2007 4931 1981 4953 1944 4980  
 1923 4985 1873 5020 1841 5031 1748 5061 1701 5082 1686 5096 1613 5136  
 1589 5142 1539 5158 1503 5185 1445 5204 1359 5252 1300 5271 1257 5306  
 1234 5336 1225 5363 1229 5371 1247 5387 1247 5398 1236 5412 1221 5412  
 1208 5403 1201 5393 1197 5393 1184 5384 1161 5355 1163 5352 1156 5344  
 1148 5341 1137 5330 1113 5319 1100 5309 1055 5284  991 5238  963 5205  
  952 5184  946 5178  933 5157  914 5135  892 5121  849 5119  845 5121  
  812 5124  744 5146  713 5159  664 5178  655 5189  612 5216  552 5262  
  535 5302  524 5316  522 5324  509 5337  470 5405  420 5435  410 5443  
  392 5470  364 5532  343 5575  336 5621  319 5664  315 5664  312 5659  
  304 5656  282 5710  280 5732  297 5759  323 5751  355 5748  375 5770  
  413 5841  426 5854  435 5870  456 5946  465 6035  462 6046  452 6068  
  380 6173  322 6295  303 6357  305 6376  298 6403  277 6425  255 6474  
  210 6522  193 6538  162 6576    0 6741                                
L  1 3    2     0    30    104720947302    95                           
 8020 3352 8015 3366 8017 3393 8015 3436 8007 3504 7989 3552 7959 3612  
 7929 3658 7912 3701 7910 3720 7901 3736 7869 3804 7858 3845 7854 3950  
 7839 3980 7813 4012 7750 4083 7690 4123 7636 4153 7597 4182 7572 4207  
 7526 4285 7505 4301 7479 4331 7470 4404 7455 4442 7393 4553 7386 4572  
 7371 4580 7326 4582 7324 4580 7313 4585 7309 4601 7311 4620 7333 4656  
 7341 4664 7328 4699 7320 4712 7294 4745 7253 4775 7221 4788 7197 4799  
 7171 4804 7083 4812 7079 4888 7072 4915 7057 4942 7044 4950 7027 4972  
 7016 4996 7005 5007 6984 5026 6977 5037 6982 5072 6984 5126 6975 5288  
 6969 5334 6947 5415 6917 5510 6919 5537 6917 5553 6919 5578 6930 5645  
 6936 5721 6925 5767 6927 5800 6940 5829 6951 5867 6949 5897 6897 6003  
 6867 6027 6843 6062 6837 6116 6828 6146 6794 6203 6791 6243 6817 6325  
 6817 6357 6802 6425 6804 6444 6811 6476 6815 6533 6813 6555 6793 6606  
 6767 6657 6750 6679 6733 6682 6709 6690 6703 6717 6690 6765 6660 6847  
 6660 6857 6655 6925 6649 6944 6601 7025                                
L  1 5    3     0    41    514730299999    19                           
 855910000 8549 9994 8560 9962 8609 9932 8622 9919 8639 9897 8648 9892  
 8676 9849 8691 9813 8695 9797 8715 9757 8723 9757 8725 9776 8760 9870  
 8762 9952 8753 9952 8747 9968 8747 9989 875510000                      
L  1 5    4     0    61    714720999999    11                           
    0 8132    3 8138   31 8130   39 8132   39 8143   44 8159   37 8178  
   24 8194   16 8197    5 8194    0 8200                                
L  1 5    5     0    81    914720999999   269                           
    0 8295    3 8289   35 8311   50 8351   58 8376   95 8376  103 8379  
  108 8376  114 8343  114 8324  110 8316   99 8316   95 8270  108 8260  
  123 8216  130 8219  138 8233  140 8249  166 8252  173 8238  179 8238  
  188 8243  198 8243  205 8238  218 8238  239 8254  248 8257  256 8265  
  278 8273  295 8300  312 8346  319 8363  444 8303  450 8268  459 8249  
  457 8149  453 8122  461 8038  459 7965  479 7919  511 7870  535 7849  
  550 7830  565 7816  578 7811  593 7816  606 7835  625 7849  640 7846  
  645 7838  649 7838  660 7806  703 7765  718 7744  737 7700  763 7703  
  767 7700  782 7700  817 7687  834 7673  858 7676  886 7668  905 7655  
  914 7644  920 7587  940 7573  953 7584  965 7606  970 7630  963 7679  
  950 7758  946 7804  944 7871  928 7947  915 8042  935 8039  945 8042  
  958 8061  965 8082  963 8117  965 8142  971 8155  999 8188 1003 8188  
 1012 8177 1038 8169 1053 8204 1044 8239 1055 8264 1119 8350 1128 8361  
 1141 8369 1186 8380 1188 8383 1240 8394 1263 8402 1287 8416 1302 8418  
 1330 8435 1345 8429 1380 8405 1414 8389 1476 8373 1500 8308 1541 8254  
 1589 8202 1593 8194 1662 8140 1696 8113 1746 8070 1780 8046 1789 8043  
 1793 8019 1804 7986 1806 7975 1828 7924 1847 7905 1860 7900 1880 7905  
 1903 7916 1935 7927 1948 7927 1957 7924 1976 7924 2011 7897 2022 7884  
 2039 7854 2082 7800 2129 7751 2192 7732 2218 7724 2254 7722 2302 7706  
 2347 7681 2358 7665 2368 7630 2377 7614 2390 7608 2392 7589 2446 7584  
 2455 7584 2480 7598 2519 7584 2592 7549 2607 7536 2633 7517 2674 7463  
 2752 7338 2780 7287 2786 7241 2782 7149 2774 7078 2772 7081 2763 7038  
 2727 6938 2707 6862 2686 6821 2692 6797 2720 6824 2733 6848 2752 6949  
 2765 6992 2785 7000 2797 7081 2810 7106 2832 7119 2857 7152 2872 7187  
 2875 7222 2872 7244 2866 7260 2866 7271 2836 7382 2833 7401 2840 7457  
 2851 7509 2881 7552 2904 7563 2921 7577 2939 7606 2947 7639 2951 7680  
 2947 7701 2938 7715 2936 7755 2943 7782 2923 7804 2917 7823 2925 7858  
 2930 7869 2917 7872 2910 7885 2889 7996 2886 8023 2908 8050 2912 8067  
 2897 8072 2889 8066 2804 8242 2794 8256 2763 8310 2742 8367 2740 8391  
 2746 8470 2759 8505 2770 8507 2785 8502 2804 8502 2810 8526 2813 8545  
 2817 8570 2838 8591 2845 8608 2845 8619 2840 8624 2836 8624 2832 8651  
 2830 8667 2821 8675 2812 8670 2791 8632 2784 8627 2772 8632 2761 8667  
 2752 8670 2741 8662 2735 8651 2739 8621 2726 8605 2718 8605 2694 8624  
 2675 8643 2636 8675 2606 8707 2578 8748 2563 8764 2530 8821 2528 8853  
 2517 8862 2498 8859 2494 8856 2489 8840 2483 8829 2474 8826 2448 8837  
 2420 8864 2416 8872 2395 8894 2371 8937 2358 8953 2343 8983 2302 9059  
 2300 9080 2293 9089 2269 9113 2244 9164 2190 9272 2146 9381 2105 9467  
 2060 9575 2017 9670 1982 9765 1958 9819 1958 9824 1941 9865 1928 9913  
 1920 9973 1913 9995 190810000                                          
L  1 5    6     0   100   1004730299999    85                           
 8650 9548 8633 9586 8601 9635 8583 9670 8571 9681 8538 9686 8502 9683  
 8476 9678 8446 9716 8426 9753 8424 9789 8403 9813 8362 9826 8353 9824  
 8344 9834 8338 9853 8323 9864 8312 9870 8308 9878 8301 9880 8280 9924  
 8271 9940 8250 9934 8230 9910 8222 9891 8205 9894 8198 9883 8172 9796  
 8142 9750 8121 9712 8104 9691 8078 9669 8050 9669 8032 9677 8022 9685  
 8004 9718 7994 9712 7972 9693 7918 9677 7890 9625 7890 9615 7923 9563  
 7927 9571 7942 9566 7970 9542 7990 9539 8015 9542 8033 9528 8069 9523  
 8091 9531 8121 9526 8188 9504 8200 9496 8226 9428 8233 9390 8244 9372  
 8252 9374 8269 9388 8282 9385 8287 9380 8347 9358 8377 9356 8405 9320  
 8431 9272 8444 9258 8450 9255 8455 9264 8452 9299 8472 9385 8470 9431  
 8474 9459 8476 9526 8480 9534 8482 9532 8551 9553 8560 9553 8571 9545  
 8592 9510 8612 9470 8627 9464 8646 9467 8659 9483 8668 9505 8655 9545  
 8650 9548                                                              
L  1 5    7     0   110   1104720999999    70                           
 2990 6335 2985 6383 2988 6437 2970 6478 2957 6489 2932 6494 2912 6529  
 2912 6532 2895 6535 2850 6499 2835 6505 2807 6537 2783 6562 2731 6626  
 2720 6637 2723 6648 2729 6654 2729 6672 2712 6675 2688 6634 2669 6616  
 2662 6605 2665 6556 2656 6486 2652 6464 2626 6399 2620 6377 2628 6353  
 2637 6342 2654 6337 2661 6323 2663 6285 2656 6226 2616 6063 2594 5966  
 2584 5863 2582 5763 2597 5725 2621 5682 2649 5652 2657 5652 2670 5676  
 2676 5771 2679 5809 2694 5874 2721 5947 2741 5974 2760 5982 2795 5982  
 2838 5972 2850 5955 2857 5939 2870 5923 2887 5918 2909 5969 2919 5980  
 2928 6004 2919 6026 2911 6039 2908 6061 2913 6085 2923 6099 2932 6150  
 2962 6172 2979 6188 2990 6207 2990 6221 2986 6245 2994 6291 2990 6335  
L  1 5    8     0   120   1204720999999    16                           
 1689 7269 1678 7280 1659 7280 1657 7274 1659 7253 1655 7212 1650 7198  
 1653 7185 1661 7180 1672 7182 1680 7190 1678 7215 1683 7234 1678 7242  
 1689 7263 1689 7269                                                    
L  1 5    9     0   130   1304720999999    12                           
 2217 6358 2224 6350 2243 6347 2258 6388 2235 6420 2209 6420 2202 6409  
 2200 6393 2202 6385 2200 6366 2205 6360 2217 6358                      
L  1 5   10     0   140   1404720999999    14                           
  246 8097  250 8100  250 8116  242 8138  222 8143  199 8127  196 8130  
  179 8130  175 8122  179 8111  196 8108  212 8097  231 8087  246 8097  
L  1 3   11     0   151    304720947303   145                           
10000  354 9956  338 9939  340 9909  340 9885  324 9881  324 9866  313  
 9843  283 9823  259 9806  254 9780  254 9757  264 9714  310 9698  321  
 9683  337 9643  378 9623  391 9587  391 9554  394 9541  410 9535  456  
 9522  494 9509  518 9516  548 9522  559 9537  578 9550  600 9556  632  
 9554  648 9548  656 9518  689 9507  711 9500  748 9496  754 9466  762  
 9406  778 9393  789 9371  800 9348  816 9320  832 9303  846 9281  856  
 9275  856 9227  875 9221  886 9202  905 9178  940 9174  959 9165 1032  
 9146 1086 9139 1113 9141 1156 9150 1230 9161 1262 9171 1327 9175 1408  
 9171 1438 9152 1470 9107 1506 9083 1533 9074 1554 9068 1560 9059 1562  
 9051 1560 9025 1557 8997 1568 8986 1562 8971 1543 8965 1522 8939 1484  
 8928 1478 8911 1481 8892 1489 8872 1484 8859 1486 8840 1527 8844 1592  
 8831 1608 8810 1624 8732 1651 8681 1681 8649 1721 8627 1762 8599 1797  
 8569 1821 8550 1827 8535 1843 8515 1854 8496 1851 8483 1837 8464 1794  
 8453 1783 8438 1775 8425 1770 8412 1772 8397 1783 8378 1813 8371 1848  
 8367 1899 8356 1975 8341 2024 8324 2046 8285 2073 8272 2097 8242 2205  
 8207 2278 8199 2316 8182 2332 8149 2346 8119 2367 8100 2389 8074 2413  
 8033 2419 8014 2440 8007 2456 7964 2481 7956 2491 7951 2508 7934 2548  
 7926 2546 7917 2546 7883 2564 7848 2613 7809 2643 7818 2673 7824 2710  
 7820 2738 7805 2784 7809 2786 7884 2878 7900 2873 7940 2865 7958 2876  
 8095 2984 8112 3006 8125 3068 8132 3079 8134 3112 8129 3163 8108 3193  
 8069 3241 8052 3268 8037 3287 8017 3325 8020 3352                      
L  1 4   12     0    30   1614730247303   110                           
 8020 3352 8024 3341 8045 3320 8054 3317 8082 3336 8151 3398 8185 3450  
 8196 3485 8211 3569 8271 3650 8282 3658 8308 3621 8327 3618 8400 3618  
 8413 3621 8407 3637 8400 3678 8413 3802 8437 3845 8503 3929 8512 3948  
 8516 3970 8529 3997 8563 4032 8589 4043 8604 4043 8630 4051 8649 4073  
 8671 4106 8681 4171 8690 4187 8727 4209 8763 4238 8780 4228 8851 4187  
 8862 4198 8841 4225 8804 4276 8770 4387 8735 4590 8737 4652 8746 4693  
 8752 4777 8746 4796 8743 4815 8789 4877 8804 4904 8812 4942 8829 5034  
 8836 5069 8868 5107 8883 5115 8894 5126 8907 5194 8935 5197 8961 5202  
 8995 5221 9006 5232 9031 5243 9053 5240 9068 5259 9085 5294 9122 5332  
 9191 5365 9223 5373 9240 5370 9294 5352 9322 5325 9354 5249 9361 5214  
 9358 5173 9361 5149 9369 5122 9378 5108 9391 5100 9434 5084 9488 5076  
 9509 5081 9516 5092 9526 5125 9528 5146 9535 5198 9574 5303 9593 5382  
 9599 5428 9614 5496 9621 5555 9616 5571 9603 5693 9612 5728 9651 5810  
 9685 5872 9707 5885 9745 5858 9754 5858 9773 5869 9790 5886 9799 5926  
 9808 5940 9829 5959 9864 5945 9885 5948 9915 5991 9926 5999 9941 5994  
 9950 5997 9960 6043 9982 6121 9995 613810000 6136                      
L  1 5   13     0   171   1814730299999    27                           
 931410000 9304 9990 9304 9974 9317 9917 9332 9885 9354 9879 9380 9888  
 9421 9907 9453 9909 9477 9899 9528 9866 9545 9850 9608 9818 9677 9807  
 9694 9791 9748 9693 9763 9680 9868 9666 9875 9661 9883 9645 9879 9569  
 9881 9537 9888 9523 9916 9493 9980 9445 9991 943110000 9429            
L  1 5   14     0   191   2014730299999    11                           
10000 9367 9993 9353 9974 9336 9940 9309 9890 9261 9877 9228 9877 9209  
 9890 9158 9916 9125 9994 905510000 9057                                
L  1 5   15     0   211    104730299999   158                           
10000 8754 9996 8749 9981 8746 9951 8727 9920 8733 9903 8719 9899 8703  
 9867 8689 9787 8651 9697 8611 9675 8605 9561 8616 9518 8627 9486 8664  
 9479 8700 9477 8748 9486 8816 9481 8849 9475 8857 9458 8911 9387 9022  
 9372 9049 9356 9132 9354 9138 9348 9122 9333 9046 9331 9003 9344 8902  
 9341 8878 9333 8851 9320 8829 9286 8810 9253 8797 9227 8761 9212 8721  
 9139 8683 9120 8680 9077 8667 9042 8648 9004 8699 8993 8718 8989 8739  
 8991 8772 9032 8853 9055 8883 9066 8894 9081 8902 9103 8929 9122 8945  
 9137 8945 9182 8956 9195 8967 9212 8997 9219 9029 9221 9070 9214 9170  
 9232 9227 9234 9254 9223 9297 9204 9319 9173 9341 9165 9365 9163 9430  
 9182 9606 9178 9633 9162 9687 9154 9703 9115 9717 9057 9717 9055 9714  
 9048 9717 9046 9652 9038 9614 8971 9424 8947 9397 8930 9354 8887 9310  
 8874 9308 8861 9299 8851 9275 8836 9167 8838 9096 8844 9072 8834 9059  
 8780 9026 8745 9015 8687 9053 8653 9069 8590 9118 8483 9188 8429 9218  
 8414 9220 8405 9215 8381 9217 8366 9212 8360 9180 8373 9153 8377 9155  
 8366 9109 8326 8971 8304 8958 8201 8863 8182 8852 8164 8836 8117 8819  
 8095 8865 7999 8914 7960 8938 7951 8949 7943 8979 7934 8987 7917 8987  
 7902 8979 7872 8919 7811 8827 7779 8759 7760 8724 7713 8613 7607 8402  
 7590 8364 7586 8347 7569 8310 7539 8274 7536 8263 7500 8185 7455 8050  
 7440 8012 7401 7938 7375 7903 7330 7868 7276 7849 7259 7827 7223 7762  
 7220 7719 7229 7684 7223 7649 7214 7627 7201 7611 7175 7589 7132 7567  
 7132 7565 7091 7546 7057 7537 7027 7540 7001 7535 6952 7513 6909 7507  
 6887 7497 6879 7469 6887 7380 6889 7307 6887 7283 6879 7264 6836 7212  
 6821 7166 6707 7069 6612 7025 6601 7025                                
L  1 9   16     9    21    618888899999     2                           
    0 6741    0 8132                                                    
L  1 9   17     9    61    718888847209     2                           
    0 8132    0 8200                                                    
L  1 9   18     9    71    818888899999     2                           
    0 8200    0 8295                                                    
L  1 9   19     9    81    918888847209     3                           
    0 8295    010000 190810000                                          
L  1 9   20     9    91    418888899999     2                           
 190810000 855910000                                                    
L  1 9   21     9    41    518888847302     2                           
 855910000 875510000                                                    
L  1 9   22     9    51   1718888899999     2                           
 875510000 931410000                                                    
L  1 9   23     9   171   1818888847302     3                           
 931410000100001000010000 9429                                          
L  1 9   24     9    21   1514720988888     4                           
    0 6741    0    010000    010000  354                                
L  1 9   25     9   151   1614730388888     2                           
10000  35410000 6136                                                    
L  1 9   26     9   161   2114730288888     2                           
10000 613610000 8754                                                    
L  1 9   27     9   211   2019999988888     2                           
10000 875410000 9057                                                    
L  1 9   28     9   201   1914730288888     2                           
10000 905710000 9367                                                    
L  1 9   29     9   191   1819999988888     2                           
10000 936710000 9429                                                    
A  199999    1 5460 7457  23                                            
    1   16    4   18    5   20    3   22   13  -29   14  -27   15    0  
   10    0    9    0    8    0    7    0    6                           
A  147209    2 3955 3720   4                                            
   -2  -11  -24   -1                                                    
A  147302    3 8407 6512   4                                            
  -15  -26  -12    2                                                    
A  147303    4 9054 3192   3                                            
   12  -25   11                                                         
A  147302    5 8709 9878   2                                            
   21   -3                                                              
A  147209    6   21 8164   2                                            
   17   -4                                                              
A  147209    7 2062 8404   2                                            
   19   -5                                                              
A  147302    8 8264 9596   1                                            
   -6                                                                   
A  147209    9 2796 6164   1                                            
   -7                                                                   
A  147209   10 1669 7230   1                                            
   -8                                                                   
A  147209   11 2229 6384   1                                            
   -9                                                                   
A  147209   12  214 8115   1                                            
  -10                                                                   
A  147302   13 9868 9714   2                                            
   23  -13                                                              
A  147302   14 9939 9210   2                                            
  -28  -14                                                              
H1 2    0   55    0    0  139 0507 0507                                 
L  2 4    1     0    00    00               5                           
 1946 9475 1888 9423 1876 9336 1822 9234 1793 9085                      
L  2 4    2     0    00    00               5                           
 1946 9475 2046 9339 2077 9219 2149 9047 2131 8884                      
L  2 4    3     0    00    00              13                           
 2371 7930 2457 7661 2626 7538 2765 7360 2793 7285 2813 7103 2747 6708  
 2732 6511 2767 6396 2751 6161 2846 5967 2888 5741 2962 5550            
L  2 2    4     0    00    00               9                           
    0 6715  222 6481  368 6162  456 6015  423 5869  349 5750  328 5688  
  346 5540  452 5329                                                    
L  2 2    5     0    00    00              13                           
  452 5329  623 5176  822 5107  903 5111 1039 5258 1150 5307 1232 5296  
 1831 5000 2014 4894 2094 4792 2104 4718 2097 4646 2117 4613            
L  2 3    6     0    00    00               5                           
    0 1708   50 1764  133 2073  233 2237  344 2669                      
L  2 4    7     0    00    00               6                           
 5062 6213 5188 6208 5235 6138 5316 5806 5331 5679 5417 5546            
L  2 4    8     0    00    00               3                           
 173810000 1750 9853 1946 9475                                          
L  2 2    9     0    00    00               4                           
 8393 9152 8452 9345 8458 9506 8490 9621                                
L  2 4   10     0    00    00               9                           
 1548 8448 1458 8489 1223 8495 1029 8435  948 8331  535 8320  323 8496  
  123 8421    0 8465                                                    
L  2 4   11     0    00    00               6                           
 2371 7930 2250 7916 1852 8041 1709 8281 1595 8363 1548 8448            
L  2 2   12     0    00    00              34                           
 5062 6213 5147 6308 5318 6455 5472 6525 5568 6645 5739 6673 5774 6689  
 5859 6810 5924 6838 6131 6797 6266 6798 6571 6850 6601 6894 6608 6962  
 6652 7013 6805 7100 6896 7251 6900 7414 6914 7463 6973 7510 7040 7526  
 7126 7510 7185 7538 7232 7624 7295 7817 7351 7866 7421 7897 7463 7948  
 7597 8361 7828 8819 7882 8858 7944 8862 8070 8803 8136 8790            
L  2 4   13     0    00    00               6                           
 9784 2077 9782 2004 9815 1928 9861 1919 9922 1945 9941 1977            
L  2 2   14     0    00    00               6                           
 3631 5788 3397 5846 3328 5846 3244 5815 3186 5774 2962 5550            
L  2 2   15     0    00    00              10                           
 3631 5788 4051 5633 4103 5627 4210 5646 4483 5767 4595 5853 4657 5933  
 4759 5952 4945 6046 5062 6213                                          
L  2 2   16     0    00    00               4                           
  877 3447 1273 3500 1392 3590 1572 3932                                
L  2 2   17     0    00    00               3                           
 1901 4398 2035 4488 2117 4613                                          
L  2 2   18     0    00    00               3                           
  589 3104  768 3367  877 3447                                          
L  2 3   19     0    00    00              13                           
  452 5329  433 5204  468 5014  410 4803  157 4233   95 3904   57 3841  
   55 3768  140 3582  184 3417  212 3075  245 2914  289 2844            
L  2 2   20     0    00    00               3                           
  589 3104  370 2955  289 2844                                          
L  2 2   21     0    00    00               3                           
 8490 9621 8423 9753 8423 9789                                          
L  2 2   22     0    00    00               2                           
 8490 9621 857510000                                                    
L  2 3   23     0    00    00               3                           
  289 2844  312 2805  344 2669                                          
L  2 2   24     0    00    00               5                           
  289 2844  184 2608  134 2554   82 2526    0 2519                      
L  2 2   25     0    00    00               3                           
 2962 5550 2264 4842 2117 4613                                          
L  2 4   26     0    00    00               3                           
 2962 5550 2996 5511 3086 5461                                          
L  2 4   27     0    00    00               7                           
 168010000 1656 9809 1665 9690 1749 9428 1741 9240 1752 9147 1793 9085  
L  2 4   28     0    00    00               5                           
 1793 9085 1790 9067 1799 8837 1751 8726 1548 8448                      
L  2 4   29     0    00    00               4                           
 1793 9085 1880 8986 1929 8952 2131 8884                                
L  2 4   30     0    00    00               8                           
 2131 8884 2191 8861 2274 8732 2285 8641 2243 8493 2279 8406 2322 8099  
 2371 7930                                                              
L  2 5   31     0    00    00              14                           
 1901 4398 2112 4167 2537 3809 2653 3694 2728 3536 2802 3293 2930 3077  
 2951 2920 3004 2318 3057 2146 3184 2060 3492 2017 3779 1630 3800 1501  
L  2 5   32     0    00    00               2                           
 3800 1501 3896 1343                                                    
L  2 5   33     0    00    00              19                           
 2441  454 2314  841 2314 1185 2122 1730 2048 1902 2080 2031 2091 2174  
 1984 2260 1761 2361 1602 2547 1591 2791 1772 2762 1772 2891 1655 2963  
 1655 3049 1719 3192 1634 3450 1591 3780 1572 3932                      
L  2 2   34     0    00    00               3                           
 1572 3932 1839 4335 1901 4398                                          
L  2 5   35     0    00    00               2                           
 1572 3932 1529 4065                                                    
L  2 4   36     0    00    00              20                           
 5417 5546 5469 5377 5819 5140 6257 4637 6696 4299 7060 3842 7289 3787  
 7761 3203 7959 3192 8408 2855 8651 2563 8919 2707 9194 2426 9283 2497  
 9406 2435 9504 2311 9525 2202 9589 2124 9687 2079 9784 2077            
L  2 2   37     0    00    00               4                           
 8136 8790 8266 8862 8334 8940 8393 9152                                
L  2 5   38     0    00    00               6                           
 2117 4613 2188 4618 2228 4658 2492 4749 2844 5229 3086 5461            
L  2 5   39     0    00    00               3                           
 3086 5461 3382 5675 3631 5788                                          
L  2 5   40     0    00    00               6                           
  877 3447  908 3516 1148 3736 1329 3944 1467 4011 1529 4065            
L  2 5   41     0    00    00               4                           
 1529 4065 1749 4258 1853 4380 1901 4398                                
L  2 5   42     0    00    00               3                           
  344 2669  379 2789  589 3104                                          
L  2 4   43     0    00    00               5                           
  35810000  366 9984  291 9721  246 9688  214 9645                      
L  2 4   44     0    00    00               9                           
  214 9645  211 9627  131 9468  127 9459  147 9141   15 9025   69 8815  
   53 8718    0 8595                                                    
L  2 4   45     0    00    00              16                           
  214 9645  208 9691  212 9709  217 9750  214 9761  200 9778  196 9789  
  196 9804  208 9847  208 9854  206 9863  191 9880  188 9913  166 9968  
  166 9983  16410000                                                    
L  2 5   46     0    00    00               4                           
 5057    0 5022   39 4958   53 4880    0                                
L  2 5   47     0    00    00               8                           
 4696    0 4512  125 4183  770 4024  856 3939  899 3758 1228 3737 1400  
 3800 1501                                                              
L  2 5   48     0    00    00               5                           
    0  294   94  239  179  383  519  182  519    0                      
L  2 5   49     0    00    00               4                           
  790    0  912  110 1018   96 1052    0                                
L  2 5   50     0    00    00              37                           
 5417 5546 5281 5165 5147 4904 5028 4884 4880 5044 4790 5024 4746 4663  
 4746 4442 4552 4362 4552 4282 4627 4121 4835 4101 4909 4001 4924 3800  
 4909 3700 5043 3539 5177 3539 5236 3358 5519 2696 5682 2576 5787 2275  
 6069 1914 6634 1452 6798 1372 7006 1071 7140  970 7274 1031 7363 1071  
 7497 1011 7675  890 7943 1071 8002  990 7928  810 7957  469 7913  208  
 7928   27 7973    0                                                    
L  2 2   51     0    00    00              10                           
 931710000 9353 9912 9390 9911 9443 9934 9571 9860 9699 9826 9764 9702  
 9888 9672 9897 954210000 9462                                          
L  2 2   52     0    00    00               5                           
10000 9329 9981 9298 9894 9233 9905 916610000 9071                      
L  2 4   53     0    00    00              21                           
 8393 9152 8466 9173 8719 9012 8787 8888 8871 8877 8949 8726 9105 8552  
 9140 8544 9222 8629 9219 8692 9266 8769 9327 8778 9374 8839 9401 8854  
 9439 8833 9463 8789 9437 8668 9462 8636 9576 8588 9726 859310000 8740  
L  2 4   54     0    00    00               4                           
 9784 2077 9912 2202 9999 224710000 2247                                
L  2 5   55     0    00    00              13                           
10000 6169 9846 5947 9474 6248 9459 6650 9325 6951 9117 6770 9043 7051  
 8983 7191 9013 7773 8805 8275 8508 8456 8299 8616 8136 8790            
H1 7    0    0    0    1    2 0507 0507                                 
P  7 1    1 2667    0 0 1                                               
01 3 2667    0              00  ñºåÏés                                  
M 392871çëì™ïΩó«              3   10   42    6    2  277                
H2 1   10   15    6    0  190 0507 0507                                 
N  1 1    1 1022    0 1 3    2    9   15    0    0    0    0    0    0  
N  1 1    2    0  354 1 3   10   -9   -1    0    0    0    0    0    0  
N  1 1    3    0 6136 1 3    3   11  -10    0    0    0    0    0    0  
N  1 1    4    0 9429 1 3    4    7  -14    0    0    0    0    0    0  
N  1 1    5    0 9367 1 3   -4   14  -13    0    0    0    0    0    0  
N  1 1    6    0 9057 1 3   13  -12    5    0    0    0    0    0    0  
N  1 1    7    0 8754 1 3   -5   12  -11    0    0    0    0    0    0  
N  1 2    8  446  652 0 3    6    1   -2    0    0    0    0    0    0  
N  1 1    9 512210000 1 3    8   -7   -3    0    0    0    0    0    0  
N  1 1   1010000 6757 1 3   -8   -6  -15    0    0    0    0    0    0  
L  1 3    1     0    80    214720947303    17                           
  446  652  446  646  424  619  333  504  293  466  275  457  205  457  
  167  440  135  396  102  350   90  344   78  344   60  333   37  344  
   11  354    1  352    0  354                                          
L  1 5    2     0    11    804720999999    36                           
 1022    0 1022    8 1015   16 1015   32 1011   46 1005   56 1017   97  
 1025  116 1015  119 1011  116 1003  121  993  121  958  181  926  234  
  914  240  902  253  890  256  878  255  868  258  858  274  850  269  
  831  282  817  279  759  314  751  324  695  346  675  351  643  364  
  598  423  572  450  521  520  517  549  511  560  499  565  456  649  
  446  652                                                              
L  1 4    3     0    31    914730247303   241                           
    0 6136   14 6171   28 6168   36 6176   46 6223   52 6236   74 6261  
   73 6301  103 6337  141 6408  171 6473  177 6479  193 6476  205 6490  
  235 6476  247 6468  261 6471  275 6463  354 6375  360 6361  342 6323  
  378 6259  393 6215  411 6186  445 6148  455 6146  465 6197  469 6260  
  487 6271  490 6330  530 6369  544 6388  558 6436  579 6488  573 6510  
  609 6578  649 6651  664 6684  676 6695  692 6687  710 6722  742 6793  
  764 6829  766 6848  761 6866  741 6899  725 6912  725 6923  741 6953  
  775 6999  802 7051  788 7073  807 7219  815 7249  831 7257  881 7263  
  927 7263  947 7266  963 7275 1003 7327 1047 7368 1059 7368 1095 7349  
 1154 7317 1176 7315 1212 7323 1242 7318 1262 7299 1276 7275 1307 7186  
 1313 7173 1325 7165 1353 7160 1490 7112 1562 7089 1572 7086 1586 7140  
 1594 7165 1609 7189 1671 7252 1687 7263 1701 7266 1733 7258 1749 7248  
 1766 7226 1774 7202 1772 7169 1744 7110 1736 7080 1735 7063 1743 7034  
 1759 7015 1813 6991 1833 6972 1880 6903 1908 6889 1918 6868 1932 6846  
 1943 6822 1941 6768 1947 6762 1965 6763 1985 6771 2009 6774 2029 6766  
 2057 6728 2071 6723 2085 6734 2139 6819 2169 6849 2197 6860 2223 6863  
 2249 6858 2279 6834 2295 6809 2324 6791 2338 6785 2348 6788 2360 6805  
 2381 6862 2393 6875 2421 6873 2474 6849 2490 6833 2518 6787 2534 6771  
 2566 6758 2611 6680 2662 6583 2684 6559 2714 6548 2724 6551 2736 6565  
 2750 6603 2779 6823 2806 6855 2818 6901 2832 6986 2844 7018 2852 7021  
 2896 7019 2928 7030 2940 7044 2955 7082 2971 7084 2985 7095 3001 7101  
 3019 7101 3041 7112 3039 7112 3057 7131 3127 7238 3173 7300 3186 7336  
 3168 7430 3168 7463 3175 7482 3199 7517 3205 7547 3203 7572 3207 7582  
 3253 7626 3316 7708 3344 7730 3376 7744 3404 7750 3432 7744 3471 7726  
 3505 7705 3515 7710 3527 7729 3545 7746 3659 7815 3671 7828 3682 7850  
 3688 7953 3696 7975 3730 7986 3742 8008 3743 8040 3735 8132 3741 8151  
 3753 8154 3773 8151 3791 8154 3805 8168 3817 8184 3821 8198 3804 8287  
 3806 8347 3817 8401 3829 8428 3875 8461 3895 8488 3899 8507 3893 8551  
 3889 8551 3896 8616 3912 8670 3930 8689 3994 8738 4024 8769 4049 8834  
 4061 8904 4071 8926 4080 8980 4082 9018 4094 9040 4108 9138 4126 9127  
 4161 9200 4218 9363 4234 9374 4248 9377 4355 9381 4421 9395 4429 9398  
 4445 9415 4449 9436 4444 9474 4448 9520 4460 9558 4484 9613 4507 9643  
 4523 9662 4549 9724 4575 9760 4587 9795 4611 9811 4677 9831 4809 9849  
 4839 9860 4873 9885 4879 9893 4971 9964 5003 9981 5023 9986 5041 9986  
 5079 9981 5105 9990 512210000                                          
L  1 5    4     0    41    514730299999     6                           
    0 9429    1 9434    9 9428   15 9412   13 9396    0 9367            
L  1 5    5     0    61    714730299999    23                           
    0 9057   24 9033   30 9022  143 8918  187 8872  238 8748  271 8703  
  291 8681  305 8641  350 8579  356 8565  324 8511  278 8489  266 8489  
  252 8494  155 8555  149 8571  133 8644  116 8674   48 8744   32 8762  
   19 8768    0 8754                                                    
L  1 5    6     0    80   1014730399999   662                           
  446  652  452  657  428  724  428  754  413  778  409  814  409  849  
  405  860  389  881  375  892  358  916  354  943  358 1008  364 1024  
  362 1041  343 1073  333 1140  329 1173  323 1184  307 1192  268 1253  
  248 1307  166 1588   62 1828   39 1914   37 1944   47 1998   51 2009  
   59 2012   55 1974   55 1950   63 1928   85 1920  156 1910  178 1897  
  218 1862  228 1865  250 1879  276 1887  296 1882  330 1861  346 1842  
  375 1796  375 1783  371 1772  383 1748  397 1742  425 1748  534 1687  
  550 1671  558 1649  560 1633  572 1614  586 1606  604 1620  655 1618  
  659 1610  663 1577  671 1566  679 1572  693 1615  707 1621  717 1640  
  735 1648  777 1660  805 1663  839 1652  855 1647  865 1639  869 1623  
  885 1590  899 1593  925 1626  939 1629  949 1643  973 1637  989 1635  
 1001 1619 1011 1624 1043 1608 1047 1603 1064 1600 1087 1620 1164 1580  
 1206 1553 1232 1545 1242 1551 1270 1614 1292 1635 1320 1652 1334 1652  
 1418 1618 1448 1580 1461 1510 1465 1450 1453 1450 1433 1437 1431 1428  
 1447 1420 1464 1418 1478 1424 1490 1424 1500 1413 1516 1402 1538 1394  
 1594 1384 1644 1371 1692 1358 1749 1334 1753 1329 1753 1318 1761 1316  
 1785 1319 1791 1302 1799 1297 1821 1303 1835 1297 1839 1289 1847 1287  
 1861 1303 1927 1312 1949 1312 1991 1294 2050 1289 2082 1278 2118 1257  
 2152 1244 2160 1239 2172 1236 2184 1252 2208 1255 2222 1242 2232 1245  
 2248 1256 2270 1259 2282 1267 2290 1278 2292 1300 2288 1316 2278 1327  
 2268 1343 2261 1370 2247 1405 2245 1437 2237 1459 2241 1489 2242 1556  
 2254 1597 2276 1657 2278 1681 2271 1716 2277 1746 2309 1798 2323 1809  
 2341 1806 2353 1798 2361 1812 2361 1863 2365 1869 2379 1875 2384 1891  
 2376 1956 2386 2021 2394 2029 2419 2078 2435 2094 2461 2108 2475 2125  
 2475 2127 2483 2141 2519 2160 2551 2193 2567 2242 2576 2402 2565 2499  
 2561 2580 2554 2629 2550 2634 2534 2642 2506 2672 2510 2710 2497 2734  
 2467 2858 2453 2861 2440 2888 2436 2909 2438 2939 2434 2955 2428 2966  
 2434 2982 2423 3028 2419 3031 2419 3066 2423 3080 2419 3096 2421 3104  
 2433 3115 2433 3126 2383 3144 2369 3158 2350 3187 2326 3214 2320 3214  
 2310 3206 2306 3209 2254 3178 2218 3167 2222 3172 2202 3186 2160 3221  
 2129 3272 2085 3369 2072 3436 2072 3471 2080 3526 2089 3561 2113 3583  
 2109 3613 2083 3666 2058 3723 2036 3753 2020 3763 1996 3793 1982 3817  
 1969 3855 1975 3887 1951 3901 1939 3919 1898 4052 1885 4111 1859 4143  
 1815 4186 1803 4227 1800 4305 1806 4362 1831 4462 1856 4606 1888 4737  
 1907 4788 1953 4854 1967 4840 1987 4838 1991 4859 1981 4881 1979 4911  
 2006 5030 2014 5044 2080 5082 2154 5110 2178 5124 2266 5160 2300 5169  
 2376 5172 2458 5173 2490 5168 2635 5123 2665 5127 2703 5138 2729 5133  
 2761 5144 2835 5172 2879 5183 2943 5181 2957 5178 2957 5162 2971 5149  
 2978 5135 2986 5127 2992 5116 3000 5111 3010 5117 3038 5117 3066 5106  
 3084 5085 3090 5055 3100 5053 3108 5058 3116 5058 3128 5045 3135 5023  
 3143 5015 3151 5013 3153 5004 3141 4969 3145 4966 3165 4972 3177 4983  
 3193 4975 3211 4970 3225 4973 3285 4960 3358 4950 3498 4940 3522 4949  
 3592 4955 3630 4955 3674 4948 3710 4937 3753 4930 3827 4909 3891 4885  
 3923 4874 3931 4866 3951 4867 4054 4827 4072 4819 4090 4814 4094 4809  
 4096 4792 4100 4784 4100 4760 4105 4746 4129 4714 4143 4704 4159 4701  
 4195 4680 4247 4661 4269 4667 4281 4664 4344 4633 4350 4625 4360 4616  
 4382 4628 4398 4628 4438 4606 4466 4588 4525 4532 4527 4518 4519 4496  
 4521 4488 4531 4472 4543 4467 4551 4470 4559 4481 4577 4483 4611 4473  
 4642 4441 4674 4422 4692 4422 4730 4407 4740 4404 4752 4388 4764 4391  
 4786 4415 4836 4424 4848 4421 4864 4411 4900 4446 4954 4452 4970 4450  
 4982 4444 4994 4445 5018 4456 5139 4479 5255 4512 5307 4518 5321 4499  
 5335 4497 5343 4502 5349 4511 5361 4519 5401 4527 5421 4538 5441 4539  
 5481 4525 5499 4504 5513 4493 5519 4496 5527 4510 5537 4515 5579 4527  
 5619 4513 5631 4508 5652 4508 5662 4500 5672 4484 5678 4487 5684 4484  
 5690 4484 5712 4501 5742 4504 5750 4504 5754 4490 5760 4491 5776 4504  
 5818 4521 5862 4551 5914 4576 5926 4576 5932 4565 5944 4568 5966 4593  
 6020 4610 6030 4607 6038 4596 6050 4591 6076 4616 6090 4627 6176 4636  
 6186 4633 6196 4620 6210 4585 6210 4571 6231 4528 6245 4501 6299 4502  
 6307 4496 6323 4521 6327 4551 6328 4605 6332 4618 6354 4640 6382 4646  
 6404 4646 6406 4644 6424 4644 6481 4628 6519 4582 6531 4574 6533 4566  
 6541 4561 6553 4567 6573 4564 6605 4573 6617 4581 6635 4584 6661 4598  
 6673 4592 6705 4614 6729 4614 6745 4623 6763 4658 6789 4669 6839 4681  
 6849 4675 6887 4689 6923 4722 6983 4753 6993 4750 7025 4712 7043 4710  
 7048 4691 7054 4686 7076 4686 7110 4678 7118 4673 7128 4678 7140 4692  
 7154 4695 7158 4679 7178 4684 7194 4695 7198 4701 7202 4725 7216 4736  
 7238 4744 7246 4750 7246 4763 7252 4772 7274 4785 7307 4824 7343 4884  
 7355 4916 7361 4938 7379 4941 7441 4996 7461 5007 7481 5023 7497 5034  
 7525 5032 7545 5021 7547 5002 7555 4999 7581 5008 7593 5008 7601 4995  
 7613 4997 7633 5011 7643 5014 7665 4998 7677 4995 7683 5006 7691 5012  
 7701 5025 7719 5020 7727 5028 7745 5031 7769 5050 7775 5064 7833 5078  
 7845 5076 7849 5070 7847 5054 7863 5049 7875 5054 7881 5044 7909 5057  
 7913 5057 7917 5044 7938 5020 7944 5006 7960 5009 7978 5004 8008 4966  
 8026 4972 8038 4986 8052 5021 8058 5048 8040 5083 8037 5116 8075 5113  
 8085 5124 8105 5168 8111 5173 8117 5170 8123 5171 8139 5149 8147 5146  
 8161 5149 8175 5147 8214 5128 8224 5126 8254 5134 8280 5151 8292 5153  
 8318 5164 8334 5189 8346 5195 8368 5192 8401 5241 8463 5285 8549 5321  
 8627 5336 8686 5339 8710 5317 8714 5274 8714 5228 8720 5215 8738 5199  
 8757 5193 8780 5229 8800 5229 8808 5235 8816 5251 8844 5246 8853 5227  
 8881 5214 8895 5227 8899 5230 8899 5225 8907 5222 8913 5187 8927 5176  
 8935 5179 8941 5187 8971 5204 8977 5204 8987 5199 9015 5226 9021 5240  
 9029 5245 9051 5251 9059 5232 9063 5226 9077 5267 9069 5286 9079 5305  
 9141 5330 9157 5349 9169 5349 9187 5360 9206 5385 9214 5388 9223 5358  
 9237 5369 9244 5456 9250 5464 9258 5467 9284 5489 9290 5513 9288 5540  
 9284 5548 9270 5556 9255 5597 9251 5634 9257 5656 9269 5675 9289 5692  
 9315 5705 9347 5687 9383 5666 9389 5666 9403 5715 9405 5739 9399 5788  
 9380 5828 9376 5847 9368 5866 9376 5893 9398 5923 9424 5947 9430 5950  
 9464 5937 9468 5924 9476 5918 9504 5932 9516 5927 9518 5908 9540 5905  
 9550 5914 9560 5930 9582 5941 9612 5941 9624 5947 9632 5942 9644 5963  
 9648 6001 9656 6020 9676 6026 9720 6056 9726 6072 9730 6100 9727 6124  
 9707 6170 9695 6191 9661 6229 9632 6245 9632 6264 9646 6312 9668 6361  
 9690 6391 9712 6405 9724 6405 9728 6381 9742 6376 9764 6384 9778 6392  
 9810 6398 9820 6412 9820 6425 9804 6449 9810 6466 9820 6471 9844 6474  
 9848 6482 9835 6499 9839 6507 9849 6520 9857 6523 9878 6507 9884 6510  
 9891 6521 9889 6532 9883 6542 9859 6553 9849 6564 9867 6659 9875 6675  
 9946 6762 9966 6779 9972 677910000 6757                                
L  1 9    7     9    41    918888847302     3                           
    0 9429    010000 512210000                                          
L  1 9    8     9    91   1018888847303     3                           
 512210000100001000010000 6757                                          
L  1 9    9     9    11    218888847209     3                           
 1022    0    0    0    0  354                                          
L  1 9   10     9    21    318888847303     2                           
    0  354    0 6136                                                    
L  1 9   11     9    31    718888847302     2                           
    0 6136    0 8754                                                    
L  1 9   12     9    71    618888899999     2                           
    0 8754    0 9057                                                    
L  1 9   13     9    61    518888847302     2                           
    0 9057    0 9367                                                    
L  1 9   14     9    51    418888899999     2                           
    0 9367    0 9429                                                    
L  1 9   15     9    11   1019999988888     3                           
 1022    010000    010000 6757                                          
A  199999    1 6065 3270   3                                            
    2    6  -15                                                         
A  147209    2  374  325   3                                            
    9   -1   -2                                                         
A  147303    3 4169 5191   5                                            
   10    3    8   -6    1                                               
A  147302    4 1870 8006   6                                            
   11   -5   13   -4    7   -3                                          
A  199999    5    7 9402   2                                            
    4   14                                                              
A  199999    6  114 8770   2                                            
    5   12                                                              
H1 2    0   27    0    0   81 0507 0507                                 
L  2 2    1     0    00    00              47                           
 2186 5173 2094 5138 2021 5086 1992 5037 1965 4897 1937 4853 1882 4813  
 1840 4758 1780 4321 1792 4181 1882 4066 1930 3884 1970 3794 2062 3667  
 2074 3566 2026 3427 2035 3355 2137 3152 2128 3062 1979 2894 1889 2836  
 1755 2791 1687 2707 1657 2554 1576 2463 1575 2404 1606 2344 1783 2114  
 1790 2048 1741 1973 1532 1912 1377 1819 1296 1798 1178 1913 1076 1958  
  959 2108  873 2341  796 2448  710 2472  554 2440  518 2395  470 2237  
  421 2169  274 2149  212 2175  168 2243   78 2250                      
L  2 4    2     0    00    00               2                           
  118 8667  232 8781                                                    
L  2 4    3     0    00    00               9                           
  118 8667  188 8628  330 8484  362 8371  428 8273  484 8308  550 8311  
  640 8377  651 8419                                                    
L  2 2    4     0    00    00               4                           
  232 8781  497 8450  609 8449  651 8419                                
L  2 2    5     0    00    00               8                           
  651 8419  878 8346  919 8303 1153 8269 1223 8178 1280 8146 1310 8067  
 1312 8026                                                              
L  2 2    6     0    00    00              12                           
 1341 7900 1412 7822 1474 7676 1458 7457 1497 7315 1610 7221 1611 7075  
 1699 6871 1627 6660 1760 6293 1758 5767 1852 5490                      
L  2 2    7     0    00    00               2                           
 1341 7900 1312 8026                                                    
L  2 5    8     0    00    00               5                           
 1312 8026 1294 8020 1258 7844 1292 7820 1341 7900                      
L  2 2    9     0    00    00               3                           
 1852 5490 1924 5522 1977 5459                                          
L  2 2   10     0    00    00               2                           
 1852 5490 1977 5459                                                    
L  2 2   11     0    00    00               3                           
 1977 5459 2070 5428 2128 5362                                          
L  2 3   12     0    00    00              16                           
 2186 5173 2333 5201 2500 5334 2592 5358 2881 5332 2977 5283 3208 5024  
 3275 4997 3362 4985 3674 5007 3780 4981 3891 4927 3966 4923 4094 4844  
 4176 4739 4259 4704                                                    
L  2 5   13     0    00    00               8                           
 1852 5490 1749 5546 1363 5747 1110 6088 1095 6349  738 6810  560 6489  
  351 6068                                                              
L  2 5   14     0    00    00               3                           
  351 6068  426 5907  366 5425                                          
L  2 5   15     0    00    00              13                           
 253710000 2612 9720 2597 9499 2626 9198 2716 8275 2656 8094 2582 7914  
 2626 7673 2686 7432 2775 7091 3043 7131 3162 6971 3385 6770            
L  2 2   16     0    00    00               3                           
 2128 5362 2173 5253 2186 5173                                          
L  2 5   17     0    00    00               8                           
 2128 5362 2344 5546 2522 5606 2805 5646 2864 5767 3028 6007 3191 6088  
 3385 6770                                                              
L  2 5   18     0    00    00              22                           
 3385 6770 3578 6810 3861 7171 3980 7091 4099 6971 4232 6810 4366 6810  
 4455 6670 4604 6670 4991 6790 5035 6750 4976 6509 4961 6208 4991 6108  
 5065 5967 5050 5827 4812 5546 4619 5365 4500 5345 4426 5084 4292 4864  
 4259 4704                                                              
L  2 2   19     0    00    00              17                           
  394    0  327  106  334  207  374  251  516  319  538  421  522  475  
  463  550  412  673  391  813  345  892  322 1103  251 1240   25 1898  
   24 2064   40 2166   78 2250                                          
L  2 2   20     0    00    00               4                           
    0 9462   24 9427   28 9374    0 9329                                
L  2 2   21     0    00    00               3                           
    0 9071  202 8868  232 8781                                          
L  2 4   22     0    00    00               3                           
    0 8740   18 8750  118 8667                                          
L  2 4   23     0    00    00               2                           
    0 2247   78 2250                                                    
L  2 5   24     0    00    00               3                           
  351 6068   69 6268    0 6169                                          
L  2 3   25     0    00    00              53                           
 4259 4704 4382 4734 4599 4726 4832 4549 5008 4677 5226 4907 5382 4914  
 5674 5033 5750 5016 5887 4934 5959 4958 6117 5116 6379 5216 6554 5099  
 6852 4989 6935 5055 6983 5182 7061 5285 7253 5276 7398 5206 7571 5494  
 7667 5542 7734 5604 7935 5591 8131 5534 8272 5411 8320 5436 8355 5516  
 8367 5626 8446 5759 8612 5819 8713 5930 8934 5904 9014 5973 9060 5962  
 9146 5883 9235 6008 9334 6078 9356 6125 9361 6184 9316 6350 9381 6434  
 9358 6798 9421 6921 9418 7141 9475 7234 9556 7490 9626 7537 9660 7594  
 9705 7735 9739 7774 9890 780010000 7897                                
L  2 3   26     0    00    00               5                           
10000 8303 9941 8353 9855 8366 9822 846510000 8641                      
L  2 3   27     0    00    00              13                           
10000 9111 9904 9092 9659 9391 9551 9343 9482 9426 9379 9412 9317 9329  
 9194 9295 9071 9365 9090 9672 9056 9830 9098 9968 915910000            
H1 7    0    0    0    2    3 0507 0507                                 
P  7 1    1 4667 8000 0 1                                               
01 2 4667 8000              00  ìåë∫                                    
P  753    2 2355 5333 0 0                                               
M 392872çÇç]                  2    4   10    3    0   75                
H2 1    4    6    3    0   64 0507 0507                                 
N  1 1    1    0 6757 1 3    3   -6    5    0    0    0    0    0    0  
N  1 2    2 1320 9668 0 3    1   -2   -3    0    0    0    0    0    0  
N  1 1    3 180310000 1 3    6   -4   -1    0    0    0    0    0    0  
N  1 1    4  86810000 1 3    4   -5    2    0    0    0    0    0    0  
L  1 5    1     0    20    314730199999    39                           
 1320 9668 1327 9676 1340 9699 1351 9707 1372 9706 1386 9715 1405 9715  
 1416 9720 1418 9716 1444 9716 1456 9718 1467 9728 1487 9726 1500 9740  
 1511 9738 1532 9752 1542 9742 1551 9743 1554 9758 1567 9769 1582 9814  
 1601 9815 1619 9821 1632 9823 1645 9833 1645 9854 1653 9866 1647 9875  
 1671 9913 1679 9914 1684 9934 1699 9937 1709 9944 1717 9942 1724 9937  
 1759 9949 1788 9984 1800 9986 180310000                                
L  1 4    2     0    41    204730147303    20                           
  86810000  878 9998  889 9975  905 9958  944 9948  954 9948  969 9930  
  972 9913  973 9888  969 9877  972 9831  986 9764 1046 9716 1072 9702  
 1106 9718 1122 9722 1190 9716 1304 9684 1320 9675 1320 9668            
L  1 5    3     0    11    204730399999   250                           
    0 6757    2 6759   22 6758   29 6742   37 6743   39 6734   46 6727  
   58 6726   72 6715   86 6719   98 6711  108 6716  116 6716  127 6710  
  140 6724  146 6722  169 6737  174 6764  185 6779  185 6792  191 6802  
  189 6827  190 6850  189 6853  200 6871  214 6876  227 6896  237 6903  
  248 6949  262 6950  268 6965  275 6954  287 6946  300 6947  312 6956  
  317 6964  327 6955  340 6971  347 7001  353 7005  347 7028  347 7040  
  353 7045  350 7063  340 7067  319 7013  311 7015  308 7044  314 7062  
  307 7073  301 7073  288 7109  284 7130  293 7149  287 7163  280 7172  
  277 7184  269 7189  262 7214  266 7215  278 7232  291 7240  297 7261  
  309 7262  317 7271  321 7283  336 7282  343 7293  351 7293  361 7317  
  355 7352  333 7415  337 7421  336 7440  332 7448  313 7457  306 7472  
  295 7481  278 7512  268 7522  257 7549  244 7571  241 7584  220 7618  
  221 7666  229 7733  242 7790  253 7802  271 7814  285 7829  286 7837  
  302 7849  304 7856  316 7872  327 7895  342 7922  343 7928  363 7946  
  418 7951  434 7956  450 7978  469 8022  478 8025  497 8045  498 8042  
  507 8041  517 8055  537 8070  555 8043  565 8048  576 8079  589 8094  
  588 8117  600 8116  608 8122  611 8149  615 8156  617 8185  613 8191  
  612 8209  621 8216  627 8245  622 8268  612 8277  608 8289  610 8336  
  617 8363  627 8378  638 8435  647 8436  650 8456  643 8478  657 8511  
  655 8566  653 8584  662 8611  682 8623  703 8631  721 8615  751 8608  
  764 8609  778 8596  792 8590  801 8579  806 8578  818 8564  835 8568  
  857 8549  860 8551  867 8526  877 8507  875 8495  885 8468  898 8424  
  907 8411  918 8409  928 8432  927 8468  929 8478  929 8465  956 8420  
  962 8420  966 8436  981 8448  990 8451  998 8464  998 8495 1004 8493  
 1010 8497 1016 8516 1022 8521 1028 8541 1023 8570 1032 8579 1030 8602  
 1028 8605 1034 8620 1035 8633 1055 8636 1065 8654 1069 8672 1089 8668  
 1101 8680 1105 8689 1114 8680 1123 8682 1129 8695 1145 8680 1153 8688  
 1162 8666 1168 8660 1182 8663 1185 8668 1193 8658 1201 8662 1212 8644  
 1217 8643 1223 8652 1223 8647 1240 8633 1255 8648 1262 8671 1261 8692  
 1266 8702 1262 8737 1266 8748 1266 8765 1257 8776 1254 8775 1239 8807  
 1233 8814 1231 8834 1223 8855 1221 8856 1212 8849 1206 8889 1218 8975  
 1228 9018 1246 9014 1283 9067 1288 9079 1286 9071 1309 9089 1314 9106  
 1320 9108 1334 9142 1346 9191 1340 9215 1352 9222 1357 9258 1366 9263  
 1370 9276 1367 9293 1356 9307 1364 9319 1366 9351 1362 9369 1355 9370  
 1348 9366 1347 9401 1341 9423 1341 9458 1333 9475 1333 9491 1321 9522  
 1320 9531 1312 9548 1314 9586 1322 9661 1320 9668                      
L  1 9    4     9    41    318888847301     2                           
  86810000 180310000                                                    
L  1 9    5     9    11    418888847303     3                           
    0 6757    010000  86810000                                          
L  1 9    6     9    31    118888899999     5                           
 180310000100001000010000    0    0    0    0 6757                      
A  199999    1 5305 8334   3                                            
    3    1    6                                                         
A  147303    2  308 8356   3                                            
    5    2   -3                                                         
A  147301    3 1308 9834   3                                            
   -2    4   -1                                                         
H1 2    0    4    0    0    9 0507 0507                                 
L  2 5    1     0    00    00              11                           
  68610000  707 9854  873 9558  930 9186  881 9130  579 9318   87 9446  
   57 9395  257 9120  276 8880  169 8900                                
L  2 3    2     0    00    00               6                           
    0 7897   30 7923   74 8003   70 8183   44 8265    0 8303            
L  2 3    3     0    00    00               3                           
    0 8641  197 8797  169 8900                                          
L  2 3    4     0    00    00               3                           
  169 8900  101 9156    0 9111                                          
