M 394261•ê“‡                  2   31   33   30    3  346                
H2 1   31   33   30    0  338 0506 0506                                 
N  1 2    1  856 9965 0 2    1   -1    0    0    0    0    0    0    0  
N  1 2    2 6068 7193 0 2    2   -2    0    0    0    0    0    0    0  
N  1 2    3 6375 5869 0 2    3   -3    0    0    0    0    0    0    0  
N  1 2    4 5880 5899 0 2    4   -4    0    0    0    0    0    0    0  
N  1 2    5 5994 6935 0 2    5   -5    0    0    0    0    0    0    0  
N  1 2    6 7073 6849 0 2    6   -6    0    0    0    0    0    0    0  
N  1 2    7 6836 7544 0 2    7   -7    0    0    0    0    0    0    0  
N  1 2    8 8284 8745 0 2    8   -8    0    0    0    0    0    0    0  
N  1 2    9 8334 8875 0 2    9   -9    0    0    0    0    0    0    0  
N  1 2   10 8403 8392 0 2   10  -10    0    0    0    0    0    0    0  
N  1 2   11 8375 9090 0 2   11  -11    0    0    0    0    0    0    0  
N  1 2   12 8220 9202 0 2   12  -12    0    0    0    0    0    0    0  
N  1 2   13 8412 7523 0 2   13  -13    0    0    0    0    0    0    0  
N  1 2   14 7832 8351 0 2   14  -14    0    0    0    0    0    0    0  
N  1 2   15 2129 7406 0 2   15  -15    0    0    0    0    0    0    0  
N  1 2   16 2576 7413 0 2   16  -16    0    0    0    0    0    0    0  
N  1 2   17 2467 7602 0 2   17  -17    0    0    0    0    0    0    0  
N  1 2   18 2692 7206 0 2   18  -18    0    0    0    0    0    0    0  
N  1 2   19 2673 9542 0 2   19  -19    0    0    0    0    0    0    0  
N  1 2   20 2465 9524 0 2   20  -20    0    0    0    0    0    0    0  
N  1 2   21 2759 6774 0 2   21  -21    0    0    0    0    0    0    0  
N  1 2   22 1920 4420 0 2   22  -22    0    0    0    0    0    0    0  
N  1 2   23 2205 4577 0 2   23  -23    0    0    0    0    0    0    0  
N  1 2   24 1798 5199 0 2   24  -24    0    0    0    0    0    0    0  
N  1 2   25 1765 5390 0 2   25  -25    0    0    0    0    0    0    0  
N  1 2   26 1684 5176 0 2   26  -26    0    0    0    0    0    0    0  
N  1 2   27 1679 5335 0 2   27  -27    0    0    0    0    0    0    0  
N  1 1   28 196910000 1 3   28  -30   31    0    0    0    0    0    0  
N  1 1   29 258310000 1 3   32  -31  -28    0    0    0    0    0    0  
N  1 1   30 262610000 1 3   33  -32   29    0    0    0    0    0    0  
N  1 1   31 272510000 1 3   30  -33  -29    0    0    0    0    0    0  
L  1 5    1     0    10    101342199999    12                           
  856 9965  852 9981  844 9989  834 9986  830 9978  806 9967  806 9954  
  824 9913  832 9919  850 9941  852 9962  856 9965                      
L  1 5    2     0    20    201342199999    13                           
 6068 7193 6054 7190 6044 7176 6042 7154 6053 7133 6053 7125 6067 7117  
 6075 7120 6083 7125 6085 7158 6082 7185 6066 7190 6068 7193            
L  1 5    3     0    30    301342199999    32                           
 6375 5869 6371 5913 6376 5959 6400 5978 6408 6013 6404 6024 6388 6037  
 6382 6040 6364 6021 6360 6015 6336 6002 6324 5956 6315 5866 6313 5817  
 6305 5779 6316 5744 6324 5734 6326 5717 6342 5696 6348 5691 6370 5658  
 6378 5675 6398 5672 6408 5675 6420 5729 6416 5772 6408 5794 6401 5805  
 6381 5810 6369 5821 6373 5869 6375 5869                                
L  1 5    4     0    40    401342199999    13                           
 5880 5899 5882 5897 5895 5935 5891 5951 5887 5959 5879 5962 5863 5943  
 5839 5929 5831 5912 5842 5885 5852 5891 5866 5880 5880 5899            
L  1 5    5     0    50    501342199999    10                           
 5994 6935 5996 6918 6002 6910 6018 6908 6032 6919 6032 6938 6012 6962  
 6005 6967 5994 6948 5994 6935                                          
L  1 5    6     0    60    601342199999   258                           
 7073 6849 7083 6895 7074 6922 7072 6943 7088 6973 7114 6982 7134 6963  
 7142 6963 7160 6996 7170 7017 7180 7020 7198 7007 7206 7010 7216 7026  
 7220 7034 7220 7058 7218 7058 7210 7072 7200 7066 7200 7093 7207 7129  
 7219 7175 7217 7207 7203 7221 7183 7220 7167 7212 7125 7168 7111 7168  
 7073 7198 7071 7208 7070 7230 7066 7252 7038 7287 7030 7287 7016 7278  
 7002 7278 6990 7286 6936 7269 6932 7269 6920 7294 6902 7310 6895 7326  
 6857 7333 6847 7331 6829 7336 6813 7349 6801 7349 6789 7346 6745 7359  
 6737 7357 6715 7351 6693 7348 6683 7302 6663 7283 6653 7283 6637 7274  
 6589 7274 6539 7287 6511 7297 6491 7300 6481 7294 6467 7264 6459 7229  
 6455 7224 6435 7261 6427 7269 6405 7250 6397 7237 6385 7196 6365 7158  
 6347 7136 6317 7117 6291 7114 6281 7089 6242 7046 6226 7026 6195 7042  
 6179 7042 6155 7066 6147 7066 6137 7055 6127 7031 6111 7023 6093 7047  
 6091 7090 6085 7098 6037 7089 6015 7078 5997 7070 5989 7059 5991 7027  
 6017 6984 6027 6976 6044 6968 6056 6946 6076 6925 6080 6914 6080 6900  
 6066 6857 6060 6849 6056 6819 6063 6816 6092 6849 6077 6792 6067 6695  
 6043 6678 6013 6664 6005 6653 6009 6642 6020 6632 6020 6621 6000 6615  
 5986 6604 5970 6596 5968 6566 5964 6553 5956 6544 5950 6523 5898 6490  
 5890 6452 5874 6427 5875 6411 5887 6406 5903 6384 5919 6384 5933 6393  
 5943 6393 5945 6382 5939 6379 5929 6376 5903 6354 5895 6341 5881 6338  
 5865 6338 5863 6316 5867 6303 5877 6303 5881 6295 5879 6262 5870 6221  
 5882 6176 5896 6178 5898 6157 5894 6135 5890 6127 5880 6124 5868 6116  
 5874 6086 5873 6054 5879 6037 5881 6019 5885 6005 5905 5984 5913 5978  
 5913 5981 5941 5998 5965 6033 5993 6101 6008 6161 6012 6153 6009 6123  
 6031 6142 6039 6099 6043 6061 6063 6085 6067 6107 6072 6172 6076 6183  
 6090 6191 6110 6194 6126 6205 6181 6195 6185 6190 6193 6122 6215 6155  
 6223 6176 6241 6171 6233 6149 6235 6112 6239 6087 6249 6082 6269 6158  
 6277 6161 6309 6161 6341 6156 6355 6175 6363 6183 6377 6178 6389 6178  
 6397 6173 6409 6170 6415 6184 6425 6198 6427 6214 6445 6225 6443 6246  
 6465 6252 6491 6271 6495 6277 6513 6242 6521 6234 6525 6226 6535 6220  
 6553 6199 6567 6196 6571 6204 6583 6202 6591 6207 6597 6237 6593 6262  
 6577 6307 6577 6318 6585 6324 6609 6365 6651 6368 6665 6338 6675 6330  
 6687 6336 6693 6352 6715 6360 6727 6371 6731 6366 6735 6333 6743 6320  
 6759 6320 6775 6334 6783 6328 6791 6285 6804 6275 6812 6275 6822 6286  
 6821 6302 6819 6337 6833 6359 6845 6351 6847 6402 6867 6419 6887 6422  
 6937 6414 6953 6420 6965 6431 6986 6534 6998 6574 7024 6604 7030 6632  
 7028 6640 7008 6639 7000 6647 7000 6666 7012 6669 7026 6683 7046 6686  
 7054 6708 7037 6721 7039 6748 7055 6791 7057 6816 7073 6849            
L  1 5    7     0    70    701342199999    22                           
 6836 7544 6830 7569 6820 7593 6808 7593 6785 7614 6773 7617 6763 7614  
 6766 7598 6754 7584 6748 7554 6744 7546 6742 7527 6748 7525 6754 7503  
 6764 7492 6780 7495 6786 7490 6798 7487 6818 7504 6824 7504 6834 7531  
 6836 7544                                                              
L  1 5    8     0    80    801342199999    18                           
 8284 8745 8274 8807 8270 8850 8258 8869 8238 8874 8228 8869 8218 8855  
 8210 8855 8188 8839 8198 8785 8202 8747 8222 8720 8231 8717 8241 8707  
 8253 8701 8257 8693 8281 8718 8284 8745                                
L  1 5    9     0    90    901342199999    10                           
 8334 8875 8324 8913 8316 8910 8301 8924 8279 8918 8280 8815 8286 8805  
 8308 8821 8320 8835 8334 8875                                          
L  1 5   10     0   100   1001342199999   221                           
 8403 8392 8401 8438 8378 8454 8346 8510 8328 8526 8316 8504 8312 8480  
 8298 8493 8292 8523 8284 8566 8283 8599 8281 8599 8245 8666 8239 8685  
 8223 8696 8217 8696 8188 8712 8182 8709 8177 8698 8173 8679 8177 8657  
 8175 8617 8157 8625 8135 8641 8111 8643 8101 8594 8093 8570 8085 8535  
 8079 8524 8069 8524 8045 8542 8039 8539 8037 8531 8043 8515 8029 8488  
 8011 8477 7992 8442 7976 8387 7972 8347 7968 8347 7966 8328 7958 8311  
 7932 8287 7930 8260 7919 8238 7901 8213 7891 8189 7873 8153 7869 8137  
 7869 8091 7882 8059 7904 8043 7926 8008 7944 8011 7966 7970 7986 7946  
 8013 7936 8019 7928 8025 7898 8023 7873 8001 7841 7989 7841 7947 7827  
 7939 7813 7935 7778 7943 7764 7946 7705 7934 7707 7928 7715 7904 7729  
 7891 7737 7872 7720 7858 7715 7846 7696 7838 7658 7816 7620 7816 7546  
 7829 7530 7833 7506 7859 7490 7875 7490 7905 7507 7917 7480 7917 7464  
 7883 7442 7869 7423 7865 7420 7870 7382 7876 7363 7894 7347 7896 7315  
 7892 7274 7902 7279 7932 7274 7956 7264 7972 7264 7990 7275 8021 7273  
 8045 7281 8051 7289 8056 7311 8066 7314 8074 7303 8082 7314 8076 7357  
 8096 7373 8094 7390 8082 7411 8082 7414 8094 7425 8112 7417 8134 7433  
 8154 7485 8168 7491 8176 7485 8186 7488 8206 7480 8214 7488 8206 7521  
 8199 7532 8233 7583 8267 7605 8275 7603 8283 7595 8297 7587 8307 7590  
 8313 7611 8323 7617 8347 7609 8353 7604 8364 7571 8372 7571 8378 7577  
 8396 7604 8407 7615 8438 7615 8458 7626 8483 7654 8501 7662 8519 7670  
 8529 7687 8593 7733 8605 7744 8621 7771 8635 7777 8639 7772 8643 7747  
 8663 7729 8665 7731 8674 7721 8684 7718 8711 7740 8727 7751 8741 7767  
 8789 7787 8807 7809 8817 7814 8833 7806 8850 7785 8856 7771 8868 7782  
 8884 7777 8896 7780 8912 7750 8920 7731 8928 7734 8936 7726 8946 7745  
 8959 7843 8959 7916 8955 7924 8937 7918 8927 7899 8911 7891 8893 7888  
 8891 7896 8903 7910 8917 7915 8925 7926 8935 7932 8939 7951 8927 7959  
 8911 7961 8891 7947 8887 7931 8873 7926 8879 7950 8862 8018 8858 8026  
 8844 8028 8816 8066 8804 8066 8790 8047 8784 8049 8770 8068 8760 8073  
 8738 8070 8737 8089 8719 8108 8701 8078 8679 8072 8637 8086 8615 8123  
 8605 8131 8563 8131 8561 8128 8565 8120 8551 8139 8547 8155 8534 8174  
 8528 8187 8518 8198 8510 8228 8490 8260 8450 8281 8427 8300 8431 8346  
 8425 8357 8413 8362 8405 8362 8403 8392                                
L  1 5   11     0   110   1101342199999    24                           
 8375 9090 8363 9108 8355 9108 8346 9119 8336 9143 8314 9170 8306 9176  
 8288 9178 8276 9173 8266 9153 8256 9113 8255 9059 8263 9026 8279 9021  
 8287 8999 8295 8997 8317 9005 8331 9005 8341 9011 8343 9022 8351 9033  
 8351 9049 8381 9073 8375 9090                                          
L  1 5   12     0   120   1201342199999    15                           
 8220 9202 8206 9212 8200 9212 8192 9196 8172 9182 8158 9185 8160 9161  
 8164 9106 8168 9098 8178 9096 8190 9120 8196 9126 8212 9126 8226 9169  
 8220 9202                                                              
L  1 5   13     0   130   1301342199999     9                           
 8412 7523 8412 7550 8408 7563 8378 7558 8364 7544 8358 7536 8366 7504  
 8382 7496 8412 7523                                                    
L  1 5   14     0   140   1401342199999    16                           
 7832 8351 7840 8348 7844 8334 7850 8329 7868 8327 7884 8310 7886 8294  
 7896 8286 7914 8311 7910 8341 7888 8394 7876 8389 7864 8373 7836 8367  
 7832 8361 7832 8351                                                    
L  1 5   15     0   150   1501342199999   338                           
 2129 7406 2123 7422 2113 7427 2109 7403 2101 7398 2102 7368 2094 7365  
 2085 7368 2065 7362 2033 7373 2031 7354 2020 7332 2014 7332 1993 7337  
 1971 7334 1957 7318 1956 7304 1968 7255 1944 7263 1932 7263 1916 7236  
 1910 7220 1902 7220 1898 7198 1890 7187 1873 7105 1873 7092 1899 7065  
 1911 7057 1919 7057 1925 7079 1935 7087 1941 7104 1955 7082 1961 7079  
 1965 7058 1960 6957 1978 6847 1991 6817 2013 6809 2023 6809 2027 6804  
 2017 6801 1997 6760 1953 6722 1933 6716 1925 6708 1915 6678 1918 6659  
 1928 6638 1940 6627 1968 6633 1978 6625 1982 6595 1954 6570 1947 6511  
 1941 6502 1939 6478 1951 6438 1983 6443 1999 6441 2009 6435 2009 6422  
 1987 6381 1988 6346 1998 6322 2000 6305 2004 6308 2030 6284 2042 6284  
 2056 6287 2074 6309 2088 6304 2114 6312 2130 6285 2110 6261 2109 6236  
 2111 6225 2133 6239 2141 6242 2151 6215 2139 6196 2143 6158 2145 6147  
 2143 6120 2131 6117 2125 6123 2119 6136 2097 6168 2075 6171 2057 6171  
 2023 6159 2011 6127 2025 6089 2038 6070 2022 6029 2030 5946 2045 5900  
 2049 5894 2063 5900 2069 5851 2063 5816 2065 5797 2081 5805 2105 5849  
 2107 5852 2113 5852 2117 5841 2129 5833 2127 5822 2146 5746 2144 5719  
 2152 5671 2137 5584 2117 5497 2111 5497 2109 5527 2105 5535 2091 5540  
 2075 5532 2059 5507 2045 5496 2035 5507 2015 5507 2003 5477 2003 5469  
 2011 5455 2023 5445 2025 5434 2008 5377 1998 5360 1973 5417 1967 5428  
 1959 5425 1954 5368 1956 5349 1948 5311 1954 5352 1948 5363 1946 5387  
 1927 5438 1911 5452 1901 5454 1887 5441 1875 5435 1853 5437 1829 5443  
 1819 5434 1809 5386 1810 5318 1816 5299 1842 5242 1846 5223 1873 5213  
 1927 5219 1931 5222 1932 5238 1938 5252 1957 5241 1979 5238 2005 5239  
 2007 5217 2015 5201 2009 5182 1997 5174 1991 5155 1995 5130 1999 5130  
 2002 5082 2016 5076 2022 5060 2030 5052 2048 5020 2062 5028 2074 5026  
 2074 5017 2086 5004 2088 4980 2099 4964 2097 4945 2087 4904 2097 4880  
 2103 4869 2111 4872 2113 4882 2143 4913 2163 4918 2167 4910 2167 4888  
 2173 4867 2183 4856 2197 4859 2209 4873 2216 4856 2216 4846 2218 4835  
 2242 4827 2249 4884 2253 4884 2266 4860 2274 4825 2280 4808 2294 4817  
 2318 4844 2340 4874 2368 4901 2380 4918 2387 4948 2385 4958 2357 5031  
 2357 5050 2362 5080 2374 5099 2392 5110 2386 5161 2382 5175 2373 5243  
 2371 5251 2403 5256 2415 5262 2419 5259 2428 5249 2444 5251 2454 5262  
 2462 5249 2478 5246 2504 5274 2520 5279 2544 5280 2548 5301 2589 5356  
 2619 5410 2617 5454 2616 5494 2628 5516 2630 5527 2610 5616 2626 5649  
 2623 5668 2617 5692 2603 5711 2591 5748 2581 5767 2579 5792 2597 5778  
 2623 5765 2633 5768 2637 5817 2632 5833 2626 5833 2612 5927 2614 5957  
 2595 5976 2569 5995 2545 5989 2541 6016 2543 6035 2571 6049 2589 6073  
 2590 6130 2570 6162 2566 6195 2536 6168 2532 6167 2518 6178 2498 6151  
 2472 6151 2468 6172 2468 6188 2462 6202 2464 6218 2476 6229 2477 6248  
 2469 6302 2473 6332 2485 6381 2485 6392 2512 6414 2516 6422 2506 6473  
 2496 6519 2500 6541 2519 6587 2566 6590 2589 6604 2601 6631 2615 6680  
 2629 6713 2651 6754 2655 6778 2650 6797 2622 6818 2622 6834 2630 6856  
 2624 6872 2626 6921 2623 6943 2611 6975 2601 6989 2597 6989 2573 7013  
 2561 7015 2551 7010 2531 7028 2521 7026 2483 7039 2462 7041 2452 7038  
 2440 7025 2431 7019 2356 7032 2308 7050 2296 7056 2284 7085 2266 7088  
 2209 7142 2205 7152 2215 7179 2225 7196 2227 7217 2225 7253 2223 7255  
 2207 7252 2196 7285 2206 7293 2206 7304 2198 7325 2200 7347 2196 7377  
 2188 7382 2180 7374 2162 7333 2154 7333 2146 7341 2148 7366 2142 7376  
 2133 7403 2129 7406                                                    
L  1 5   16     0   160   1601342199999    19                           
 2576 7413 2558 7410 2554 7394 2545 7383 2531 7359 2519 7348 2515 7334  
 2491 7331 2485 7288 2489 7264 2497 7261 2511 7237 2541 7242 2549 7289  
 2553 7308 2577 7335 2583 7370 2578 7408 2576 7413                      
L  1 5   17     0   170   1701342199999    13                           
 2467 7602 2465 7599 2453 7596 2437 7577 2431 7566 2433 7550 2425 7509  
 2442 7493 2448 7493 2459 7537 2459 7564 2457 7575 2467 7602            
L  1 5   18     0   180   1801342199999    24                           
 2692 7206 2692 7222 2686 7239 2670 7257 2668 7263 2682 7276 2691 7309  
 2695 7328 2699 7342 2693 7358 2679 7358 2669 7363 2665 7357 2663 7314  
 2655 7279 2643 7265 2642 7233 2658 7206 2662 7187 2674 7187 2686 7193  
 2688 7209 2688 7201 2692 7206                                          
L  1 5   19     0   190   1901342199999    12                           
 2673 9542 2667 9529 2657 9521 2649 9518 2646 9507 2654 9477 2660 9464  
 2668 9458 2684 9502 2683 9537 2679 9542 2673 9542                      
L  1 5   20     0   200   2001342199999    20                           
 2465 9524 2475 9527 2481 9527 2481 9538 2467 9562 2445 9581 2440 9594  
 2430 9605 2416 9605 2396 9594 2384 9585 2376 9569 2377 9526 2387 9510  
 2399 9510 2413 9526 2431 9526 2439 9518 2457 9521 2465 9524            
L  1 5   21     0   210   2101342199999    13                           
 2759 6774 2761 6795 2757 6801 2749 6795 2743 6801 2737 6800 2723 6789  
 2723 6746 2733 6741 2741 6727 2757 6763 2755 6774 2759 6774            
L  1 5   22     0   220   2201342199999    19                           
 1920 4420 1924 4434 1921 4450 1927 4482 1929 4491 1925 4531 1923 4539  
 1913 4534 1901 4509 1891 4498 1865 4447 1865 4441 1871 4433 1874 4414  
 1886 4420 1894 4414 1900 4404 1910 4409 1920 4420                      
L  1 5   23     0   230   2301342199999    31                           
 2205 4577 2199 4599 2167 4650 2161 4656 2149 4650 2133 4620 2125 4590  
 2111 4576 2107 4549 2099 4522 2096 4498 2088 4473 2086 4454 2094 4449  
 2100 4433 2100 4422 2106 4417 2114 4414 2124 4392 2132 4390 2156 4398  
 2168 4396 2186 4399 2184 4415 2186 4431 2202 4450 2200 4464 2206 4483  
 2203 4575 2201 4580 2205 4577                                          
L  1 5   24     0   240   2401342199999    17                           
 1798 5199 1820 5210 1830 5221 1832 5229 1826 5253 1798 5315 1796 5315  
 1786 5328 1782 5328 1768 5315 1752 5317 1748 5309 1756 5266 1770 5225  
 1770 5215 1774 5190 1798 5199                                          
L  1 5   25     0   250   2501342199999     9                           
 1765 5390 1755 5393 1747 5352 1747 5339 1755 5342 1771 5339 1781 5353  
 1777 5374 1765 5390                                                    
L  1 5   26     0   260   2601342199999     8                           
 1684 5176 1684 5173 1702 5173 1708 5179 1708 5241 1700 5254 1684 5219  
 1684 5176                                                              
L  1 5   27     0   270   2701342199999    17                           
 1679 5335 1675 5335 1673 5303 1660 5270 1650 5259 1654 5235 1652 5213  
 1658 5205 1674 5235 1688 5249 1714 5303 1719 5341 1715 5366 1713 5368  
 1699 5349 1679 5341 1679 5335                                          
L  1 5   28     0   281   2911342199999   126                           
 196910000 1961 9998 1959 9979 1947 9944 1915 9892 1895 9873 1877 9862  
 1855 9856 1807 9856 1799 9885 1795 9893 1793 9912 1770 9950 1758 9958  
 1722 9952 1714 9947 1702 9947 1684 9925 1689 9903 1689 9879 1671 9860  
 1659 9833 1661 9827 1645 9819 1645 9794 1647 9789 1643 9767 1640 9705  
 1624 9681 1614 9667 1612 9651 1600 9642 1598 9623 1580 9596 1536 9590  
 1534 9585 1532 9566 1516 9558 1518 9533 1527 9512 1531 9509 1539 9493  
 1543 9477 1549 9469 1563 9488 1581 9485 1619 9513 1647 9529 1659 9548  
 1687 9551 1719 9538 1729 9514 1737 9511 1745 9490 1750 9457 1776 9444  
 1788 9444 1818 9463 1832 9466 1844 9463 1854 9477 1855 9512 1865 9526  
 1865 9545 1875 9556 1881 9578 1887 9591 1895 9599 1905 9616 1923 9629  
 1943 9659 1971 9681 1993 9692 2031 9728 2047 9728 2057 9742 2081 9731  
 2099 9737 2117 9756 2133 9753 2149 9754 2165 9721 2183 9740 2211 9719  
 2227 9719 2265 9739 2271 9733 2281 9720 2279 9731 2285 9712 2287 9714  
 2307 9701 2312 9682 2320 9674 2336 9672 2342 9666 2350 9666 2362 9656  
 2372 9656 2388 9634 2424 9632 2430 9651 2446 9657 2450 9681 2462 9705  
 2468 9751 2490 9754 2498 9760 2506 9755 2520 9757 2536 9755 2552 9760  
 2570 9755 2576 9772 2576 9788 2565 9823 2569 9845 2565 9858 2559 9858  
 2541 9885 2531 9885 2521 9887 2519 9901 2529 9934 2578 9996 258310000  
L  1 5   29     0   301   3111342199999    11                           
 262610000 2632 9986 2651 9970 2659 9929 2675 9913 2689 9941 2709 9900  
 2717 9906 2723 9922 2729 9960 272510000                                
L  1 9   30     9   311   2818888899999     6                           
 272510000100001000010000    0    0    0    010000 196910000            
L  1 9   31     9   281   2918888813421     2                           
 196910000 258310000                                                    
L  1 9   32     9   291   3018888899999     2                           
 258310000 262610000                                                    
L  1 9   33     9   301   3118888813421     2                           
 262610000 272510000                                                    
A  113421    1  829 9952   1                                            
   -1                                                                   
A  113421    2 6063 7155   1                                            
   -2                                                                   
A  113421    3 6343 5850   1                                            
   -3                                                                   
A  113421    4 5862 5920   1                                            
   -4                                                                   
A  113421    5 6013 6937   1                                            
   -5                                                                   
A  113421    6 6508 6665   1                                            
   -6                                                                   
A  113421    7 6791 7552   1                                            
   -7                                                                   
A  113421    8 8238 8782   1                                            
   -8                                                                   
A  113421    9 8305 8864   1                                            
   -9                                                                   
A  113421   10 8405 8008   1                                            
  -10                                                                   
A  113421   11 8316 9086   1                                            
  -11                                                                   
A  113421   12 8191 9154   1                                            
  -12                                                                   
A  113421   13 8386 7530   1                                            
  -13                                                                   
A  113421   14 7876 8340   1                                            
  -14                                                                   
A  113421   15 2367 6127   1                                            
  -15                                                                   
A  113421   16 2530 7326   1                                            
  -16                                                                   
A  113421   17 2446 7546   1                                            
  -17                                                                   
A  113421   18 2665 7274   1                                            
  -18                                                                   
A  113421   19 2666 9500   1                                            
  -19                                                                   
A  113421   20 2423 9556   1                                            
  -20                                                                   
A  113421   21 2740 6764   1                                            
  -21                                                                   
A  113421   22 1901 4470   1                                            
  -22                                                                   
A  113421   23 2152 4522   1                                            
  -23                                                                   
A  113421   24 1791 5258   1                                            
  -24                                                                   
A  113421   25 1764 5366   1                                            
  -25                                                                   
A  113421   26 1696 5212   1                                            
  -26                                                                   
A  113421   27 1686 5286   1                                            
  -27                                                                   
A  199999   28 9042 7408  58                                            
   28   32   29   30    0    1    0    2    0    3    0    4    0    5  
    0    6    0    7    0    8    0    9    0   10    0   11    0   12  
    0   13    0   14    0   15    0   16    0   17    0   18    0   19  
    0   20    0   21    0   22    0   23    0   24    0   25    0   26  
    0   27                                                              
A  113421   29 1844 9728   2                                            
   31  -28                                                              
A  113421   30 2691 9950   2                                            
   33  -29                                                              
H1 7    0    0    0    3    6 0506 0506                                 
P  7 7    1 2333 5866 0 1                                               
01 2 2333 5866              00  Žo“‡                                    
P  7 7    2 8244 8000 0 1                                               
01 2 8244 8000              00  –Ã“‡                                    
P  7 7    3 6466 6700 0 1                                               
01 2 6466 6700              00  –…“‡                                    
M 394270•ê“‡“ì•”              1    6    7    6    0   63                
H2 1    6    7    6    0   62 0506 0506                                 
N  1 2    1 9614 1286 0 2    1   -1    0    0    0    0    0    0    0  
N  1 2    2 9619 1502 0 2    2   -2    0    0    0    0    0    0    0  
N  1 2    3 9918 2932 0 2    3   -3    0    0    0    0    0    0    0  
N  1 2    4 9921 3054 0 2    4   -4    0    0    0    0    0    0    0  
N  1 1    510000 2883 1 3    5   -7    6    0    0    0    0    0    0  
N  1 1    610000 1378 1 3    7   -5   -6    0    0    0    0    0    0  
L  1 5    1     0    10    101342199999    17                           
 9614 1286 9633 1272 9639 1288 9653 1299 9659 1318 9664 1324 9670 1326  
 9667 1335 9661 1364 9653 1372 9641 1362 9630 1365 9612 1336 9604 1332  
 9589 1320 9603 1288 9614 1286                                          
L  1 5    2     0    20    201342199999    12                           
 9619 1502 9618 1471 9645 1487 9661 1470 9666 1453 9675 1451 9697 1470  
 9686 1499 9666 1519 9642 1542 9620 1515 9619 1502                      
L  1 5    3     0    30    301342199999    23                           
 9918 2932 9920 2942 9918 2950 9912 2955 9891 2961 9874 2977 9869 2978  
 9860 2974 9853 2976 9835 2988 9827 2983 9814 2946 9814 2882 9825 2860  
 9836 2856 9848 2860 9866 2858 9872 2868 9886 2877 9893 2901 9905 2920  
 9917 2925 9918 2932                                                    
L  1 5    4     0    40    401342199999    22                           
 9921 3054 9914 3081 9907 3082 9891 3067 9880 3076 9867 3068 9847 3066  
 9840 3061 9842 3048 9848 3035 9854 3003 9867 2987 9884 2981 9888 2976  
 9902 2973 9910 2982 9922 2984 9928 2993 9930 3006 9928 3016 9929 3040  
 9921 3054                                                              
L  1 5    5     0    51    611342199999   152                           
10000 2883 9975 2879 9964 2874 9945 2878 9933 2869 9911 2865 9903 2855  
 9871 2853 9863 2842 9818 2806 9803 2771 9809 2764 9814 2717 9816 2711  
 9827 2711 9837 2700 9849 2706 9861 2706 9866 2685 9859 2660 9857 2633  
 9853 2620 9847 2558 9800 2507 9788 2498 9778 2503 9768 2502 9763 2495  
 9748 2528 9739 2532 9727 2532 9715 2513 9699 2519 9685 2513 9675 2515  
 9661 2507 9657 2500 9644 2500 9633 2495 9618 2477 9627 2449 9637 2434  
 9652 2422 9679 2419 9675 2369 9662 2339 9651 2322 9642 2314 9615 2211  
 9606 2196 9593 2188 9588 2178 9566 2155 9562 2135 9567 2094 9566 2063  
 9571 2052 9580 2048 9589 2052 9607 2052 9644 2077 9678 2108 9712 2070  
 9726 2074 9751 2059 9750 2028 9746 2012 9748 1967 9750 1964 9769 1980  
 9789 1955 9806 1949 9820 1946 9824 1941 9812 1938 9804 1932 9799 1919  
 9816 1899 9840 1915 9844 1914 9853 1889 9854 1864 9861 1812 9870 1797  
 9873 1772 9867 1764 9848 1749 9829 1744 9821 1752 9811 1782 9800 1755  
 9789 1744 9774 1682 9775 1679 9785 1679 9809 1650 9828 1645 9836 1638  
 9861 1657 9870 1687 9873 1685 9888 1695 9914 1689 9937 1621 9943 1585  
 9936 1539 9927 1513 9919 1509 9903 1517 9889 1505 9881 1511 9864 1500  
 9838 1473 9825 1469 9799 1452 9796 1445 9800 1432 9796 1405 9791 1397  
 9785 1334 9778 1324 9767 1240 9772 1213 9769 1193 9753 1178 9746 1166  
 9751 1144 9755 1124 9764 1098 9768 1097 9784 1109 9794 1111 9817 1134  
 9837 1142 9853 1145 9867 1124 9874 1111 9913 1142 9919 1151 9924 1181  
 9916 1209 9936 1235 9944 1285 9944 1302 9939 1320 9922 1348 9944 1395  
 9952 1404 9979 1411 9989 1406 9991 139010000 1378                      
L  1 9    6     9    51    619999988888     6                           
10000 28831000010000    010000    0    010000    010000 1378            
L  1 9    7     9    61    511342188888     2                           
10000 137810000 2883                                                    
A  113421    1 9627 1322   1                                            
   -1                                                                   
A  113421    2 9653 1496   1                                            
   -2                                                                   
A  113421    3 9862 2922   1                                            
   -3                                                                   
A  113421    4 9889 3028   1                                            
   -4                                                                   
A  199999    5 4784 2094  10                                            
    5   -6    0    1    0    2    0    3    0    4                      
A  113421    6 9874 1988   2                                            
   -7   -5                                                              
M 394271•ê“‡“ì•”              3   29   34   26    3  397                
H2 1   29   33   26    0  376 0506 0506                                 
N  1 2    1 4550 8858 0 2    1   -1    0    0    0    0    0    0    0  
N  1 2    2 3087 8837 0 2    2   -2    0    0    0    0    0    0    0  
N  1 1    3 123410000 1 3    3   23  -28    0    0    0    0    0    0  
N  1 1    4 276910000 1 3   27  -23   -3    0    0    0    0    0    0  
N  1 2    5 1220 7329 0 2    4   -4    0    0    0    0    0    0    0  
N  1 2    6 1352 7907 0 2    5   -5    0    0    0    0    0    0    0  
N  1 2    7 1557 7522 0 2    6   -6    0    0    0    0    0    0    0  
N  1 2    8 1248 8545 0 2    7   -7    0    0    0    0    0    0    0  
N  1 2    9 1117 9342 0 2    8   -8    0    0    0    0    0    0    0  
N  1 2   10  956 9628 0 2    9   -9    0    0    0    0    0    0    0  
N  1 2   11 3039  688 0 2   10  -10    0    0    0    0    0    0    0  
N  1 2   12 2856  190 0 2   11  -11    0    0    0    0    0    0    0  
N  1 2   13 2995  354 0 2   12  -12    0    0    0    0    0    0    0  
N  1 2   14 3084  945 0 2   13  -13    0    0    0    0    0    0    0  
N  1 2   15 3265  861 0 2   14  -14    0    0    0    0    0    0    0  
N  1 2   16 3759 3533 0 2   15  -15    0    0    0    0    0    0    0  
N  1 2   17 3598 1755 0 2   16  -16    0    0    0    0    0    0    0  
N  1 2   18 4506 4404 0 2   17  -17    0    0    0    0    0    0    0  
N  1 2   19 3851 2307 0 2   18  -18    0    0    0    0    0    0    0  
N  1 2   20 3984 2236 0 2   19  -19    0    0    0    0    0    0    0  
N  1 2   21 3859 1744 0 2   20  -20    0    0    0    0    0    0    0  
N  1 2   22 3807 1606 0 2   21  -21    0    0    0    0    0    0    0  
N  1 2   23 1937  110 0 2   22  -22    0    0    0    0    0    0    0  
N  1 1   24    0 1378 1 3   30  -29   24    0    0    0    0    0    0  
N  1 1   25    0 2883 1 3  -24   28  -30    0    0    0    0    0    0  
N  1 1   26 2725    0 1 3  -27   25  -33    0    0    0    0    0    0  
N  1 1   27 1969    0 1 3   31  -25   29    0    0    0    0    0    0  
N  1 1   28 2583    0 1 3   32   26  -31    0    0    0    0    0    0  
N  1 1   29 2626    0 1 3   33  -26  -32    0    0    0    0    0    0  
L  1 5    1     0    10    101342199999    16                           
 4550 8858 4544 8861 4540 8885 4534 8898 4536 8904 4518 8909 4508 8890  
 4502 8838 4515 8784 4521 8787 4529 8785 4535 8774 4539 8777 4553 8798  
 4559 8836 4550 8858                                                    
L  1 5    2     0    20    201342199999    16                           
 3087 8837 3077 8878 3064 8878 3054 8883 3047 8867 3034 8869 3039 8850  
 3043 8845 3061 8783 3069 8786 3077 8775 3091 8772 3097 8783 3093 8816  
 3087 8832 3087 8837                                                    
L  1 5    3     0    31    411342199999  1016                           
 123410000 1197 9979 1179 9963 1169 9947 1177 9936 1191 9936 1197 9931  
 1191 9912 1187 9906 1187 9868 1196 9841 1206 9822 1204 9809 1190 9806  
 1176 9819 1168 9817 1153 9854 1145 9868 1135 9873 1119 9873 1091 9848  
 1076 9813 1070 9775 1074 9734 1082 9702 1064 9694 1056 9688 1048 9661  
 1055 9610 1065 9588 1119 9521 1126 9508 1136 9524 1156 9529 1157 9540  
 1157 9565 1159 9578 1189 9589 1197 9598 1207 9598 1215 9595 1221 9573  
 1222 9549 1230 9530 1242 9530 1262 9541 1270 9555 1274 9558 1278 9582  
 1269 9615 1279 9612 1288 9588 1302 9572 1310 9585 1320 9583 1350 9602  
 1356 9615 1368 9610 1396 9616 1406 9635 1425 9662 1421 9673 1401 9694  
 1399 9703 1419 9724 1427 9754 1471 9755 1495 9750 1507 9720 1523 9726  
 1557 9712 1604 9661 1648 9621 1660 9597 1673 9540 1673 9527 1661 9481  
 1659 9453 1675 9462 1683 9459 1687 9448 1678 9399 1688 9397 1688 9383  
 1680 9351 1684 9329 1688 9321 1692 9281 1693 9259 1691 9240 1677 9202  
 1671 9129 1664 9093 1638 9042 1610 9022 1594 9006 1576 8981 1546 8903  
 1547 8862 1537 8838 1511 8824 1493 8802 1481 8775 1463 8728 1466 8704  
 1440 8639 1442 8606 1440 8604 1410 8606 1388 8622 1368 8619 1360 8625  
 1348 8611 1342 8584 1344 8521 1343 8484 1333 8467 1327 8432 1327 8413  
 1343 8359 1364 8351 1382 8351 1382 8349 1393 8376 1397 8395 1413 8408  
 1433 8420 1443 8414 1457 8401 1455 8393 1465 8398 1469 8398 1501 8420  
 1511 8415 1526 8391 1536 8350 1498 8301 1482 8258 1482 8252 1505 8220  
 1511 8201 1567 8177 1569 8172 1603 8167 1607 8170 1619 8140 1636 8108  
 1634 8097 1644 8070 1640 8034 1620 7994 1607 7972 1592 7969 1560 8017  
 1534 8036 1522 8049 1508 8044 1484 8063 1474 8060 1460 8008 1454 7997  
 1450 7946 1470 7927 1499 7890 1537 7874 1539 7866 1535 7857 1503 7841  
 1495 7830 1497 7822 1517 7800 1542 7757 1556 7755 1568 7760 1586 7785  
 1594 7790 1600 7790 1616 7780 1624 7758 1632 7728 1628 7699 1611 7655  
 1609 7642 1613 7628 1625 7609 1615 7552 1619 7517 1628 7504 1645 7517  
 1658 7512 1690 7475 1678 7393 1684 7385 1718 7385 1739 7386 1745 7375  
 1751 7351 1771 7351 1789 7335 1799 7343 1803 7343 1821 7324 1835 7327  
 1847 7338 1853 7322 1863 7336 1873 7338 1893 7330 1903 7320 1922 7287  
 1934 7258 1940 7261 1964 7209 1966 7193 1959 7150 1949 7133 1915 7119  
 1901 7106 1883 7070 1861 7059 1855 7021 1867 6978 1898 6932 1916 6925  
 1924 6857 1925 6819 1919 6805 1921 6781 1915 6767 1919 6754 1935 6762  
 1951 6741 1975 6695 1976 6684 1980 6679 2006 6663 2008 6666 2006 6620  
 2002 6603 1990 6587 1978 6557 1975 6516 1989 6449 1983 6384 1996 6351  
 1986 6343 2006 6295 2012 6270 2004 6230 2029 6189 2035 6184 2039 6141  
 2049 6146 2051 6106 2055 6092 2064 6076 2062 6062 2050 6054 2054 6033  
 2062 6027 2062 5984 2070 5941 2061 5919 2065 5911 2087 5903 2101 5881  
 2143 5906 2149 5909 2169 5893 2183 5898 2193 5896 2199 5877 2207 5869  
 2225 5883 2233 5869 2255 5878 2263 5886 2271 5897 2255 5929 2251 5961  
 2264 6010 2320 6114 2326 6146 2327 6195 2351 6217 2391 6245 2421 6269  
 2439 6275 2457 6261 2502 6213 2520 6235 2551 6290 2555 6349 2549 6395  
 2591 6396 2615 6390 2637 6372 2653 6331 2660 6296 2646 6277 2628 6236  
 2624 6212 2631 6112 2641 6039 2647 6020 2617 5982 2606 5960 2602 5914  
 2610 5822 2613 5778 2633 5714 2639 5703 2627 5670 2628 5654 2632 5638  
 2642 5619 2646 5595 2646 5557 2622 5540 2616 5527 2624 5494 2643 5459  
 2645 5443 2637 5435 2627 5408 2633 5383 2662 5297 2668 5281 2694 5251  
 2734 5222 2753 5195 2783 5195 2789 5212 2819 5193 2833 5180 2839 5191  
 2859 5199 2875 5223 2877 5245 2932 5300 2932 5335 2942 5362 2964 5379  
 2994 5393 3010 5395 3032 5390 3060 5391 3072 5396 3082 5396 3090 5391  
 3102 5361 3119 5342 3127 5337 3143 5345 3154 5394 3168 5416 3200 5438  
 3216 5457 3244 5471 3266 5469 3298 5488 3332 5461 3353 5437 3363 5380  
 3387 5370 3411 5329 3423 5321 3446 5262 3460 5184 3471 5162 3487 5149  
 3499 5106 3497 5076 3489 5054 3489 5022 3504 5005 3514 5000 3554 5022  
 3564 5022 3580 5001 3584 5001 3584 4982 3578 4952 3578 4930 3584 4914  
 3596 4893 3609 4887 3611 4863 3605 4852 3601 4803 3603 4782 3611 4768  
 3613 4755 3614 4711 3616 4703 3630 4695 3668 4701 3678 4699 3684 4677  
 3674 4631 3662 4604 3667 4585 3679 4596 3693 4590 3705 4564 3725 4539  
 3743 4550 3757 4564 3767 4567 3793 4551 3813 4546 3851 4533 3859 4514  
 3843 4505 3837 4508 3819 4505 3787 4480 3784 4470 3790 4459 3808 4454  
 3816 4448 3828 4421 3842 4413 3842 4397 3834 4386 3802 4386 3768 4372  
 3742 4385 3720 4385 3714 4363 3686 4336 3680 4325 3684 4284 3691 4260  
 3707 4239 3777 4185 3787 4188 3791 4191 3791 4223 3801 4229 3833 4202  
 3847 4202 3857 4208 3880 4167 3876 4124 3858 4089 3822 4061 3816 4050  
 3818 4031 3832 4013 3843 4007 3857 4010 3896 4035 3912 4038 3923 4030  
 3929 4014 3931 3954 3915 3894 3908 3802 3902 3772 3912 3754 3922 3724  
 3920 3718 3906 3729 3898 3729 3890 3734 3878 3729 3864 3710 3869 3680  
 3861 3620 3863 3607 3857 3593 3855 3561 3857 3542 3861 3536 3875 3556  
 3879 3572 3901 3567 3913 3553 3924 3534 3938 3494 3954 3478 3972 3473  
 4002 3476 4014 3468 3990 3454 3994 3435 3991 3413 3955 3399 3939 3375  
 3929 3348 3897 3282 3893 3269 3873 3250 3859 3252 3843 3244 3821 3203  
 3816 3146 3794 3146 3762 3162 3758 3156 3756 3110 3758 3062 3762 3045  
 3772 3043 3774 3032 3757 3002 3722 3026 3706 3023 3702 3010 3709 2977  
 3717 2966 3721 2956 3707 2934 3709 2912 3703 2890 3705 2880 3683 2847  
 3639 2817 3638 2784 3634 2752 3638 2708 3646 2679 3642 2668 3636 2665  
 3629 2630 3631 2603 3635 2595 3655 2589 3659 2589 3667 2603 3675 2606  
 3687 2603 3689 2598 3701 2593 3707 2595 3725 2642 3731 2666 3736 2712  
 3736 2736 3732 2747 3734 2755 3748 2769 3796 2783 3844 2784 3862 2778  
 3876 2762 3891 2698 3901 2719 3913 2706 3921 2711 3921 2698 3915 2679  
 3913 2646 3933 2592 3942 2576 3980 2550 3988 2539 3998 2517 4012 2512  
 4036 2556 4052 2572 4076 2621 4085 2648 4095 2689 4101 2711 4105 2708  
 4119 2724 4129 2773 4143 2711 4155 2695 4165 2700 4183 2687 4191 2690  
 4199 2709 4221 2731 4231 2744 4231 2766 4223 2771 4221 2769 4207 2766  
 4209 2785 4213 2793 4271 2785 4285 2813 4287 2851 4284 2886 4290 2929  
 4304 2956 4326 2951 4358 2930 4370 2930 4388 2946 4424 3015 4428 3036  
 4420 3058 4408 3060 4371 3065 4359 3065 4345 3068 4333 3173 4330 3219  
 4324 3244 4316 3268 4302 3289 4284 3303 4270 3308 4264 3346 4256 3346  
 4253 3413 4241 3476 4253 3486 4259 3500 4258 3516 4244 3538 4242 3562  
 4258 3557 4262 3565 4260 3581 4246 3592 4262 3625 4266 3649 4260 3663  
 4243 3687 4247 3754 4241 3803 4230 3835 4232 3844 4246 3863 4298 3907  
 4304 3945 4282 3996 4315 4026 4313 4053 4285 4077 4291 4088 4283 4126  
 4277 4147 4291 4164 4308 4202 4302 4269 4322 4324 4322 4337 4307 4348  
 4287 4459 4287 4475 4278 4494 4248 4515 4232 4510 4222 4501 4214 4499  
 4178 4547 4170 4563 4195 4685 4199 4734 4195 4766 4199 4788 4188 4888  
 4192 4942 4201 4967 4217 4999 4225 4999 4233 5037 4229 5078 4225 5089  
 4215 5100 4206 5132 4192 5148 4166 5159 4162 5215 4162 5251 4176 5256  
 4186 5251 4192 5256 4194 5264 4185 5302 4169 5354 4147 5378 4127 5407  
 4120 5413 4112 5413 4096 5431 4032 5525 4003 5571 3985 5593 3973 5598  
 3965 5592 3963 5590 3959 5592 3933 5641 3920 5716 3910 5733 3876 5751  
 3860 5756 3850 5770 3836 5775 3814 5769 3781 5812 3749 5834 3737 5847  
 3729 5852 3725 5852 3681 5874 3679 5871 3642 5903 3632 5906 3592 5946  
 3572 5975 3570 5986 3591 6068 3591 6135 3597 6154 3609 6165 3623 6168  
 3631 6176 3630 6198 3624 6206 3608 6192 3610 6260 3597 6352 3593 6387  
 3589 6398 3573 6419 3563 6427 3541 6433 3493 6462 3494 6473 3539 6479  
 3547 6487 3556 6514 3552 6533 3534 6560 3524 6606 3512 6619 3492 6619  
 3473 6700 3475 6727 3450 6781 3440 6789 3446 6805 3452 6813 3496 6846  
 3508 6860 3518 6876 3522 6890 3536 6895 3560 6958 3568 6969 3598 6969  
 3620 6994 3623 7015 3611 7045 3595 7059 3579 7083 3583 7085 3609 7083  
 3615 7110 3613 7148 3626 7232 3634 7259 3654 7276 3670 7284 3704 7322  
 3710 7333 3715 7412 3715 7450 3705 7474 3691 7493 3703 7517 3708 7547  
 3704 7617 3698 7617 3688 7620 3671 7693 3683 7755 3683 7771 3675 7788  
 3665 7798 3662 7836 3650 7869 3658 7958 3682 7969 3691 8061 3685 8091  
 3693 8140 3705 8159 3715 8162 3751 8162 3757 8178 3769 8187 3778 8211  
 3796 8219 3812 8225 3824 8222 3831 8206 3869 8188 3883 8182 3897 8172  
 3899 8166 3909 8166 3917 8180 3941 8191 3957 8194 3991 8189 4013 8176  
 4025 8176 4037 8146 4044 8138 4054 8138 4086 8114 4098 8111 4108 8074  
 4118 8047 4138 8025 4145 8001 4163 7993 4221 8037 4237 8053 4247 8051  
 4271 8037 4301 8027 4327 8068 4332 8127 4360 8158 4374 8160 4408 8155  
 4420 8155 4458 8183 4470 8188 4481 8102 4495 8070 4511 8067 4549 8073  
 4575 8143 4573 8165 4552 8227 4552 8265 4542 8303 4540 8322 4530 8335  
 4535 8354 4541 8354 4578 8333 4612 8339 4642 8328 4672 8320 4680 8312  
 4696 8269 4767 8248 4777 8248 4817 8279 4829 8295 4818 8314 4812 8392  
 4811 8468 4801 8479 4791 8479 4769 8468 4757 8473 4747 8484 4745 8505  
 4747 8527 4761 8557 4783 8587 4794 8663 4804 8679 4854 8701 4872 8742  
 4868 8764 4830 8788 4807 8782 4784 8763 4759 8784 4741 8792 4713 8789  
 4711 8770 4689 8751 4687 8775 4665 8762 4661 8772 4639 8799 4627 8780  
 4607 8726 4569 8712 4557 8696 4549 8693 4515 8698 4505 8706 4489 8746  
 4474 8825 4432 8808 4396 8789 4386 8772 4377 8759 4369 8756 4328 8783  
 4314 8782 4304 8782 4281 8722 4281 8698 4295 8671 4295 8639 4299 8647  
 4311 8620 4321 8623 4329 8609 4339 8612 4344 8563 4348 8553 4336 8501  
 4324 8474 4316 8460 4274 8454 4248 8457 4208 8483 4192 8472 4184 8459  
 4176 8429 4164 8396 4154 8385 4132 8374 4126 8355 4110 8339 4088 8328  
 4042 8311 4018 8311 4004 8319 3994 8332 3986 8330 3978 8343 3970 8346  
 3960 8365 3942 8353 3936 8356 3916 8351 3886 8337 3858 8372 3850 8377  
 3837 8415 3823 8444 3811 8452 3791 8433 3785 8417 3787 8406 3785 8398  
 3763 8368 3747 8354 3734 8335 3710 8319 3693 8327 3673 8348 3663 8345  
 3647 8337 3647 8334 3629 8342 3605 8361 3577 8369 3561 8360 3557 8363  
 3533 8406 3492 8452 3424 8508 3385 8564 3355 8594 3331 8604 3309 8610  
 3249 8598 3243 8601 3147 8583 3120 8618 3098 8621 3086 8607 3078 8602  
 3062 8621 3056 8637 3060 8661 3076 8688 3076 8705 3061 8729 3003 8788  
 2991 8769 2981 8766 2979 8769 2971 8768 2963 8771 2927 8809 2892 8833  
 2882 8846 2884 8887 2902 8917 2902 8949 2897 8992 2875 9090 2863 9106  
 2855 9108 2834 9143 2848 9249 2845 9290 2849 9322 2843 9355 2829 9355  
 2795 9397 2788 9419 2794 9438 2794 9468 2776 9487 2756 9492 2721 9638  
 2713 9657 2726 9727 2736 9798 2744 9819 2750 9825 2756 9852 2762 9860  
 276910000                                                              
L  1 5    4     0    50    501342199999    15                           
 1220 7329 1230 7318 1242 7321 1241 7356 1233 7394 1205 7386 1191 7388  
 1165 7404 1155 7399 1151 7385 1155 7374 1171 7366 1191 7350 1210 7342  
 1220 7329                                                              
L  1 5    5     0    60    601342199999    22                           
 1352 7907 1380 7894 1402 7902 1419 7897 1426 7905 1430 7916 1430 7935  
 1424 7970 1408 7989 1398 8024 1384 8040 1371 8048 1357 8042 1314 8015  
 1293 8009 1286 8001 1284 7985 1308 7985 1314 7974 1324 7972 1338 7937  
 1352 7907                                                              
L  1 5    6     0    70    701342199999    13                           
 1557 7522 1569 7522 1581 7536 1579 7557 1561 7581 1545 7611 1522 7635  
 1518 7635 1518 7624 1523 7603 1535 7579 1541 7533 1557 7522            
L  1 5    7     0    80    801342199999    14                           
 1248 8545 1254 8529 1260 8531 1284 8534 1276 8561 1260 8580 1248 8575  
 1234 8585 1220 8591 1212 8585 1210 8577 1228 8558 1240 8556 1248 8545  
L  1 5    8     0    90    901342199999    13                           
 1117 9342 1119 9348 1133 9359 1132 9380 1136 9394 1132 9407 1124 9413  
 1106 9404 1098 9407 1094 9399 1100 9358 1109 9348 1117 9342            
L  1 5    9     0   100   1001342199999    14                           
  956 9628  961 9598  981 9593  987 9598  993 9612  988 9631  976 9652  
  974 9693  970 9698  964 9695  956 9682  950 9663  952 9641  956 9628  
L  1 5   10     0   110   1101342199999    12                           
 3039  688 3035  709 3029  720 3021  725 3013  723 3007  728 2999  725  
 2993  720 3005  679 3024  655 3036  655 3039  688                      
L  1 5   11     0   120   1201342199999    26                           
 2856  190 2862  225 2860  236 2850  250 2852  258 2864  269 2867  296  
 2857  309 2851  336 2845  336 2837  350 2825  342 2811  347 2801  347  
 2787  338 2787  319 2785  309 2789  290 2797  274 2807  271 2819  271  
 2826  244 2828  220 2838  198 2842  179 2856  190                      
L  1 5   12     0   130   1301342199999    58                           
 2995  354 2997  368 2993  387 3003  406 3001  435 2997  465 2999  468  
 3021  430 3027  433 3037  458 3037  463 3047  477 3056  536 3054  547  
 3046  555 3024  544 2988  535 2978  527 2996  568 2996  603 2986  641  
 2969  684 2965  711 2949  730 2941  735 2931  754 2913  770 2905  770  
 2895  751 2883  773 2870  781 2842  783 2820  769 2817  750 2813  739  
 2805  737 2817  704 2831  691 2825  685 2825  653 2817  634 2829  626  
 2841  612 2883  618 2890  613 2908  570 2916  529 2918  475 2899  437  
 2897  415 2915  351 2923  353 2931  335 2948  272 2958  273 2966  305  
 2981  324 2995  354                                                    
L  1 5   13     0   140   1401342199999    12                           
 3084  945 3074  940 3076  905 3096  875 3098  875 3106  889 3108  927  
 3112  932 3112  943 3096  948 3094  951 3084  945                      
L  1 5   14     0   150   1501342199999    32                           
 3265  861 3267  874 3263  896 3268  909 3262  958 3274 1012 3274 1056  
 3268 1061 3247 1101 3239 1107 3231 1104 3211 1109 3191 1101 3168 1027  
 3160 1008 3154 1003 3152  976 3148  962 3146  941 3134  913 3136  892  
 3144  876 3150  870 3165  814 3189  817 3197  819 3214  895 3215  863  
 3221  825 3239  836 3257  861 3265  861                                
L  1 5   15     0   160   1601342199999    20                           
 3759 3533 3761 3535 3761 3516 3767 3511 3775 3511 3783 3522 3791 3552  
 3799 3593 3797 3639 3793 3649 3785 3652 3768 3668 3764 3668 3757 3644  
 3739 3619 3731 3597 3731 3581 3739 3573 3751 3543 3759 3533            
L  1 5   16     0   170   1701342199999    18                           
 3598 1755 3592 1733 3584 1717 3594 1701 3590 1682 3594 1671 3612 1668  
 3614 1666 3628 1674 3651 1666 3658 1682 3656 1756 3650 1783 3640 1796  
 3632 1799 3608 1779 3598 1760 3598 1755                                
L  1 5   17     0   180   1801342199999    17                           
 4506 4404 4510 4404 4489 4442 4483 4442 4471 4417 4452 4266 4451 4225  
 4469 4187 4475 4185 4487 4193 4497 4212 4505 4220 4530 4302 4528 4320  
 4528 4353 4512 4396 4506 4404                                          
L  1 5   18     0   190   1901342199999    14                           
 3851 2307 3859 2286 3871 2291 3885 2286 3901 2308 3907 2308 3899 2338  
 3885 2345 3879 2354 3861 2353 3859 2343 3859 2334 3851 2332 3851 2307  
L  1 5   19     0   200   2001342199999    51                           
 3984 2236 3951 2287 3943 2292 3921 2281 3914 2208 3914 2186 3906 2175  
 3900 2153 3872 2129 3862 2112 3867 2069 3879 2048 3877 2015 3873 2007  
 3853 2004 3843 2004 3829 1988 3819 1987 3807 1976 3805 1944 3799 1933  
 3791 1928 3783 1900 3786 1865 3800 1849 3804 1833 3848 1871 3854 1863  
 3870 1853 3878 1828 3882 1828 3896 1847 3898 1858 3892 1899 3900 1902  
 3910 1918 3913 1937 3937 1945 3947 1956 3955 1992 3965 2000 3981 2000  
 3991 2016 3993 2033 3989 2076 3999 2108 3998 2130 4002 2149 3998 2163  
 3992 2171 3984 2236                                                    
L  1 5   20     0   210   2101342199999    10                           
 3859 1744 3845 1736 3833 1722 3831 1701 3841 1679 3865 1663 3865 1679  
 3861 1693 3867 1717 3859 1744                                          
L  1 5   21     0   220   2201342199999    29                           
 3807 1606 3807 1627 3785 1681 3759 1681 3747 1667 3735 1662 3719 1659  
 3713 1651 3721 1615 3735 1591 3747 1591 3761 1573 3768 1543 3774 1543  
 3780 1535 3786 1519 3800 1503 3814 1473 3824 1473 3830 1481 3820 1519  
 3798 1551 3789 1576 3797 1576 3807 1570 3815 1573 3817 1579 3807 1600  
 3807 1606                                                              
L  1 5   22     0   230   2301342199999    11                           
 1937  110 1915  102 1905   91 1901   82 1911   45 1927   48 1931   53  
 1937   83 1941   99 1939  110 1937  110                                
L  1 9   23     9    31    418888813421     2                           
 123410000 276910000                                                    
L  1 5   24     0   241   2511342199999   157                           
    0 1378   13 1370   27 1343   35 1308   39 1278   34 1248   26 1235  
   28 1208   30 1205   22 1180   37 1113   49 1099   51 1053   57 1026  
   61 1029   83 1021  121 1016  143 1011  153 1017  155 1025  151 1049  
  169 1060  183 1074  191 1090  193 1104  203 1104  221 1134  217 1147  
  230 1183  251 1172  261 1153  277 1151  287 1145  295 1124  305 1116  
  313 1121  321 1143  323 1159  315 1178  315 1200  324 1241  334 1246  
  367 1211  367 1206  375 1198  385 1201  393 1209  392 1230  398 1241  
  406 1233  417 1231  428 1258  438 1293  448 1339  448 1372  455 1415  
  453 1429  459 1456  471 1489  497 1502  515 1521  527 1565  544 1600  
  544 1625  562 1647  570 1647  590 1674  596 1679  614 1739  612 1753  
  615 1801  595 1842  599 1839  591 1863  576 1955  564 1999  531 2204  
  526 2231  526 2245  516 2261  510 2269  476 2320  466 2341  467 2358  
  465 2374  451 2409  435 2406  429 2411  427 2460  429 2487  436 2501  
  440 2531  454 2558  462 2593  462 2609  458 2609  450 2628  436 2631  
  426 2636  407 2655  385 2647  381 2652  363 2660  355 2649  347 2679  
  349 2695  361 2722  365 2746  375 2752  377 2768  366 2811  368 2836  
  362 2847  354 2847  342 2827  326 2819  324 2784  313 2765  306 2835  
  312 2860  308 2879  300 2889  298 2887  288 2897  280 2897  272 2903  
  252 2900  241 2905  236 2899  227 2899  205 2913  185 2904  171 2901  
  161 2888  143 2874  142 2842  142 2820  136 2806  128 2755  134 2712  
  127 2674  115 2687  100 2711   90 2744   86 2741   72 2722   58 2708  
   42 2719   30 2713   26 2721    8 2729    2 2778    0 2794   12 2808  
   21 2854    9 2886    0 2883                                          
L  1 5   25     0   261   2711342199999    70                           
 2725    0 2721   32 2713   34 2697   29 2689   31 2687   67 2694  126  
 2704  140 2710  153 2704  199 2696  216 2688  218 2677  240 2663  245  
 2633  245 2635  226 2623  209 2612  179 2610  179 2591  206 2581  209  
 2566  174 2547  184 2537  181 2532  168 2528  168 2514  135 2500  132  
 2478  135 2454  140 2446  148 2437  175 2405  202 2393  204 2377  201  
 2365  163 2365  169 2355  174 2351  185 2345  190 2315  190 2253  176  
 2237  159 2233  146 2237  129 2229  100 2225   99 2215   86 2213   89  
 2189   88 2175  102 2169  158 2163  166 2113  161 2111  142 2097  139  
 2093  120 2077  111 2073   92 2079   87 2071   90 2057   87 2041   73  
 2037   60 2039   38 2029   32 2024   13 2008    2 1987    5 1969    0  
L  1 5   26     0   281   2911342199999     5                           
 2583    0 2599    6 2611    1 2619    6 2626    0                      
L  1 9   27     9    41   2618888899999     4                           
 276910000100001000010000    0 2725    0                                
L  1 9   28     9   251    318888899999     3                           
    0 2883    010000 123410000                                          
L  1 9   29     9   271   2418888899999     3                           
 1969    0    0    0    0 1378                                          
L  1 9   30     9   241   2518888813421     2                           
    0 1378    0 2883                                                    
L  1 9   31     9   271   2811342188888     2                           
 1969    0 2583    0                                                    
L  1 9   32     9   281   2919999988888     2                           
 2583    0 2626    0                                                    
L  1 9   33     9   291   2611342188888     2                           
 2626    0 2725    0                                                    
A  113421    1 4530 8840   1                                            
   -1                                                                   
A  113421    2 3069 8826   1                                            
   -2                                                                   
A  199999    3 7121 3466  48                                            
    3   27   25   29   24   28    0   22    0   21    0   20    0   19  
    0   18    0   17    0   16    0   15    0   14    0   13    0   12  
    0   11    0   10    0    9    0    8    0    7    0    6    0    5  
    0    4    0    1    0    2                                          
A  113421    4 3132 6295   2                                            
   23   -3                                                              
A  113421    5 1209 7361   1                                            
   -4                                                                   
A  113421    6 1374 7971   1                                            
   -5                                                                   
A  113421    7 1549 7578   1                                            
   -6                                                                   
A  113421    8 1251 8560   1                                            
   -7                                                                   
A  113421    9 1115 9378   1                                            
   -8                                                                   
A  113421   10  966 9645   1                                            
   -9                                                                   
A  113421   11 3020  692   1                                            
  -10                                                                   
A  113421   12 2840  264   1                                            
  -11                                                                   
A  113421   13 3017  528   1                                            
  -12                                                                   
A  113421   14 3091  914   1                                            
  -13                                                                   
A  113421   15 3205  961   1                                            
  -14                                                                   
A  113421   16 3765 3588   1                                            
  -15                                                                   
A  113421   17 3624 1732   1                                            
  -16                                                                   
A  113421   18 4493 4312   1                                            
  -17                                                                   
A  113421   19 3877 2320   1                                            
  -18                                                                   
A  113421   20 3931 2060   1                                            
  -19                                                                   
A  113421   21 3848 1704   1                                            
  -20                                                                   
A  113421   22 3787 1576   1                                            
  -21                                                                   
A  113421   23 1919   78   1                                            
  -22                                                                   
A  113421   24  287 1964   2                                            
   30  -24                                                              
A  113421   25 2464  122   4                                            
  -33  -26  -31  -25                                                    
A  199999   26 2598    2   2                                            
   26  -32                                                              
H1 2    0    1    0    0   12 0506 0506                                 
L  2 4    1     0    00    00              71                           
 4098 4206 4113 4279 4113 4310 4108 4343 4016 4508 4006 4538 4005 4577  
 4014 4609 4040 4662 4048 4678 4053 4699 4049 4729 4042 4742 4028 4749  
 4005 4748 3983 4741 3930 4705 3899 4693 3836 4694 3825 4704 3779 4875  
 3776 4906 3783 4921 3809 4952 3814 4967 3819 5066 3814 5095 3685 5379  
 3686 5442 3698 5498 3695 5521 3686 5529 3676 5523 3653 5475 3638 5433  
 3623 5415 3605 5417 3571 5437 3566 5611 3399 5673 3345 5500 3158 5771  
 2988 5796 2824 5851 2666 6136 2691 6362 2598 6421 2475 6414 2376 6633  
 2312 6685 2253 6866 2185 6928 2111 7102 2150 7269 2076 7248 1914 7376  
 1904 7909 2003 8006 2101 8187 1989 8112 1870 8284 1929 8692 1697 8564  
 1703 8772 2016 9423 1932 9651 1837 9631 1798 9743 1876 9818 1860 9978  
 185210000                                                              
H1 7    0    0    0    3    6 0506 0506                                 
P  7 7    1 2000 8000 0 1                                               
01 2 2000 8000              00  •ê“‡                                    
P  7 7    2  155 1966 0 1                                               
01 2  155 1966              00  Œü“‡                                    
P  7 7    3 2266   33 0 1                                               
01 2 2266   33              00  •½“‡                                    
