M 392635‹v•Ä“‡                1    4    5    4    0   30                
H2 1    4    5    4    0   29 0506 0506                                 
N  1 2    1 9845 9584 0 2    1   -1    0    0    0    0    0    0    0  
N  1 2    2 9452 9755 0 2    2   -2    0    0    0    0    0    0    0  
N  1 1    3 911810000 1 3    3   -4    5    0    0    0    0    0    0  
N  1 1    4 916010000 1 3    4   -5   -3    0    0    0    0    0    0  
L  1 5    1     0    10    104736199999    22                           
 9845 9584 9834 9592 9826 9576 9804 9562 9776 9559 9758 9570 9737 9575  
 9719 9597 9709 9589 9691 9583 9687 9572 9691 9562 9702 9553 9724 9551  
 9748 9540 9769 9527 9826 9525 9847 9533 9858 9541 9865 9560 9860 9571  
 9845 9584                                                              
L  1 5    2     0    20    204736199999    16                           
 9452 9755 9444 9758 9428 9790 9378 9809 9376 9806 9365 9808 9372 9787  
 9398 9754 9405 9755 9424 9741 9442 9720 9474 9679 9491 9704 9487 9717  
 9463 9736 9452 9755                                                    
L  1 5    3     0    31    414736199999    16                           
 911810000 9129 9986 9157 9967 9191 9959 9196 9940 9218 9921 9226 9918  
 9237 9894 9255 9894 9267 9919 9257 9930 9235 9943 9233 9951 9198 9997  
 9176 9994 916010000                                                    
L  1 9    4     9    41    318888899999     6                           
 916010000100001000010000    0    0    0    010000 911810000            
L  1 9    5     9    31    418888847361     2                           
 911810000 916010000                                                    
A  147361    1 9732 9561   1                                            
   -1                                                                   
A  147361    2 9439 9744   1                                            
   -2                                                                   
A  199999    3 5000 4760   6                                            
    3    4    0    1    0    2                                          
A  147361    4 9214 9946   2                                            
    5   -3                                                              
M 392636‹v•Ä“‡“ì•”            2   19   34   12    0  194                
H2 1   19   27   12    0  161 0506 0506                                 
N  1 2    1 5320 4602 0 2    1   -1    0    0    0    0    0    0    0  
N  1 2    2 5610 1782 0 2    2   -2    0    0    0    0    0    0    0  
N  1 2    3 3828 5057 0 2    3   -3    0    0    0    0    0    0    0  
N  1 1    4 574810000 1 3    4  -20   21    0    0    0    0    0    0  
N  1 1    5 688410000 1 3   22  -21   -4    0    0    0    0    0    0  
N  1 1    6 826310000 1 3   27  -26    5    0    0    0    0    0    0  
N  1 1    7 837110000 1 3   12  -27   -5    0    0    0    0    0    0  
N  1 1    8  36110000 1 3   13  -12    6    0    0    0    0    0    0  
N  1 1    9  38710000 1 3   14  -13   -6    0    0    0    0    0    0  
N  1 1   10  71210000 1 3   15  -14    7    0    0    0    0    0    0  
N  1 1   11  75910000 1 3   16  -15   -7    0    0    0    0    0    0  
N  1 1   12  91110000 1 3   17  -16    8    0    0    0    0    0    0  
N  1 1   13 543410000 1 3   20  -19   -8    0    0    0    0    0    0  
N  1 1   14 539010000 1 3   19  -18    9    0    0    0    0    0    0  
N  1 1   15 532510000 1 3   18  -17   -9    0    0    0    0    0    0  
N  1 1   16 707910000 1 3   23  -22   10    0    0    0    0    0    0  
N  1 1   17 723510000 1 3   24  -23  -10    0    0    0    0    0    0  
N  1 1   18 754410000 1 3   25  -24   11    0    0    0    0    0    0  
N  1 1   19 757010000 1 3   26  -25  -11    0    0    0    0    0    0  
L  1 5    1     0    10    104736199999    45                           
 5320 4602 5304 4588 5298 4577 5302 4569 5313 4572 5318 4569 5307 4545  
 5309 4534 5324 4526 5355 4531 5376 4529 5376 4510 5391 4488 5413 4478  
 5428 4494 5426 4513 5409 4532 5396 4559 5389 4594 5393 4613 5404 4618  
 5413 4635 5402 4656 5402 4670 5421 4700 5412 4711 5406 4708 5395 4710  
 5384 4781 5382 4808 5377 4821 5368 4827 5358 4837 5358 4843 5323 4897  
 5305 4907 5303 4875 5301 4805 5291 4737 5278 4720 5300 4704 5304 4639  
 5315 4621 5328 4607 5320 4602                                          
L  1 5    2     0    20    204736199999    21                           
 5610 1782 5615 1777 5626 1780 5626 1796 5630 1810 5621 1823 5623 1861  
 5612 1872 5584 1888 5569 1890 5558 1877 5534 1887 5517 1863 5521 1833  
 5519 1806 5532 1793 5543 1766 5572 1750 5587 1752 5600 1763 5610 1782  
L  1 5    3     0    30    304736199999    15                           
 3828 5057 3827 5082 3819 5093 3810 5114 3803 5120 3801 5128 3777 5138  
 3773 5125 3767 5119 3775 5109 3784 5084 3797 5073 3808 5071 3821 5055  
 3828 5057                                                              
L  1 5    4     0    41    514736199999    44                           
 574810000 5755 9949 5833 9923 5868 9907 5905 9901 5924 9891 5939 9869  
 5955 9867 6000 9875 6002 9878 6013 9878 6039 9886 6048 9883 6056 9862  
 6069 9851 6096 9843 6106 9846 6124 9838 6128 9819 6109 9800 6109 9786  
 6130 9778 6159 9779 6170 9757 6185 9752 6176 9790 6191 9800 6211 9798  
 6219 9803 6236 9825 6258 9833 6392 9870 6561 9906 6615 9906 6674 9896  
 6763 9875 6843 9840 6897 9830 6936 9846 6945 9868 6936 9906 6921 9935  
 6888 9978 688410000                                                    
L  1 5    5     0    61    714736199999     9                           
 826310000 8262 9982 8271 9942 8286 9931 8299 9945 8292 9972 8299 9980  
 8327 9983 837110000                                                    
L  1 5    6     0    81    914736199999    11                           
  36110000  488 9775  628 9552  673 9522  767 9477  782 9493  682 9541  
  649 9563  573 9681  429 9921  38710000                                
L  1 5    7     0   101   1114736199999     3                           
  71210000  739 9975  75910000                                          
L  1 5    8     0   121   1314736199999   318                           
  91110000 1055 9855 1236 9637 1345 9494 1350 9483 1376 9416 1437 9346  
 1472 9314 1522 9219 1537 9176 1585 9117 1625 9044 1679 8906 1699 8774  
 1706 8750 1756 8682 1735 8660 1726 8636 1716 8555 1723 8446 1701 8368  
 1682 8327 1669 8308 1658 8281 1626 8267 1596 8234 1583 8234 1581 8202  
 1594 8178 1637 8116 1652 8121 1668 8116 1692 8086 1792 7981 1801 7935  
 1790 7908 1794 7887 1808 7773 1825 7754 1825 7749 1840 7738 1849 7738  
 1873 7716 1906 7665 1930 7646 1947 7628 1982 7560 2097 7436 2143 7393  
 2182 7345 2206 7307 2224 7267 2230 7234 2213 7167 2205 7074 2208 6944  
 2223 6882 2239 6836 2243 6801 2259 6742 2241 6688 2253 6631 2266 6606  
 2274 6579 2285 6563 2301 6550 2324 6545 2351 6501 2379 6412 2399 6375  
 2416 6353 2429 6321 2445 6296 2482 6251 2534 6240 2553 6224 2571 6189  
 2591 6116 2606 6100 2617 6100 2623 6094 2649 6089 2671 6095 2736 6101  
 2773 6087 2875 6009 2903 5996 2923 5975 2931 5956 2929 5931 2931 5926  
 2951 5915 3012 5834 3047 5764 3090 5735 3127 5703 3138 5713 3186 5746  
 3205 5749 3231 5736 3251 5709 3288 5668 3318 5647 3344 5615 3392 5604  
 3416 5610 3442 5599 3451 5586 3462 5540 3514 5507 3566 5511 3618 5492  
 3637 5479 3664 5435 3687 5419 3698 5419 3718 5398 3724 5365 3735 5347  
 3757 5325 3772 5276 3779 5233 3794 5201 3816 5179 3831 5155 3851 5147  
 3877 5142 3886 5120 3892 5120 3929 5096 3966 5050 3979 5023 3995 5010  
 4003 4985 3999 4961 4012 4921 4030 4910 4032 4915 4045 4891 4047 4877  
 4067 4864 4084 4834 4110 4770 4134 4748 4139 4748 4147 4759 4147 4770  
 4143 4781 4143 4791 4202 4705 4228 4686 4243 4654 4262 4643 4286 4657  
 4312 4649 4336 4660 4347 4660 4377 4677 4403 4677 4431 4672 4444 4658  
 4455 4628 4479 4645 4481 4650 4501 4634 4499 4626 4533 4659 4537 4670  
 4544 4664 4561 4624 4581 4618 4579 4662 4598 4662 4622 4654 4650 4630  
 4689 4614 4705 4592 4733 4519 4770 4511 4783 4520 4800 4503 4824 4490  
 4844 4498 4872 4499 4906 4480 4930 4461 4963 4445 4976 4445 4978 4464  
 4976 4464 5015 4508 5034 4483 5047 4478 5075 4486 5080 4513 5075 4513  
 5073 4532 5097 4532 5125 4538 5155 4563 5153 4609 5163 4647 5181 4666  
 5183 4690 5202 4696 5206 4723 5217 4753 5225 4866 5208 4934 5195 4939  
 5169 4926 5160 4931 5132 4974 5140 5023 5140 5053 5120 5096 5101 5128  
 5094 5134 5088 5166 5083 5169 5062 5169 5053 5147 4986 5252 4968 5317  
 4970 5352 4987 5393 4989 5428 4976 5512 4971 5574 4960 5598 4947 5650  
 4953 5750 4951 5793 4953 5812 4942 5855 4909 5888 4872 5928 4829 5939  
 4801 5930 4775 5936 4749 5952 4692 6043 4688 6065 4618 6138 4596 6175  
 4550 6226 4507 6237 4496 6250 4483 6310 4465 6448 4478 6543 4503 6619  
 4512 6630 4564 6635 4588 6660 4603 6687 4600 6695 4603 6728 4568 6744  
 4561 6765 4565 6841 4578 6914 4636 7047 4634 7085 4605 7142 4612 7164  
 4622 7229 4626 7326 4619 7380 4634 7451 4664 7635 4679 7692 4680 7781  
 4685 7808 4698 7827 4676 7879 4665 7922 4660 7963 4675 7995 4669 8001  
 4662 8055 4673 8060 4675 8076 4655 8117 4644 8120 4612 8138 4577 8176  
 4551 8216 4564 8249 4577 8295 4583 8344 4583 8393 4569 8476 4571 8517  
 4599 8639 4614 8655 4629 8683 4668 8778 4678 8813 4687 8864 4700 8902  
 4708 8916 4736 8981 4839 9179 4882 9253 4930 9321 5070 9476 5152 9555  
 5232 9637 5307 9702 5322 9724 5366 9760 5404 9798 5413 9814 5432 9868  
 5441 9909 5441 9958 543410000                                          
L  1 5    9     0   141   1514736199999     6                           
 539010000 5393 9990 5373 9971 5363 9968 5341 9973 532510000            
L  1 5   10     0   161   1714736199999     7                           
 707910000 7079 9964 7088 9928 7111 9910 7137 9915 7178 9953 723510000  
L  1 5   11     0   181   1914736199999     4                           
 754410000 7562 9986 7571 9991 757010000                                
L  1 9   12     9    71    818888899999     6                           
 837110000100001000010000    0    0    0    010000  36110000            
L  1 9   13     9    81    918888847361     2                           
  36110000  38710000                                                    
L  1 9   14     9    91   1018888899999     2                           
  38710000  71210000                                                    
L  1 9   15     9   101   1118888847361     2                           
  71210000  75910000                                                    
L  1 9   16     9   111   1218888899999     2                           
  75910000  91110000                                                    
L  1 9   17     9   121   1518888847361     2                           
  91110000 532510000                                                    
L  1 9   18     9   151   1418888899999     2                           
 532510000 539010000                                                    
L  1 9   19     9   141   1318888847361     2                           
 539010000 543410000                                                    
L  1 9   20     9   131    418888899999     2                           
 543410000 574810000                                                    
L  1 9   21     9    41    518888847361     2                           
 574810000 688410000                                                    
L  1 9   22     9    51   1618888899999     2                           
 688410000 707910000                                                    
L  1 9   23     9   161   1718888847361     2                           
 707910000 723510000                                                    
L  1 9   24     9   171   1818888899999     2                           
 723510000 754410000                                                    
L  1 9   25     9   181   1918888847361     2                           
 754410000 757010000                                                    
L  1 9   26     9   191    618888899999     2                           
 757010000 826310000                                                    
L  1 9   27     9    61    718888847361     2                           
 826310000 837110000                                                    
A  147361    1 5358 4692   1                                            
   -1                                                                   
A  147361    2 5572 1820   1                                            
   -2                                                                   
A  147361    3 3799 5096   1                                            
   -3                                                                   
A  199999    4 7839 5832  20                                            
    4   22   10   24   11   26    5   12    6   14    7   16    8   20  
    0    1    0    2    0    3                                          
A  147361    5 6233 9875   2                                            
   21   -4                                                              
A  147361    6 8280 9964   2                                            
   27   -5                                                              
A  147361    7  525 9738   2                                            
   13   -6                                                              
A  147361    8  737 9988   2                                            
   15   -7                                                              
A  147361    9 3424 7224   4                                            
   17   -9   19   -8                                                    
A  199999   10 5361 9984   2                                            
    9   18                                                              
A  147361   11 7130 9954   2                                            
   23  -10                                                              
A  147361   12 7562 9993   2                                            
   25  -11                                                              
H1 2    0    7    0    0   31 0506 0506                                 
L  2 3    1     0    00    00               2                           
 1888 9602 1994 9614                                                    
L  2 4    2     0    00    00             104                           
 1888 9602 1776 9274 1847 9246 1949 9298 2014 9236 2014 9090 2182 8951  
 2209 8831 2151 8771 2162 8637 2128 8529 2193 8374 2233 8218 2371 8114  
 2509 8114 2591 8031 2595 7948 2623 7880 2688 7787 2656 7706 2656 7639  
 2721 7566 2753 7457 2867 7353 2895 7249 3009 7140 3043 6964 3146 6790  
 3200 6834 3224 6995 3322 6969 3387 6990 3385 6891 3456 6891 3557 6800  
 3608 6777 3714 6766 3762 6698 3950 6663 4008 6670 4003 6638 3932 6626  
 3818 6551 3783 6574 3750 6546 3732 6548 3689 6595 3675 6565 3734 6512  
 3769 6504 3798 6470 3778 6398 3877 6297 4046 6282 4111 6296 4235 6270  
 4229 6228 4265 6164 4330 6174 4328 6144 4299 6124 4346 6048 4229 5919  
 4168 5804 4245 5799 4249 5732 4192 5726 4151 5742 4103 5711 3997 5550  
 4059 5491 4071 5351 4095 5295 4085 5227 4184 5124 4349 5095 4363 5067  
 4485 4973 4539 4886 4706 4874 4766 4929 4809 4911 4978 5111 4907 5243  
 4854 5269 4854 5347 4809 5410 4785 5545 4692 5716 4671 5887 4606 6002  
 4574 6105 4541 6137 4476 6152 4370 6224 4381 6483 4455 6622 4489 6649  
 4562 6642 4578 6657 4539 6832 4545 6887 4573 6939 4578 6993            
L  2 4    3     0    00    00               4                           
 4578 6993 4531 6912 4433 6472 4436 6355                                
L  2 3    4     0    00    00               5                           
 123810000 1485 9694 1605 9460 1748 9604 1888 9602                      
L  2 4    5     0    00    00              20                           
 4578 6993 4597 7047 4600 7457 4652 7679 4649 7757 4669 7819 4641 7923  
 4637 8074 4535 8188 4462 8336 4442 8455 4539 8580 4527 8653 4539 8741  
 4625 8995 4824 9460 4968 9749 5086 9799 5252 9991 525310000            
L  2 3    6     0    00    00               4                           
 148210000 1509 9984 1772 9781 1994 9614                                
L  2 3    7     0    00    00              11                           
 1994 9614 2523 9672 2719 9829 2805 9763 2980 9499 3187 9523 3247 9592  
 3370 9614 3676 9565 3868 9677 420410000                                
M 392645‹v•Ä                  2   10   25    9    0  189                
H2 1   10   12    9    0  155 0506 0506                                 
N  1 2    1 8548  770 0 2    1   -1    0    0    0    0    0    0    0  
N  1 2    2 8496  891 0 2    2   -2    0    0    0    0    0    0    0  
N  1 2    3 8773  311 0 2    3   -3    0    0    0    0    0    0    0  
N  1 2    4 7455 1342 0 2    4   -4    0    0    0    0    0    0    0  
N  1 2    5 6833 2595 0 2    5   -5    0    0    0    0    0    0    0  
N  1 2    6 6881 2357 0 2    6   -6    0    0    0    0    0    0    0  
N  1 1    7 9160    0 1 3    7  -12   10    0    0    0    0    0    0  
N  1 1    8 9118    0 1 3   12   -7    9    0    0    0    0    0    0  
N  1 1    910000 5541 1 3   -9    8  -11    0    0    0    0    0    0  
N  1 1   1010000  898 1 3   11   -8  -10    0    0    0    0    0    0  
L  1 5    1     0    10    104736199999    12                           
 8548  770 8566  778 8578  795 8583  795 8557  827 8524  846 8526  827  
 8518  810 8516  791 8522  762 8533  759 8548  770                      
L  1 5    2     0    20    204736199999    18                           
 8496  891 8481  897 8472  894 8463  905 8450  913 8444  926 8433  934  
 8426  929 8416  907 8433  899 8431  883 8457  878 8474  845 8485  843  
 8485  867 8487  862 8505  864 8496  891                                
L  1 5    3     0    30    304736199999    39                           
 8773  311 8764  319 8725  324 8712  365 8697  370 8684  359 8673  359  
 8656  367 8641  400 8634  402 8625  418 8608  418 8586  424 8571  405  
 8574  361 8595  359 8639  326 8639  324 8715  278 8721  270 8745  259  
 8749  254 8773  249 8799  219 8823  209 8841  192 8856  192 8860  187  
 8875  190 8877  206 8869  222 8864  222 8856  239 8856  247 8834  287  
 8825  290 8810  303 8788  311 8773  311                                
L  1 5    4     0    40    404736199999   201                           
 7455 1342 7446 1339 7420 1361 7381 1415 7353 1436 7350 1444 7316 1477  
 7305 1504 7298 1531 7281 1552 7272 1517 7264 1525 7264 1531 7244 1557  
 7248 1574 7239 1587 7229 1595 7231 1612 7222 1641 7220 1663 7209 1685  
 7191 1693 7185 1717 7176 1725 7176 1706 7168 1698 7146 1698 7142 1700  
 7135 1719 7115 1738 7098 1765 7089 1789 7067 1835 7061 1860 7052 1911  
 7017 1976 7008 2000 6991 2022 6984 2051 6973 2057 6961 2038 6976 2005  
 6974 1975 6987 1962 7000 1924 7011 1919 7022 1886 7030 1878 7048 1822  
 7055 1816 7065 1789 7050 1754 7059 1719 7077 1686 7098 1657 7105 1632  
 7110 1592 7129 1600 7157 1573 7153 1562 7160 1552 7162 1541 7181 1514  
 7194 1484 7201 1479 7205 1449 7221 1422 7238 1411 7271 1357 7303 1355  
 7314 1352 7325 1325 7345 1290 7371 1288 7407 1263 7420 1277 7436 1245  
 7444 1234 7468 1218 7523 1169 7531 1167 7544 1129 7542 1124 7577 1105  
 7605 1083 7659 1076 7657 1070 7679 1027 7699 1011 7709 1011 7720  997  
 7740  981 7742  973 7746  973 7766  963 7794  927 7790  938 7833  917  
 7842  901 7859  909 7870  895 7892  888 7903  888 7903  882 7929  839  
 7968  839 8005  793 8037  767 8046  742 8053  734 8059  745 8079  729  
 8083  729 8098  707 8105  710 8120  702 8122  694 8137  681 8152  654  
 8183  638 8202  621 8209  624 8215  608 8222  611 8235  605 8239  597  
 8276  565 8281  557 8313  533 8311  525 8328  506 8357  487 8400  474  
 8426  458 8439  444 8469  434 8472  426 8528  402 8550  402 8567  426  
 8560  456 8547  469 8508  491 8476  515 8434  531 8432  536 8408  547  
 8395  560 8352  593 8296  619 8278  638 8278  644 8252  665 8241  684  
 8230  676 8217  684 8215  689 8196  705 8193  703 8180  719 8178  727  
 8157  735 8143  748 8137  746 8126  781 8102  791 8076  824 8048  851  
 8020  856 8013  875 7994  885 7991  883 7954  915 7948  947 7900  990  
 7865 1009 7826 1039 7798 1055 7798 1060 7785 1060 7772 1074 7735 1098  
 7733 1106 7726 1108 7707 1130 7685 1138 7661 1157 7659 1162 7639 1178  
 7622 1186 7616 1186 7611 1200 7598 1213 7561 1232 7561 1237 7542 1259  
 7533 1264 7520 1280 7500 1294 7481 1313 7455 1342                      
L  1 5    5     0    50    504736199999    25                           
 6833 2595 6833 2646 6837 2692 6824 2695 6822 2692 6819 2695 6809 2692  
 6800 2711 6787 2716 6776 2732 6769 2727 6772 2711 6761 2651 6770 2637  
 6770 2589 6774 2578 6781 2591 6787 2629 6807 2646 6811 2635 6805 2621  
 6811 2543 6827 2511 6837 2549 6833 2595                                
L  1 5    6     0    60    604736199999    33                           
 6881 2357 6871 2356 6864 2402 6870 2413 6870 2432 6879 2446 6877 2468  
 6861 2467 6851 2457 6835 2451 6810 2429 6788 2456 6764 2470 6755 2461  
 6753 2429 6764 2410 6777 2421 6797 2416 6805 2402 6823 2343 6840 2337  
 6845 2313 6856 2275 6873 2254 6877 2254 6908 2219 6910 2235 6899 2259  
 6903 2275 6897 2289 6882 2302 6879 2324 6881 2357                      
L  1 5    7     0    71    814736199999     6                           
 9160    0 9134    5 9114   21 9108   21 9108   15 9118    0            
L  1 5    8     0    91   1014736199999   420                           
10000 5541 9968 5510 9966 5485 9932 5491 9925 5482 9923 5463 9893 5455  
 9856 5430 9828 5419 9811 5392 9759 5338 9742 5313 9731 5292 9688 5267  
 9673 5253 9645 5248 9634 5242 9625 5231 9601 5226 9593 5204 9558 5155  
 9534 5128 9528 5125 9442 5013 9405 4975 9364 4945 9327 4929 9288 4923  
 9256 4928 9226 4915 9154 4844 9126 4822 9068 4797 9022 4781 8981 4759  
 8919 4690 8843 4668 8798 4641 8722 4643 8707 4638 8653 4632 8607 4591  
 8577 4558 8545 4547 8491 4552 8449 4544 8417 4519 8352 4492 8331 4475  
 8296 4481 8248 4494 8209 4494 8151 4469 8129 4471 8094 4506 8060 4498  
 8058 4490 8029 4484 7982 4500 7936 4473 7921 4467 7906 4486 7856 4472  
 7815 4477 7776 4477 7739 4458 7703 4452 7661 4460 7644 4460 7596 4452  
 7594 4449 7594 4452 7568 4459 7557 4457 7503 4462 7462 4434 7408 4426  
 7363 4390 7358 4382 7296 4344 7222 4276 7205 4238 7130 4178 7100 4126  
 7072 4053 7063 4045 7063 4028 7076 4009 7076 4004 7050 3996 7018 3952  
 7014 3931 6988 3882 6977 3852 6956 3822 6943 3757 6930 3743 6913 3716  
 6909 3694 6896 3659 6881 3607 6879 3575 6883 3561 6875 3521 6873 3480  
 6860 3388 6862 3380 6864 3383 6875 3380 6893 3361 6893 3356 6871 3326  
 6843 3334 6845 3285 6837 3263 6843 3244 6848 3244 6861 3220 6865 3217  
 6865 3212 6835 3204 6835 3209 6828 3215 6813 3174 6822 3168 6841 3177  
 6848 3163 6844 3109 6829 3085 6807 3093 6798 3084 6786 3036 6786 3011  
 6790 3003 6818 3017 6825 2984 6836 2965 6836 2952 6810 2927 6797 2941  
 6782 2922 6771 2859 6773 2841 6778 2835 6784 2838 6797 2851 6806 2835  
 6815 2806 6834 2822 6853 2830 6869 2849 6883 2990 6890 3006 6896 3012  
 6900 3036 6896 3077 6891 3080 6902 3136 6919 3221 6923 3226 6942 3332  
 6945 3361 6968 3427 6972 3440 6990 3457 6994 3478 7007 3503 7004 3541  
 7009 3549 7015 3546 7024 3530 7037 3573 7045 3584 7061 3560 7072 3530  
 7076 3530 7087 3511 7076 3473 7061 3387 7081 3379 7105 3387 7109 3392  
 7098 3436 7109 3455 7119 3490 7132 3495 7139 3466 7126 3433 7126 3409  
 7144 3403 7174 3406 7187 3412 7178 3463 7197 3520 7243 3577 7264 3634  
 7264 3667 7255 3707 7266 3745 7285 3778 7313 3811 7339 3851 7358 3889  
 7367 3930 7362 3957 7380 3944 7382 3938 7391 3933 7405 4025 7403 4031  
 7414 4023 7416 4028 7414 4074 7435 4101 7440 4117 7455 4109 7453 4096  
 7438 4088 7431 4063 7431 4044 7440 4028 7447 4023 7449 4007 7421 3931  
 7393 3887 7395 3846 7361 3792 7341 3789 7343 3805 7376 3830 7386 3863  
 7378 3865 7343 3838 7283 3748 7274 3724 7277 3705 7285 3691 7275 3680  
 7281 3662 7305 3651 7312 3627 7277 3613 7266 3583 7266 3572 7282 3567  
 7275 3545 7266 3545 7258 3553 7228 3507 7217 3496 7217 3455 7195 3458  
 7213 3393 7213 3382 7228 3361 7237 3372 7243 3372 7233 3361 7252 3347  
 7254 3331 7226 3325 7209 3355 7198 3336 7187 3339 7159 3357 7155 3320  
 7107 3306 7060 3259 7036 3102 7041 3029 7061 2983 7154 2846 7183 2794  
 7228 2741 7255 2684 7274 2630 7286 2492 7303 2403 7330 2246 7356 2173  
 7422 2076 7435 2052 7472 2003 7526 1947 7563 1898 7659 1812 7748 1753  
 7793 1678 7830 1659 7852 1635 7885 1613 7908 1611 7928 1594 7945 1567  
 7945 1562 7974 1551 7982 1527 7985 1516 8011 1498 8045 1454 8065 1411  
 8085 1395 8115 1336 8118 1295 8135 1279 8161 1266 8174 1268 8204 1250  
 8222 1217 8241 1196 8257 1161 8255 1147 8259 1131 8265 1134 8270 1101  
 8285 1101 8285 1069 8298 1058 8333  993 8350  983 8361  964 8389  956  
 8394  921 8398  910 8403  907 8413  934 8415  959 8396  969 8398 1002  
 8396 1029 8409 1043 8422 1024 8428 1032 8437 1035 8443  989 8474 1054  
 8482 1086 8502 1103 8523 1106 8523 1116 8512 1141 8486 1176 8460 1189  
 8438 1175 8410 1167 8367 1134 8354 1121 8337 1061 8328 1069 8315 1101  
 8320 1112 8309 1118 8296 1142 8298 1150 8282 1191 8302 1221 8298 1226  
 8272 1207 8261 1236 8265 1253 8245 1285 8237 1307 8232 1307 8221 1323  
 8208 1304 8202 1285 8193 1279 8157 1298 8135 1352 8137 1374 8141 1371  
 8184 1385 8223 1412 8247 1434 8329 1437 8401 1384 8425 1357 8451 1335  
 8516 1314 8590 1282 8642 1285 8689 1274 8728 1259 8767 1248 8782 1248  
 8815 1259 8891 1268 8930 1252 8949 1252 8993 1233 9029 1228 9060 1204  
 9079 1204 9099 1182 9125 1212 9170 1213 9233 1208 9255 1192 9265 1192  
 9350 1168 9391 1155 9411 1141 9424 1117 9435 1087 9446 1071 9452 1068  
 9485 1071 9526 1082 9558 1083 9749 1059 9792 1057 9822 1060 9846 1044  
 9851 1028 9881 1014 9916  971 9914  968 9916  955 9959  93110000  898  
L  1 9    9     9    81    918888899999     5                           
 9118    0    0    0    010000100001000010000 5541                      
L  1 9   10     9    71   1019999988888     3                           
 9160    010000    010000  898                                          
L  1 9   11     9   101    914736188888     2                           
10000  89810000 5541                                                    
L  1 9   12     9    81    714736188888     2                           
 9118    0 9160    0                                                    
A  147361    1 8547  802   1                                            
   -1                                                                   
A  147361    2 8464  888   1                                            
   -2                                                                   
A  147361    3 8737  305   1                                            
   -3                                                                   
A  147361    4 7494 1246   1                                            
   -4                                                                   
A  147361    5 6819 2622   1                                            
   -5                                                                   
A  147361    6 6851 2344   1                                            
   -6                                                                   
A  199999    7 3386 2848  16                                            
    7    9    8  -10    0    1    0    2    0    3    0    4    0    5  
    0    6                                                              
A  147361    8 9120   10   2                                            
  -12   -7                                                              
A  147361    9 8527 3220   2                                            
  -11   -8                                                              
H1 2    0   13    0    0   32 0506 0506                                 
L  2 3    1     0    00    00               2                           
 7408 3204 7448 3153                                                    
L  2 3    2     0    00    00               2                           
 9332 1419 9474 1223                                                    
L  2 4    3     0    00    00              19                           
 9474 1223 9415 1180 9279 1221 9229 1261 8777 1475 8517 1576 8448 1617  
 8317 1636 8117 1801 7969 1787 7910 1807 7852 1849 7681 2074 7591 2243  
 7551 2361 7559 2440 7449 2691 7405 2936 7448 3153                      
L  2 4    4     0    00    00              11                           
 9927 4440 9867 4174 9970 3659 9876 3505 9993 3102 9891 2770 9887 2376  
 9753 2214 9730 2081 9878 1502 9884 1322                                
L  2 4    5     0    00    00              21                           
 7628 3148 7659 3338 7655 3406 7608 3440 7635 3586 7796 3522 7849 3458  
 7987 3449 8097 3355 8218 3351 8298 3389 8394 3481 8507 3661 8521 3738  
 8574 3798 8655 3960 8996 4062 9284 4080 9478 4214 9646 4214 9927 4440  
L  2 3    6     0    00    00              14                           
 7628 3148 7945 3139 8131 3096 8142 2858 8311 2507 8380 2398 8405 2329  
 8543 2225 8589 2173 8686 2104 8759 1896 8866 1707 8985 1548 9332 1419  
L  2 3    7     0    00    00               2                           
 7448 3153 7628 3148                                                    
L  2 3    8     0    00    00               2                           
 9474 1223 9857 1151                                                    
L  2 3    9     0    00    00               4                           
 9884 1322 9717 1366 9608 1396 9332 1419                                
L  2 4   10     0    00    00               2                           
 9884 1322 9857 1151                                                    
L  2 3   11     0    00    00               2                           
 9857 115110000 1101                                                    
L  2 3   12     0    00    00               2                           
10000 1273 9884 1322                                                    
L  2 4   13     0    00    00               3                           
10000 4652 9998 4652 9927 4440                                          
M 392646‹v•Ä“‡                3   26   51   16    3  282                
H2 1   26   36   16    0  236 0506 0506                                 
N  1 2    1 6809  282 0 2    1   -1    0    0    0    0    0    0    0  
N  1 2    2 9185  270 0 2    2   -2    0    0    0    0    0    0    0  
N  1 2    3 7045  985 0 2    3   -3    0    0    0    0    0    0    0  
N  1 2    4 7113 1264 0 2    4   -4    0    0    0    0    0    0    0  
N  1 2    5 7306 1163 0 2    5   -5    0    0    0    0    0    0    0  
N  1 1    6 6884    0 1 3    6  -30   31    0    0    0    0    0    0  
N  1 1    7 5748    0 1 3   30   -6  -29    0    0    0    0    0    0  
N  1 1    8 8371    0 1 3   20    7  -36    0    0    0    0    0    0  
N  1 1    9 8263    0 1 3   36   -7  -35    0    0    0    0    0    0  
N  1 2   10  683 6033 0 2  -13    8    0    0    0    0    0    0    0  
N  1 1   11    0 5541 1 3   -8   19  -18    0    0    0    0    0    0  
N  1 1   12    0  898 1 3   18  -17    9    0    0    0    0    0    0  
N  1 1   13  361    0 1 3   22   -9   17    0    0    0    0    0    0  
N  1 1   14  387    0 1 3   23   10  -22    0    0    0    0    0    0  
N  1 1   15  712    0 1 3   24  -10  -23    0    0    0    0    0    0  
N  1 1   16  759    0 1 3   25   11  -24    0    0    0    0    0    0  
N  1 1   17  911    0 1 3   26  -11  -25    0    0    0    0    0    0  
N  1 1   18 5434    0 1 3   29   12  -28    0    0    0    0    0    0  
N  1 1   19 5390    0 1 3   28  -12  -27    0    0    0    0    0    0  
N  1 1   20 5325    0 1 3   27   13  -26    0    0    0    0    0    0  
N  1 1   21 7570    0 1 3   35   14  -34    0    0    0    0    0    0  
N  1 1   22 7079    0 1 3   32  -14  -31    0    0    0    0    0    0  
N  1 1   23 7235    0 1 3   33   15  -32    0    0    0    0    0    0  
N  1 1   24 7544    0 1 3   34  -15  -33    0    0    0    0    0    0  
N  1 1   2510000 1017 1 3  -19   16  -21    0    0    0    0    0    0  
N  1 1   2610000  942 1 3   21  -16  -20    0    0    0    0    0    0  
L  1 5    1     0    10    104736199999    12                           
 6809  282 6794  279 6786  285 6766  257 6764  198 6784  198 6801  214  
 6803  231 6810  244 6807  250 6812  277 6809  282                      
L  1 5    2     0    20    204736199999    29                           
 9185  270 9325  285 9364  293 9384  320 9392  348 9388  385 9372  415  
 9348  420 9316  439 9307  447 9281  452 9264  442 9236  414 9191  392  
 9141  378 9119  362 9098  335 9054  318 8992  315 8918  331 8888  344  
 8866  347 8851  325 8855  295 8868  271 8923  274 9005  272 9094  248  
 9185  270                                                              
L  1 5    3     0    30    304736199999    14                           
 7045  985 7043  969 7045  958 7056  947 7069  955 7075  963 7058 1017  
 7051 1044 7034 1066 7029 1066 7025 1055 7023 1033 7034 1015 7045  985  
L  1 5    4     0    40    404736199999    19                           
 7113 1264 7080 1288 7061 1291 7052 1288 7037 1264 7018 1250 7005 1215  
 7009 1207 7029 1123 7029 1101 7070 1080 7088 1058 7094 1058 7101 1075  
 7098 1126 7109 1142 7128 1197 7122 1240 7113 1264                      
L  1 5    5     0    50    504736199999    13                           
 7306 1163 7302 1168 7291 1168 7274 1154 7263 1135 7259 1135 7252 1108  
 7239 1081 7244 1073 7265 1086 7298 1116 7319 1146 7306 1163            
L  1 5    6     0    61    714736199999    55                           
 6884    0 6880    9 6862   28 6849   49 6836   63 6819   74 6791   82  
 6771  100 6747  138 6691  187 6678  216 6667  262 6662  333 6668  349  
 6683  473 6677  495 6626  579 6589  614 6572  611 6559  622 6522  640  
 6496  632 6436  651 6414  669 6386  666 6325  628 6302  604 6293  582  
 6276  574 6233  495 6207  470 6181  462 6170  451 6164  429 6140  405  
 6103  380 6082  361 6060  326 6047  296 5998  206 5981  198 5924  260  
 5915  228 5933  203 5955  182 5970  160 5951   36 5927    8 5871   30  
 5815   27 5802   32 5780   51 5760   56 5750   48 5748    0            
L  1 5    7     0    81    914736199999    33                           
 8371    0 8380    3 8417   35 8462   63 8490   60 8512   71 8521   82  
 8523  106 8540   98 8572   90 8594  112 8570  161 8568  188 8572  231  
 8570  245 8557  266 8533  285 8518  290 8494  279 8498  261 8535  231  
 8544  196 8522  166 8490  144 8477  139 8460  111 8434   92 8402   57  
 8389   49 8345   35 8311   40 8276   24 8263    0                      
L  1 5    8     0   100   1114736199999    42                           
  683 6033  646 5987  607 5978  581 5962  507 5994  455 5955  440 5958  
  432 5988  418 6001  390 5998  377 5993  377 5990  373 5990  369 5982  
  367 5963  362 5955  386 5950  399 5955  417 5947  427 5944  443 5931  
  445 5926  415 5909  391 5901  361 5828  341 5806  324 5798  315 5779  
  305 5773  274 5778  264 5770  253 5743  233 5727  207 5716  186 5691  
  171 5686  162 5667  136 5656  121 5639  106 5615   20 5560    0 5541  
L  1 5    9     0   121   1314736199999    18                           
    0  898   30  885   37  890   56  869   43  812  128  761  217  697  
  219  686  190  580  157  583  144  564  123  547  114  525  142  490  
  162  488  145  415  333   61  361    0                                
L  1 5   10     0   141   1514736199999    60                           
  387    0  302  169  180  391  162  428  237  700  247  719  252  719  
  276  702  280  694  282  659  313  605  279  551  289  537  298  540  
  337  489  389  435  387  408  394  389  401  384  433  449  454  449  
  511  436  565  409  597  404  682  415  721  435  742  451  762  476  
  794  468  809  479  781  505  779  557  791  587  928  604  949  601  
  965  588  961  517  950  490  926  479  892  444  853  427  816  368  
  786  335  745  305  708  283  667  269  620  247  572  195  555  171  
  564  155  579  133  592  123  627  112  638  120  657  118  659  112  
  657   93  681   64  690   26  712    0                                
L  1 5   11     0   161   1714736199999    10                           
  759    0  768   10  755   34  761   80  768  110  800  105  807   94  
  831   70  865   46  911    0                                          
L  1 5   12     0   181   1914736199999    18                           
 5434    0 5425   43 5431   75 5438   86 5450  124 5457  160 5444  187  
 5357  227 5322  229 5311  224 5303  213 5309  191 5338  172 5368  159  
 5377  145 5381   99 5375   48 5390    0                                
L  1 5   13     0   201   1004736199999   412                           
 5325    0 5301   39 5284   61 5267   58 5255  183 5266  215 5285  242  
 5298  270 5300  302 5369  446 5401  495 5464  563 5563  631 5600  653  
 5670  535 5705  467 5722  440 5800  357 5842  306 5883  268 5896  287  
 5783  408 5724  486 5696  548 5711  570 5840  682 6000  837 6036  870  
 6103  941 6123  957 6114  987 6061 1071 6044 1119 6046 1149 6031 1181  
 5996 1233 5987 1279 5976 1316 5941 1378 5991 1492 5995 1509 5992 1658  
 5985 1666 5977 1666 5970 1641 5971 1568 5966 1560 5908 1557 5901 1570  
 5871 1576 5864 1670 5836 1673 5832 1681 5825 1759 5816 1757 5812 1759  
 5797 1754 5792 1735 5788 1675 5728 1672 5628 1677 5613 1661 5561 1655  
 5554 1709 5552 1793 5556 1844 5591 1855 5688 1867 5707 1872 5757 1878  
 5814 1870 5929 1803 5953 1785 5996 1761 6063 1758 6063 1783 5998 1782  
 5931 1825 5889 1846 5835 1881 5814 1889 5725 1891 5558 1871 5536 1863  
 5530 1820 5530 1736 5535 1679 5533 1630 5527 1606 5505 1611 5429 1646  
 5301 1721 5245 1761 5175 1828 5107 1933 5081 1998 5066 2050 5063 2093  
 5070 2115 5083 2142 5078 2163 5083 2182 5078 2193 5063 2188 5063 2201  
 5085 2242 5106 2272 5099 2304 5104 2334 5110 2345 5138 2348 5158 2370  
 5155 2399 5142 2410 5116 2396 5099 2394 5086 2404 5052 2366 5030 2355  
 5025 2380 5038 2396 5049 2431 5038 2439 5045 2480 5038 2510 5018 2523  
 5014 2520 5020 2542 5036 2564 5033 2599 5020 2621 5014 2639 5018 2658  
 5031 2667 5024 2718 5024 2775 5013 2799 4993 2799 4952 2839 4933 2845  
 4926 2831 4918 2831 4907 2853 4885 2858 4866 2842 4826 2860 4809 2849  
 4777 2806 4777 2789 4794 2765 4775 2752 4760 2779 4755 2806 4783 2838  
 4785 2846 4816 2871 4831 2917 4833 2947 4845 2985 4867 3015 4875 3045  
 4893 3080 4938 3072 4953 3078 4960 3070 4986 3051 5012 3092 5012 3113  
 4998 3186 4985 3235 4961 3292 4937 3316 4922 3356 4926 3394 4911 3397  
 4891 3410 4870 3418 4850 3415 4843 3478 4826 3513 4796 3521 4796 3510  
 4791 3512 4789 3526 4752 3558 4726 3574 4704 3615 4702 3647 4708 3680  
 4715 3693 4719 3720 4704 3747 4690 3793 4671 3809 4654 3812 4621 3806  
 4610 3850 4608 3934 4588 3952 4577 3942 4566 3966 4568 3979 4540 3995  
 4525 3976 4493 3984 4475 3976 4432 3930 4413 3900 4395 3905 4385 3900  
 4383 3892 4359 3902 4352 3897 4346 3875 4348 3867 4322 3867 4313 3853  
 4329 3832 4322 3813 4307 3788 4290 3742 4243 3704 4214 3685 4202 3660  
 4186 3660 4165 3676 4139 3671 4132 3695 4119 3716 4106 3716 4106 3722  
 4087 3735 4067 3724 4045 3738 4039 3738 4022 3729 3998 3743 3978 3762  
 3963 3783 3941 3759 3926 3788 3945 3810 3935 3832 3889 3869 3876 3888  
 3869 3907 3873 3923 3878 3929 3858 3948 3830 3996 3821 4031 3812 4047  
 3814 4056 3801 4053 3782 4055 3790 4101 3780 4101 3786 4142 3777 4174  
 3758 4193 3751 4207 3755 4228 3751 4245 3729 4250 3714 4328 3711 4374  
 3698 4391 3672 4385 3670 4401 3676 4431 3642 4447 3618 4474 3609 4501  
 3611 4525 3592 4520 3594 4552 3578 4574 3557 4571 3550 4566 3578 4614  
 3565 4641 3556 4687 3536 4741 3519 4812 3493 4893 3446 5060 3442 5117  
 3416 5144 3398 5152 3396 5117 3416 5087 3407 5041 3388 5049 3370 5073  
 3388 5111 3383 5141 3357 5163 3257 5278 3266 5300 3257 5332 3222 5397  
 3194 5430 3193 5459 3187 5494 3174 5519 3165 5527 3126 5608 3097 5610  
 3084 5629 3062 5689 3043 5726 3036 5753 3034 5780 3025 5802 2975 5853  
 2929 5885 2923 5920 2925 5950 2903 5999 2890 6012 2860 6023 2820 6115  
 2787 6163 2742 6220 2679 6282 2663 6330 2624 6362 2594 6381 2579 6392  
 2546 6427 2496 6467 2411 6488 2392 6488 2348 6510 2231 6511 2203 6473  
 2173 6484 2095 6478 2063 6483 2028 6478 2030 6445 2015 6434 2011 6448  
 2000 6450 2006 6440 1989 6437 1939 6469 1920 6485 1889 6485 1872 6477  
 1844 6482 1813 6503 1816 6487 1803 6471 1792 6468 1794 6433 1790 6427  
 1751 6476 1692 6454 1675 6418 1651 6410 1627 6421 1610 6437 1584 6404  
 1578 6402 1552 6401 1524 6385 1506 6347 1472 6355 1418 6354 1415 6357  
 1398 6354 1387 6338 1374 6330 1351 6327 1353 6308 1351 6303 1320 6319  
 1316 6316 1312 6302 1301 6294 1268 6286 1247 6264 1214 6261 1158 6269  
 1082 6266 1082 6238 1065 6214 1057 6209 1046 6222 1026 6238 1000 6235  
  987 6224  994 6222 1005 6208 1000 6187  979 6178  942 6178  933 6181  
  914 6224  888 6226  879 6237  859 6237  836 6226  831 6221  816 6174  
  808 6164  769 6142  745 6106  734 6074  704 6055  683 6033            
L  1 5   14     0   211   2214736199999    44                           
 7570    0 7573   27 7557   68 7559   87 7542  111 7533  170 7541  222  
 7563  303 7571  347 7575  395 7569  455 7553  487 7549  503 7532  533  
 7523  557 7518  595 7497  614 7488  606 7479  619 7464  633 7447  660  
 7429  692 7392  733 7373  746 7336  711 7321  740 7267  767 7212  807  
 7199  807 7180  802 7171  788 7176  756 7171  707 7163  688 7135  655  
 7118  628 7101  585 7088  530 7075  411 7088  346 7091  238 7089  224  
 7076   94 7079    0                                                    
L  1 5   15     0   231   2414736199999     9                           
 7235    0 7252   17 7295   36 7347   50 7462   59 7490   48 7508    5  
 7540    3 7544    0                                                    
L  1 5   16     0   251   2614736199999    17                           
10000 1017 9991 1015 9959 1026 9937 1044 9903 1044 9862 1019 9846  998  
 9855  949 9860  892 9856  833 9880  849 9901  898 9899  955 9911  982  
 9968  958 9987  93910000  942                                          
L  1 9   17     9   131   1218888899999     3                           
  361    0    0    0    0  898                                          
L  1 9   18     9   121   1118888847361     2                           
    0  898    0 5541                                                    
L  1 9   19     9   111   2518888899999     4                           
    0 5541    010000100001000010000 1017                                
L  1 9   20     9    81   2619999988888     3                           
 8371    010000    010000  942                                          
L  1 9   21     9   261   2514736188888     2                           
10000  94210000 1017                                                    
L  1 9   22     9   131   1414736188888     2                           
  361    0  387    0                                                    
L  1 9   23     9   141   1519999988888     2                           
  387    0  712    0                                                    
L  1 9   24     9   151   1614736188888     2                           
  712    0  759    0                                                    
L  1 9   25     9   161   1719999988888     2                           
  759    0  911    0                                                    
L  1 9   26     9   171   2014736188888     2                           
  911    0 5325    0                                                    
L  1 9   27     9   201   1919999988888     2                           
 5325    0 5390    0                                                    
L  1 9   28     9   191   1814736188888     2                           
 5390    0 5434    0                                                    
L  1 9   29     9   181    719999988888     2                           
 5434    0 5748    0                                                    
L  1 9   30     9    71    614736188888     2                           
 5748    0 6884    0                                                    
L  1 9   31     9    61   2219999988888     2                           
 6884    0 7079    0                                                    
L  1 9   32     9   221   2314736188888     2                           
 7079    0 7235    0                                                    
L  1 9   33     9   231   2419999988888     2                           
 7235    0 7544    0                                                    
L  1 9   34     9   241   2114736188888     2                           
 7544    0 7570    0                                                    
L  1 9   35     9   211    919999988888     2                           
 7570    0 8263    0                                                    
L  1 9   36     9    91    814736188888     2                           
 8263    0 8371    0                                                    
A  147361    1 6787  242   1                                            
   -1                                                                   
A  147361    2 9251  350   1                                            
   -2                                                                   
A  147361    3 7049 1006   1                                            
   -3                                                                   
A  147361    4 7068 1174   1                                            
   -4                                                                   
A  147361    5 7278 1120   1                                            
   -5                                                                   
A  199999    6 6721 5111  23                                            
    6  -29   12  -27   13    8   19   16  -20    7  -35   14  -31    0  
    1    0    2    0    3    0    4    0    5                           
A  147361    7 6364  334   2                                            
  -30   -6                                                              
A  147361    8 8534  144   2                                            
  -36   -7                                                              
A  147361    9 2461 3356   9                                            
  -13  -26  -11  -24  -10  -22   -9   18   -8                           
A  199999   10   76  448   2                                            
    9   17                                                              
A  199999   11  503  360   2                                            
   10  -23                                                              
A  199999   12  806   54   2                                            
   11  -25                                                              
A  147361   13 5413  114   2                                            
  -28  -12                                                              
A  147361   14 7325  404   4                                            
  -34  -15  -32  -14                                                    
A  199999   15 7388   28   2                                            
   15  -33                                                              
A  147361   16 9878  938   2                                            
  -21  -16                                                              
H1 2    0   15    0    0   38 0506 0506                                 
L  2 3    1     0    00    00               7                           
 5770 1572 5627 1557 5527 1474 5448 1450 5385 1456 5345 1430 5298 1424  
L  2 4    2     0    00    00               2                           
  420  446  476  607                                                    
L  2 3    3     0    00    00               5                           
 1194   55 1101   60  939  173  917  334  925  361                      
L  2 3    4     0    00    00               2                           
 1194   55 1115  127                                                    
L  2 3    5     0    00    00               3                           
  709  543  636  544  476  607                                          
L  2 3    6     0    00    00               3                           
  925  361  875  431  709  543                                          
L  2 3    7     0    00    00               5                           
  925  361  975  570  961  624  752  589  709  543                      
L  2 3    8     0    00    00               3                           
 1115  127  991  240  925  361                                          
L  2 3    9     0    00    00               2                           
 1194   55 1238    0                                                    
L  2 4   10     0    00    00              10                           
 5253    0 5260   55 5243  204 5265  308 5432  578 5633  691 5911  987  
 5954 1089 5881 1432 5770 1572                                          
L  2 3   11     0    00    00               3                           
 1115  127 1260  132 1482    0                                          
L  2 3   12     0    00    00               8                           
 4204    0 4425  213 4584  301 5267  564 5310  845 5264 1148 5312 1334  
 5298 1424                                                              
L  2 3   13     0    00    00               5                           
    0 1101    1 1101  298  866  392  686  476  607                      
L  2 3   14     0    00    00               7                           
  709  543  674  653  627  750  504  907  253 1119   14 1267    0 1273  
L  2 4   15     0    00    00              43                           
 5298 1424 5158 1508 4968 1661 4602 2105 4575 2210 4632 2290 4621 2379  
 4580 2422 4523 2383 4472 2445 4494 2534 4447 2596 4372 2574 4340 2614  
 4354 2721 4308 2796 4244 2807 4070 3091 4060 3189 3998 3282 3998 3367  
 3956 3429 3845 3362 3736 3329 3343 3630 3243 3760 3213 4067 3338 4142  
 3247 4430 2943 4638 2692 4860 2558 5111 2364 5264 1735 5462 1385 5367  
  991 5107  841 5163  743 5109  684 4951  601 4863  490 4900  202 4683  
    0 4652                                                              
H1 7    0    0    0    3    5 0506 0506                                 
P  7 1    1 1723 1289 0 1                                               
01 4 1723 1289              00  ‹v•Ä“‡’¬                                
P  7 7    2 1988 1953 0 1                                               
01 3 1988 1953              00  ‹v•Ä“‡                                  
P  753    3 4532  419 0 0                                               
M 392647‹v•Ä“‡“Œ•”            1    4    5    4    0   50                
H2 1    4    5    4    0   49 0506 0506                                 
N  1 2    1 2025 1709 0 2    1   -1    0    0    0    0    0    0    0  
N  1 2    2 4586 2455 0 2    2   -2    0    0    0    0    0    0    0  
N  1 1    3    0  942 1 3    3   -4    5    0    0    0    0    0    0  
N  1 1    4    0 1017 1 3   -3    4   -5    0    0    0    0    0    0  
L  1 5    1     0    10    104736199999    57                           
 2025 1709 2029 1690 2029 1675 2029 1658 2032 1640 2034 1628 2040 1621  
 2057 1625 2081 1635 2104 1640 2127 1642 2165 1642 2186 1632 2193 1631  
 2206 1633 2230 1642 2251 1637 2277 1636 2300 1646 2328 1654 2349 1656  
 2378 1676 2404 1698 2416 1714 2416 1733 2415 1740 2403 1743 2386 1738  
 2370 1736 2350 1731 2338 1730 2321 1729 2303 1732 2285 1742 2268 1746  
 2247 1738 2228 1734 2203 1734 2189 1738 2168 1730 2142 1718 2121 1707  
 2100 1714 2093 1721 2087 1734 2082 1745 2077 1764 2068 1793 2061 1806  
 2045 1810 2031 1800 2025 1788 2023 1774 2023 1756 2023 1732 2025 1719  
 2025 1709                                                              
L  1 5    2     0    20    204736199999    19                           
 4586 2455 4581 2469 4585 2493 4594 2518 4592 2523 4575 2512 4570 2504  
 4555 2493 4544 2504 4512 2501 4488 2492 4492 2474 4499 2468 4516 2466  
 4536 2460 4529 2441 4566 2401 4573 2409 4586 2455                      
L  1 5    3     0    31    414736199999   126                           
    0  942   26  942   43  947   99  988  144  999  181 1002  199 1000  
  203  978  199  954  203  943  225  935  262  935  296  941  318  971  
  331  982  363  960  368  952  387  944  396  944  411  955  411  958  
  420  961  430  974  450  982  469  972  493  931  513  931  539  945  
  552  959  584  973  593  962  602  935  617  919  638  921  664  938  
  686  938  755  914  799  914  888  893  970  867 1028  843 1083  819  
 1111  816 1130  822 1141  852 1141  876 1128  911 1132  976 1142 1047  
 1174 1155 1200 1196 1265 1277 1392 1406 1439 1441 1552 1477 1591 1496  
 1632 1505 1673 1508 1729 1505 1766 1508 1794 1487 1825 1473 1861 1522  
 1928 1558 1969 1542 1974 1550 1971 1593 1965 1623 1952 1653 1930 1642  
 1906 1612 1839 1563 1820 1519 1811 1514 1796 1546 1755 1559 1705 1565  
 1658 1559 1612 1575 1577 1591 1564 1591 1527 1609 1521 1618 1488 1634  
 1458 1633 1432 1612 1406 1557 1381 1519 1243 1396 1199 1369 1150 1312  
 1111 1230 1086 1144 1055 1103  976 1056  926 1045  904 1034  848  974  
  801  971  740  984  675 1003  642 1003  636  994  627  967  610 1000  
  573 1016  551 1002  539  972  515  969  502  988  447 1018  417 1020  
  391  979  383 1009  363 1025  324 1033  298 1025  290  968  281  965  
  238  970  246 1030  237 1046  213 1054  183 1051   84 1026    0 1017  
L  1 9    4     9    41    318888899999     6                           
    0 1017    010000100001000010000    0    0    0    0  942            
L  1 9    5     9    31    418888847361     2                           
    0  942    0 1017                                                    
A  147361    1 2276 1715   1                                            
   -1                                                                   
A  147361    2 4556 2462   1                                            
   -2                                                                   
A  199999    3 5000 5229   6                                            
    3    4    0    1    0    2                                          
A  147361    4 1169 1230   2                                            
    5   -3                                                              
M 392676                      2    2    2    2    1   18                
H2 1    2    2    2    0   14 0506 0506                                 
N  1 2    1 6780 1007 0 2    1   -1    0    0    0    0    0    0    0  
N  1 1    210000    0 1 2   -2    2    0    0    0    0    0    0    0  
L  1 5    1     0    10    104736199999    29                           
 6780 1007 6779 1004 6774 1008 6755 1002 6732  989 6709  981 6686  961  
 6626  961 6564  942 6545  905 6520  876 6515  863 6512  817 6514  768  
 6500  721 6502  691 6505  685 6512  683 6523  701 6550  758 6574  782  
 6614  789 6655  816 6711  873 6727  912 6735  945 6762  965 6775  983  
 6780 1007                                                              
L  1 9    2     9    21    218888899999     5                           
10000    0    0    0    010000100001000010000    0                      
A  147361    1 6599  846   1                                            
   -1                                                                   
A  199999    2 5000 4495   3                                            
    2    0    1                                                         
H1 7    0    0    0    1    2 0506 0506                                 
P  7 7    1 6590  845 0 1                                               
01 2 6590  845              00  ’¹“‡                                    
