M 412940ãTí√                  3    5   18    4    1   91                
H2 1    5    7    4    0   58 0506 0506                                 
N  1 1    1    0 1797 1 3    1    5   -7    0    0    0    0    0    0  
N  1 2    2   14 3028 0 3    2   -3   -1    0    0    0    0    0    0  
N  1 1    3 288510000 1 3    7   -6   -2    0    0    0    0    0    0  
N  1 1    4    0 3025 1 3    3    6   -5    0    0    0    0    0    0  
N  1 2    5 2589 8440 0 2    4   -4    0    0    0    0    0    0    0  
L  1 5    1     0    11    204653299999    33                           
    0 1797   12 1839   25 1966   59 2079   64 2115   82 2217  101 2274  
  129 2290  137 2320  146 2325  160 2320  180 2284  206 2298  223 2287  
  229 2273  229 2287  251 2368  247 2371  225 2376  219 2374  186 2409  
  180 2412  164 2431  160 2442  124 2496   67 2534   43 2599   25 2670  
   23 2738   25 2805   20 2887   20 2963   14 3028                      
L  1 5    2     0    20    314653099999   187                           
   14 3028   41 3076   65 3106   59 3149   59 3168  102 3233  126 3257  
  151 3276  167 3276  283 3367  306 3389  338 3410  431 3423  443 3366  
  472 3355  498 3388  507 3409  566 3487  572 3501  584 3579  582 3593  
  560 3634  554 3636  536 3666  530 3669  447 3786  419 3813  415 3827  
  421 3927  429 3946  427 3957  430 4027  438 4111  448 4122  481 4143  
  489 4168  515 4224  558 4278  571 4322  569 4324  614 4557  639 4633  
  673 4708  690 4730  698 4733  743 4792  765 4816  818 4886  820 4894  
  885 4937  898 4956  934 4978  946 4978  957 4983 1003 4991 1009 4999  
 1038 5126 1026 5186 1028 5188 1026 5205 1075 5231 1077 5237 1112 5272  
 1211 5312 1226 5314 1266 5333 1274 5333 1301 5311 1349 5278 1358 5284  
 1368 5281 1422 5292 1435 5300 1445 5302 1455 5297 1494 5288 1512 5302  
 1565 5320 1575 5337 1632 5461 1669 5512 1679 5518 1724 5515 1769 5571  
 1781 5574 1844 5619 1860 5644 1862 5655 1860 5674 1866 5701 1869 5877  
 1875 5896 1867 5906 1873 5917 1867 5950 1861 5963 1857 5999 1809 6202  
 1811 6216 1805 6221 1797 6221 1781 6232 1777 6246 1771 6338 1775 6357  
 1759 6368 1759 6373 1745 6389 1739 6389 1713 6460 1701 6468 1742 6630  
 1858 7199 1917 7480 1926 7501 1948 7612 1992 7796 2000 7837 2037 7994  
 2041 8024 2051 8048 2033 8097 2007 8132 1995 8203 1989 8211 1973 8214  
 1961 8265 1939 8271 1939 8276 1910 8325 1902 8333 1874 8382 1846 8401  
 1809 8445 1836 8550 1867 8618 1887 8637 1901 8623 1938 8644 1970 8671  
 1987 8709 2007 8717 2011 8714 2017 8701 2011 8674 1985 8663 1993 8604  
 1997 8598 2005 8595 2043 8598 2201 8548 2248 8529 2252 8548 2275 8605  
 2279 8605 2289 8585 2293 8583 2299 8596 2413 8791 2436 8847 2491 8917  
 2581 8993 2609 9003 2617 9012 2630 9028 2691 9084 2703 9087 2713 9095  
 2740 9157 2744 9181 2740 9195 2726 9279 2726 9306 2784 9539 2792 9555  
 2802 9566 2823 9650 2825 9679 2843 9736 2915 9863 2917 9893 2907 9909  
 2893 9920 2870 9926 2862 9939 2883 9972 288510000                      
L  1 4    3     0    41    204653046532     2                           
    0 3025   14 3028                                                    
L  1 5    4     0    50    504653099999     9                           
 2589 8440 2587 8424 2595 8372 2603 8353 2621 8364 2615 8410 2607 8440  
 2593 8437 2589 8440                                                    
L  1 9    5     9    11    418888846532     2                           
    0 1797    0 3025                                                    
L  1 9    6     9    41    318888846530     3                           
    0 3025    010000 288510000                                          
L  1 9    7     9    31    118888899999     5                           
 288510000100001000010000    0    0    0    0 1797                      
A  199999    1 5934 5906   5                                            
    1    2    7    0    4                                               
A  146532    2   89 2414   3                                            
    5    3   -1                                                         
A  146530    3  856 6512   3                                            
   -3    6   -2                                                         
A  146530    4 2604 8396   1                                            
   -4                                                                   
H1 2    0   11    0    0   29 0506 0506                                 
L  2 4    1     0    00    00               3                           
    0 5954   52 6029  162 6106                                          
L  2 3    2     0    00    00               4                           
    0 2712   56 2524   53 2474    0 2440                                
L  2 3    3     0    00    00              35                           
 1742 6920 1646 6482 1649 6382 1743 6073 1745 5913 1693 5744 1566 5682  
 1530 5640 1514 5481 1470 5406 1364 5350 1264 5381 1189 5319 1119 5316  
 1015 5340  989 5298 1006 5092  974 5039  858 4987  790 4899  659 4778  
  573 4605  545 4432  467 4355  418 4212  367 4142  356 3826  367 3777  
  490 3562  482 3496  447 3477  312 3459   56 3269   20 3150    0 3137  
L  2 3    4     0    00    00               5                           
 1836 8703 1758 8482 1893 8304 1986 8104 1742 6920                      
L  2 4    5     0    00    00               2                           
 1836 8703 1883 8651                                                    
L  2 4    6     0    00    00               7                           
  750 6281  814 6255  894 6328  949 6336 1012 6425 1007 6519  933 6602  
L  2 4    7     0    00    00               4                           
  750 6281  834 6313  886 6392  933 6602                                
L  2 4    8     0    00    00               9                           
  933 6602  958 6682 1075 6826 1201 6933 1297 6923 1377 6878 1434 6909  
 1473 7002 1742 6920                                                    
L  2 4    9     0    00    00               8                           
  162 6106  320 6174  339 6242  451 6351  546 6284  652 6255  726 6291  
  750 6281                                                              
L  2 4   10     0    00    00               5                           
  162 6106  107 6013   61 6005   25 5925    0 5922                      
L  2 3   11     0    00    00              10                           
 168010000 1669 9876 1571 9476 1493 9358 1539 9220 1626 9196 1671 9113  
 1769 9052 1882 8871 1836 8703                                          
H1 7    0    0    0    1    1 0506 0506                                 
P  753    1 1666 6733 0 0                                               
M 412950à‰îVêÏ                2    2    4    2    0   42                
H2 1    2    3    2    0   34 0506 0506                                 
N  1 1    1 2885    0 1 3    1    2   -3    0    0    0    0    0    0  
N  1 1    2    0 5807 1 3    3   -2   -1    0    0    0    0    0    0  
L  1 5    1     0    11    214653099999   160                           
 2885    0 2887   20 2887   85 2930  185 2968  260 2977  268 2988  261  
 2997  260 3004  265 3063  353 3094  372 3097  392 3095  479 3104  545  
 3125  608 3137  680 3144  701 3155  714 3153  728 3142  756 3188  944  
 3199 1028 3201 1127 3194 1207 3169 1367 3163 1439 3184 1742 3202 1765  
 3203 1778 3195 1817 3156 1825 3151 1833 3112 1951 3102 2011 3097 2071  
 3091 2087 3078 2111 3057 2168 2995 2296 2954 2353 2942 2381 2878 2453  
 2858 2499 2834 2509 2811 2500 2802 2517 2775 2589 2767 2587 2759 2574  
 2709 2567 2665 2572 2653 2567 2640 2570 2637 2576 2616 2587 2504 2620  
 2458 2629 2387 2627 2358 2640 2331 2625 2302 2628 2301 2638 2298 2675  
 2285 2694 2281 2688 2276 2639 2154 2731 2136 2743 2114 2731 2112 2732  
 2094 2760 2072 2753 2043 2728 2014 2712 1995 2711 1957 2723 1928 2747  
 1912 2771 1891 2819 1876 2837 1860 2845 1845 2861 1835 2910 1829 2916  
 1801 2928 1780 2926 1752 2926 1701 2950 1668 2978 1595 3061 1589 3073  
 1553 3111 1519 3107 1509 3145 1469 3175 1425 3240 1391 3253 1367 3244  
 1342 3245 1332 3252 1324 3267 1311 3318 1312 3341 1324 3458 1333 3472  
 1353 3484 1361 3543 1413 3617 1425 3653 1432 3706 1456 3781 1474 3809  
 1482 3827 1484 3850 1481 3881 1469 3907 1453 3926 1440 3934 1426 3936  
 1408 3935 1394 3928 1381 3909 1375 3905 1358 3903 1352 3912 1296 4025  
 1249 4076 1223 4183 1212 4214 1205 4214 1186 4209 1175 4246 1163 4263  
 1079 4388 1043 4469  998 4605  983 4636  950 4685  918 4723  894 4746  
  800 4845  708 4936  596 5049  571 5083  569 5090  449 5256  441 5256  
  417 5245  408 5256  400 5280  399 5329  386 5360  316 5485  292 5485  
  286 5531  274 5551  199 5597  125 5649   82 5696    0 5807            
L  1 9    2     9    11    218888846530     3                           
 2885    0    0    0    0 5807                                          
L  1 9    3     9    21    118888899999     5                           
    0 5807    010000100001000010000    0 2885    0                      
A  199999    1 5918 2908   2                                            
    1    3                                                              
A  146530    2  918 2908   2                                            
    2   -1                                                              
H1 2    0    1    0    0    6 0506 0506                                 
L  2 3    1     0    00    00              35                           
    0 5758   61 5561  378 5138  833 4687  912 4631 1017 4261 1096 4042  
 1328 3810 1368 3710 1368 3641 1313 3569 1272 3478 1294 3280 1333 3212  
 1369 3185 1434 3182 1464 3109 1548 3062 1583 2912 1663 2795 1750 2806  
 1847 2724 2039 2393 2037 2279 2004 2230 1996 2042 2143 1732 2177 1483  
 2184 1177 2221 1000 2153  837 1887  655 1790  391 1701  229 1680    0  
M 412972èHìø                  1    4    4    4    0   35                
H2 1    4    4    4    0   34 0506 0506                                 
N  1 2    1  633 9997 0 2    1   -1    0    0    0    0    0    0    0  
N  1 2    2  195 9312 0 2    2   -2    0    0    0    0    0    0    0  
N  1 2    3  298 9369 0 2    3   -3    0    0    0    0    0    0    0  
N  1 1    410000    0 1 2   -4    4    0    0    0    0    0    0    0  
L  1 5    1     0    10    104652599999    91                           
  633 9997  607 9996  601 9993  589 9979  567 9966  545 9957  521 9951  
  514 9951  505 9945  522 9940  527 9930  522 9920  515 9916  505 9912  
  499 9908  491 9908  481 9910  470 9916  461 9913  465 9904  474 9889  
  466 9882  450 9879  438 9871  436 9860  438 9847  437 9833  431 9824  
  417 9816  401 9804  394 9799  379 9785  371 9772  363 9745  362 9734  
  370 9728  382 9738  388 9741  396 9735  407 9735  425 9753  441 9732  
  454 9720  481 9735  495 9742  505 9729  522 9703  542 9691  553 9692  
  550 9707  566 9720  578 9700  591 9690  623 9680  629 9675  637 9658  
  651 9651  663 9648  680 9638  691 9629  702 9622  709 9620  715 9622  
  710 9637  704 9652  705 9662  714 9669  712 9684  703 9711  692 9743  
  684 9773  679 9791  677 9798  692 9792  711 9765  724 9742  735 9735  
  758 9749  750 9767  742 9792  730 9816  713 9835  702 9852  703 9855  
  698 9888  694 9915  688 9925  677 9942  665 9967  642 9992  633 9997  
L  1 5    2     0    20    204652599999    13                           
  195 9312  188 9297  190 9280  201 9267  210 9262  224 9262  234 9268  
  238 9288  234 9304  225 9317  214 9323  199 9320  195 9312            
L  1 5    3     0    30    304652599999    14                           
  298 9369  269 9365  245 9360  235 9356  233 9345  237 9331  249 9316  
  266 9312  287 9311  308 9314  315 9326  312 9358  306 9371  298 9369  
L  1 9    4     9    41    418888899999     5                           
10000    0    0    0    010000100001000010000    0                      
A  146525    1  570 9808   1                                            
   -1                                                                   
A  146525    2  213 9292   1                                            
   -2                                                                   
A  146525    3  274 9342   1                                            
   -3                                                                   
A  199999    4 5489 9628   7                                            
    4    0    1    0    2    0    3                                     
