M 412804â´âió«ïîìáêºïî        3    7   29    5    2  190                
H2 1    7   10    5    0  133 0506 0506                                 
N  1 2    1 6362 7678 0 3    1    5   -6    0    0    0    0    0    0  
N  1 1    2 3643    0 1 3    3   -1    7    0    0    0    0    0    0  
N  1 1    3 7579    0 1 3    8    4   -3    0    0    0    0    0    0  
N  1 2    4 9233 8792 0 2    2   -2    0    0    0    0    0    0    0  
N  1 1    510000 2909 1 3    9   -4   -8    0    0    0    0    0    0  
N  1 1    610000 3154 1 3   10   -5   -9    0    0    0    0    0    0  
N  1 1    710000 8256 1 3   -7    6  -10    0    0    0    0    0    0  
L  1 5    1     0    10    214653499999   314                           
 6362 7678 6299 7646 6259 7622 6210 7638 6185 7617 6159 7622 6122 7645  
 6080 7621 6057 7593 6043 7555 6008 7512 5926 7510 5900 7459 5859 7438  
 5821 7461 5796 7471 5761 7461 5749 7461 5747 7425 5735 7379 5665 7296  
 5646 7291 5621 7304 5586 7285 5576 7261 5572 7261 5544 7286 5500 7281  
 5451 7305 5423 7341 5433 7373 5431 7386 5391 7400 5347 7373 5356 7322  
 5316 7274 5274 7285 5230 7277 5216 7253 5195 7245 5153 7218 5141 7181  
 5139 7153 5122 7121 5120 7107 5076 7105 5001 7095 4962 7079 4922 7049  
 4855 7031 4785 7058 4725 7067 4683 7053 4653 7064 4623 7089 4548 7086  
 4537 7081 4492 7106 4474 7109 4441 7063 4409 7090 4397 7095 4400 7139  
 4367 7193 4323 7229 4244 7256 4216 7253 4175 7270 4130 7254 4093 7259  
 4063 7235 4040 7230 3993 7265 3977 7269 3875 7306 3850 7325 3831 7373  
 3796 7385 3764 7434 3727 7450 3639 7518 3576 7575 3527 7568 3476 7554  
 3434 7557 3402 7617 3372 7696 3349 7742 3329 7801 3326 7845 3322 7858  
 3289 7888 3276 7917 3271 7944 3262 7947 3234 7977 3220 8015 3225 8069  
 3179 8085 3153 8110 3109 8143 3047 8165 2982 8176 2972 8181 2907 8160  
 2865 8136 2840 8155 2802 8166 2793 8158 2763 8107 2737 8102 2707 8072  
 2669 8051 2658 7999 2630 7965 2632 7954 2606 7930 2597 7881 2603 7846  
 2550 7800 2540 7779 2522 7760 2512 7733 2489 7709 2489 7671 2479 7633  
 2481 7566 2488 7528 2458 7501 2441 7474 2432 7423 2411 7353 2415 7299  
 2410 7258 2343 7264 2341 7248 2345 7216 2361 7191 2317 7173 2284 7097  
 2247 7019 2246 6998 2272 6978 2249 6965 2237 6936 2178 6847 2176 6798  
 2148 6805 2141 6761 2141 6739 2150 6677 2121 6542 2105 6496 2089 6491  
 2049 6470 2028 6429 2023 6373 2025 6281 2011 6246 1980 6203 1959 6203  
 1957 6152 1959 6141 1975 6127 1998 6085 1996 6046 2003 5997 2011 5849  
 2009 5765 1950 5601 1950 5566 1954 5555 1926 5434 1926 5401 1909 5361  
 1902 5328 1911 5293 1888 5266 1864 5150 1862 5149 1866 5126 1873 5123  
 1864 5086 1861 5048 1873 4975 1866 4965 1866 4959 1886 4925 1884 4910  
 1861 4905 1852 4899 1849 4856 1851 4816 1839 4757 1809 4725 1776 4711  
 1765 4665 1757 4619 1799 4546 1787 4449 1784 4398 1777 4363 1763 4357  
 1763 4344 1768 4336 1768 4322 1761 4320 1784 4263 1800 4201 1830 4136  
 1852 4045 1869 4008 1892 3987 1913 3984 1920 3978 1935 3893 1952 3857  
 1958 3824 1968 3805 1968 3776 2000 3719 2018 3697 2027 3538 2034 3494  
 2036 3509 2043 3494 2038 3493 2041 3465 2066 3370 2072 3325 2089 3275  
 2100 3251 2112 3254 2119 3246 2125 3208 2130 3175 2125 3129 2125 3032  
 2087 2989 2078 2946 2070 2863 2077 2854 2094 2938 2097 2984 2129 3008  
 2157 3010 2190 2983 2206 2973 2210 2973 2222 2943 2238 2883 2254 2851  
 2270 2751 2270 2713 2281 2661 2300 2640 2325 2632 2357 2573 2410 2410  
 2440 2315 2470 2245 2502 2131 2520 2034 2515 1991 2503 1965 2501 1965  
 2501 1883 2508 1883 2524 1810 2540 1781 2561 1758 2593 1734 2609 1728  
 2628 1731 2630 1712 2616 1709 2625 1682 2630 1677 2616 1613 2639 1569  
 2653 1531 2669 1501 2683 1504 2680 1493 2664 1466 2664 1425 2677 1371  
 2691 1366 2721 1328 2738 1287 2779 1233 2800 1176 2848 1093 2917  995  
 2945  962 2994  886 3158  688 3232  569 3282  466 3308  437 3336  437  
 3361  398 3375  387 3421  293 3439  265 3458  222 3483  211 3493  203  
 3534  138 3562  103 3576   93 3601   59 3620   21 3643    0            
L  1 5    2     0    40    404653399999    11                           
 9233 8792 9222 8800 9210 8797 9196 8789 9192 8781 9201 8738 9212 8719  
 9238 8727 9254 8725 9256 8733 9233 8792                                
L  1 9    3     9    21    314653488888     2                           
 3643    0 7579    0                                                    
L  1 5    4     0    31    514653499999   103                           
 7579    0 7593   27 7618   61 7628   85 7626  103 7644   89 7660   89  
 7681  121 7695  117 7721  145 7733  173 7738  207 7766  234 7789  205  
 7798  207 7805  253 7847  301 7856  304 7877  282 7898  279 7903  258  
 7959  269 8003  293 8061  335 8091  365 8122  413 8110  435 8108  451  
 8136  434 8185  496 8206  510 8227  534 8241  542 8248  589 8265  613  
 8279  642 8274  661 8269  663 8272  696 8267  704 8272  750 8286  747  
 8304  695 8358  714 8398  757 8442  749 8500  767 8523  781 8565  797  
 8612  834 8630  839 8661  855 8691  879 8707  906 8701  936 8731  974  
 8759  998 8778 1085 8783 1143 8802 1176 8799 1203 8809 1230 8828 1254  
 8842 1301 8875 1365 8872 1405 8894 1437 8917 1437 8952 1469 9021 1425  
 9033 1437 9066 1453 9098 1461 9126 1461 9161 1465 9203 1501 9257 1554  
 9261 1600 9248 1702 9281 1713 9290 1699 9346 1745 9376 1750 9400 1797  
 9414 1837 9400 1882 9410 1952 9450 2045 9480 2090 9523 2285 9609 2333  
 9628 2381 9674 2399 9695 2426 9724 2488 9761 2550 9803 2584 9845 2603  
 9885 2627 9917 2670 9969 2762 9981 287810000 2909                      
L  1 4    5     0    10    614653346534   164                           
 6362 7678 6384 7491 6382 7456 6362 7317 6388 7238 6392 7221 6364 7200  
 6364 7194 6387 7151 6412 7051 6449 7021 6470 6954 6479 6875 6507 6835  
 6537 6781 6562 6757 6564 6713 6557 6664 6573 6586 6582 6513 6520 6319  
 6506 6285 6404 6160 6361 6117 6343 6071 6326 5966 6298 5891 6295 5815  
 6297 5789 6271 5729 6250 5694 6238 5616 6217 5541 6147 5414 6137 5390  
 6130 5347 6135 5303 6165 5279 6220 5243 6306 5162 6345 5056 6386 4973  
 6419 4917 6437 4875 6523 4813 6571 4769 6585 4753 6625 4731 6678 4749  
 6779 4835 6823 4827 6848 4789 6857 4743 6873 4686 6901 4626 6940 4613  
 6994 4637 7052 4637 7061 4631 7094 4633 7129 4622 7161 4621 7201 4638  
 7240 4619 7268 4622 7368 4694 7394 4694 7410 4637 7426 4615 7468 4615  
 7498 4566 7512 4536 7567 4531 7579 4541 7596 4621 7652 4641 7717 4651  
 7766 4697 7803 4767 7866 4845 7876 4893 7948 4955 7983 4995 8053 5041  
 8093 5097 8107 5111 8105 5175 8092 5286 8085 5294 8059 5309 8041 5357  
 8048 5430 8112 5605 8144 5648 8154 5650 8189 5696 8207 5696 8275 5712  
 8349 5711 8381 5649 8414 5608 8439 5592 8504 5517 8516 5493 8529 5411  
 8505 5327 8521 5251 8542 5219 8577 5205 8612 5175 8646 5134 8679 5083  
 8727 5053 8767 5074 8795 5063 8843 5033 8869 4977 8901 4957 8920 4938  
 8954 4882 9003 4787 9009 4768 9028 4741 9056 4719 9095 4624 9118 4546  
 9115 4462 9133 4424 9201 4429 9243 4415 9284 4383 9289 4345 9272 4307  
 9270 4294 9277 4245 9313 4194 9464 4085 9503 4039 9561 3885 9586 3793  
 9616 3719 9657 3645 9669 3635 9685 3600 9689 3546 9701 3506 9703 3485  
 9698 3438 9719 3373 9732 3303 9730 3285 9739 3277 9753 3249 9748 3208  
 9755 3179 9764 3170 9845 3165 9864 3167 9906 3213 9925 3199 9924 3151  
 9961 3145 9996 316910000 3154                                          
L  1 5    6     0    71    104653399999   105                           
10000 8256 9956 8258 9947 8250 9905 8194 9886 8154 9853 8125 9835 8119  
 9765 8135 9721 8138 9681 8152 9642 8171 9607 8174 9561 8218 9503 8245  
 9436 8305 9403 8341 9392 8349 9376 8389 9362 8513 9344 8557 9316 8575  
 9279 8586 9242 8606 9216 8630 9188 8622 9170 8579 9139 8544 9102 8515  
 9081 8504 9085 8472 9104 8423 9108 8390 9087 8342 9010 8237 8989 8199  
 8949 8173 8898 8125 8830 8090 8788 8095 8756 8090 8702 8063 8660 8072  
 8619 8075 8567 8072 8516 8059 8477 8062 8439 8061 8400 8037 8381 8030  
 8335 7987 8290 7966 8227 7899 8099 7770 8057 7743 8033 7741 8019 7701  
 7975 7657 7942 7571 7935 7525 7946 7479 7948 7429 7920 7347 7876 7291  
 7820 7237 7771 7219 7703 7205 7640 7200 7599 7230 7557 7279 7548 7347  
 7511 7397 7460 7442 7444 7463 7361 7541 7344 7529 7335 7533 7289 7526  
 7256 7521 7223 7530 7165 7522 7135 7527 7100 7490 7028 7498 7012 7490  
 7002 7490 6963 7531 6910 7575 6884 7613 6873 7607 6849 7586 6808 7586  
 6740 7619 6689 7625 6678 7614 6648 7663 6638 7665 6608 7653 6580 7679  
 6545 7679 6506 7666 6455 7685 6436 7685 6397 7675 6366 7675 6362 7678  
L  1 9    7     9    21    718888899999     5                           
 3643    0    0    0    010000100001000010000 8256                      
L  1 9    8     9    31    519999988888     3                           
 7579    010000    010000 2909                                          
L  1 9    9     9    51    614653488888     2                           
10000 290910000 3154                                                    
L  1 9   10     9    61    714653388888     2                           
10000 315410000 8256                                                    
A  199999    1  894 4450   5                                            
    1    7    6    0    2                                               
A  146534    2 5654 4084   5                                            
    5   -9   -4   -3   -1                                               
A  146533    3 8149 5878   3                                            
   -6  -10   -5                                                         
A  199999    4 9528 1448   2                                            
    4   -8                                                              
A  146533    5 9222 8758   1                                            
   -2                                                                   
H1 2    0   19    0    0   50 0506 0506                                 
L  2 4    1     0    00    00              17                           
 4636    0 4001  879 3953 1024 3740 1788 3311 2025 3047 2895 2761 3376  
 2715 4048 2902 4742 3071 4855 3295 5572 3337 5871 3657 5855 4098 6444  
 4949 6444 5125 6314 5403 6436                                          
L  2 4    2     0    00    00               8                           
 8533 5415 8481 5274 8450 5028 8477 4901 8360 4777 8269 4557 8092 4338  
 8061 4043                                                              
L  2 3    3     0    00    00               6                           
 7984 2125 7878 1888 7649 1688 7293 1230 6976  423 6519    0            
L  2 4    4     0    00    00               5                           
 8044 5826 8156 5702 8338 5724 8500 5520 8533 5415                      
L  2 4    5     0    00    00               5                           
 8044 5826 8307 6079 8542 6055 8742 6165 8830 6289                      
L  2 4    6     0    00    00               5                           
 5403 6436 5770 6598 5964 6653 6429 6903 6573 6759                      
L  2 5    7     0    00    00              34                           
 5403 6436 5570 6006 5678 5376 5699 5032 5764 4774 5753 4430 5710 4258  
 5549 4200 5528 4114 5517 3928 5474 3813 5463 3641 5431 3355 5388 3040  
 5270 2925 5281 2724 5227 2595 5238 2380 5291 2180 5281 1979 5356 1864  
 5302 1649 5324 1506 5291 1277 5377 1062 5399  875 5474  789 5485  675  
 5581  574 5528  445 5560  316 5710  245 5839   87 5871    0            
L  2 4    8     0    00    00               5                           
 8061 4043 8020 3654 8262 2956 7979 2314 7984 2125                      
L  2 5    9     0    00    00               8                           
 8061 4043 8425 4243 8543 4229 8769 3928 8983 3742 9209 3656 9434 3226  
 9477 3111                                                              
L  2 3   10     0    00    00               6                           
 9477 3111 9241 3121 8869 2986 8764 2726 8522 2558 7984 2125            
L  2 3   11     0    00    00               4                           
 9971 3238 9881 3159 9708 3101 9477 3111                                
L  2 5   12     0    00    00              12                           
 9971 3238 9981 3068 9874 2796 9541 2438 9466 2294 9316 1922 9209 1807  
 8994 1606 8833 1391 8189  818 7889  402 7255    0                      
L  2 4   13     0    00    00               7                           
 6573 6759 6743 6589 6876 6565 7370 6149 7782 6089 7962 5838 8044 5826  
L  2 5   14     0    00    00              18                           
 6573 6759 6708 6866 6762 6952 6880 6938 6955 7010 7073 6938 7159 6780  
 7234 6551 7331 6522 7470 6565 7631 6436 7856 6436 8028 6393 8125 6451  
 8318 6680 8468 6737 8554 6809 8830 6289                                
L  2 4   15     0    00    00               4                           
 8830 6289 8963 6423 9198 6553 9425 6792                                
L  2 4   16     0    00    00               8                           
10000 5589 9940 5578 9730 5430 9524 5345 9202 5440 8981 5294 8628 5411  
 8533 5415                                                              
L  2 3   17     0    00    00               2                           
10000 3264 9971 3238                                                    
L  2 4   18     0    00    00               4                           
 9425 6792 9542 6971 9794 703110000 7031                                
L  2 5   19     0    00    00               3                           
 9425 6792 9782 674310000 6667                                          
H1 7    0    0    0    2    4 0506 0506                                 
P  7 1    1 5343 2881 0 1                                               
01 3 5343 2881              00  ímñºí¨                                  
P  7 7    2 7323 4039 0 1                                               
01 5 7323 4039              00  â´âió«ïîìá                              
M 412805â´âió«ïîìáìåïî        3    7   33    5    2  145                
H2 1    7   10    5    0   84 0506 0506                                 
N  1 2    1 1533 4067 0 2    1   -1    0    0    0    0    0    0    0  
N  1 1    2    0 2909 1 3    2    6    7    0    0    0    0    0    0  
N  1 2    3   75 2990 0 3    4   -3   -2    0    0    0    0    0    0  
N  1 1    4    0 3154 1 3    3    8   -7    0    0    0    0    0    0  
N  1 1    5 580610000 1 3   -6  -10   -4    0    0    0    0    0    0  
N  1 1    6 226010000 1 3   10   -9    5    0    0    0    0    0    0  
N  1 1    7    0 8256 1 3   -5    9   -8    0    0    0    0    0    0  
L  1 5    1     0    10    104653399999    11                           
 1533 4067 1537 4064 1549 4072 1555 4089 1553 4118 1539 4129 1521 4118  
 1497 4064 1499 4047 1505 4045 1533 4067                                
L  1 5    2     0    21    304653499999     2                           
    0 2909   75 2990                                                    
L  1 4    3     0    41    304653346534     5                           
    0 3154   21 3163   26 3125   52 3045   75 2990                      
L  1 5    4     0    30    514653399999   250                           
   75 2990   94 3014  164 3075  210 3129  246 3157  280 3173  310 3166  
  344 3171  402 3194  406 3189  462 3235  526 3282  596 3296  614 3302  
  628 3321  650 3337  680 3365  718 3376  756 3354  774 3319  796 3325  
  806 3350  818 3371  886 3341  968 3325  988 3357 1010 3338 1018 3360  
 1046 3385 1050 3398 1040 3421 1026 3441 1040 3463 1062 3466 1066 3442  
 1090 3429 1114 3477 1114 3491 1129 3537 1115 3561 1121 3570 1161 3559  
 1221 3638 1231 3649 1235 3647 1275 3701 1300 3745 1384 3911 1353 3938  
 1383 3935 1397 3941 1425 3960 1439 3982 1445 4006 1429 4021 1407 4011  
 1407 4022 1447 4082 1482 4147 1492 4183 1524 4159 1548 4167 1556 4167  
 1582 4203 1582 4243 1598 4261 1610 4254 1656 4255 1668 4261 1676 4293  
 1665 4371 1665 4409 1673 4453 1694 4526 1700 4575 1732 4632 1734 4665  
 1751 4703 1815 4790 1857 4817 1879 4845 1898 4907 1920 4925 1932 4951  
 1956 4984 1992 5011 1998 5037 1994 5046 1996 5071 2011 5114 2023 5158  
 2015 5163 2025 5201 2070 5294 2122 5362 2152 5381 2192 5381 2228 5414  
 2254 5445 2268 5493 2289 5531 2299 5559 2393 5589 2451 5647 2469 5679  
 2477 5715 2479 5750 2460 5782 2454 5823 2454 5880 2480 5918 2498 5918  
 2526 5935 2527 5975 2523 5986 2539 6024 2589 6111 2628 6187 2658 6266  
 2680 6307 2675 6334 2675 6391 2689 6475 2690 6549 2710 6605 2710 6624  
 2716 6641 2878 6648 2947 6862 2933 6870 2870 6666 2790 6663 2792 6877  
 2776 6898 2756 6901 2740 6941 2798 6982 2808 6957 2808 6942 2834 6923  
 2846 6929 2870 6953 2892 6986 2916 6989 2980 6993 3004 6990 3118 6994  
 3170 7013 3212 7046 3242 7085 3248 7106 3246 7125 3230 7131 3226 7136  
 3231 7193 3279 7280 3329 7310 3371 7294 3470 7213 3492 7269 3477 7287  
 3455 7271 3433 7293 3393 7327 3359 7338 3305 7345 3244 7397 3214 7431  
 3217 7504 3231 7589 3247 7640 3272 7672 3294 7711 3294 7725 3310 7797  
 3347 7885 3355 7893 3389 7882 3489 7929 3521 7938 3555 7949 3587 7990  
 3601 8022 3615 8074 3639 8120 3680 8189 3704 8218 3732 8270 3776 8330  
 3789 8371 3839 8447 3896 8594 3924 8638 3948 8685 4002 8774 4039 8793  
 4049 8831 4043 8839 4057 8885 4109 8897 4107 8907 4108 8989 4128 9027  
 4192 9069 4202 9112 4228 9155 4266 9199 4311 9232 4374 9230 4414 9249  
 4436 9266 4502 9288 4582 9286 4620 9301 4664 9325 4722 9328 4752 9309  
 4798 9313 4814 9333 4814 9341 4860 9354 4894 9395 4936 9409 4964 9398  
 4996 9397 5020 9434 5064 9467 5112 9459 5140 9481 5172 9541 5192 9568  
 5246 9607 5296 9640 5323 9667 5329 9681 5333 9721 5339 9735 5367 9768  
 5403 9793 5435 9798 5501 9802 5567 9819 5609 9827 5639 9845 5709 9855  
 5763 9867 5777 9899 5791 9951 5803 9973 580610000                      
L  1 5    5     0    61    714653399999    83                           
 226010000 2276 9990 2272 9917 2254 9845 2233 9776 2231 9749 2203 9725  
 2151 9689 2129 9680 2105 9718 2051 9734 2028 9758 2004 9793 1978 9771  
 1928 9709 1855 9626 1833 9597 1819 9561 1799 9563 1771 9485 1740 9422  
 1682 9394 1646 9383 1636 9399 1629 9456 1613 9507 1511 9739 1455 9698  
 1508 9571 1552 9599 1595 9504 1613 9453 1620 9385 1616 9353 1596 9334  
 1582 9325 1564 9344 1542 9339 1526 9325 1516 9301 1358 9237 1296 9203  
 1238 9162 1160 9069 1141 9053 1127 9017 1113 8993 1093 8976 1081 8947  
 1057 8903 1071 8873 1064 8830 1046 8786 1016 8749  980 8688  941 8655  
  905 8631  789 8586  743 8557  667 8517  663 8523  635 8520  617 8503  
  599 8519  570 8525  504 8578  436 8585  420 8607  395 8696  359 8706  
  317 8681  283 8619  271 8586  272 8543  242 8499  208 8469  194 8466  
  158 8445  124 8398   94 8379   74 8319   45 8281    0 8256            
L  1 9    6     9    21    519999988888     5                           
    0 2909    0    010000    01000010000 580610000                      
L  1 9    7     9    21    418888846534     2                           
    0 2909    0 3154                                                    
L  1 9    8     9    41    718888846533     2                           
    0 3154    0 8256                                                    
L  1 9    9     9    71    618888899999     3                           
    0 8256    010000 226010000                                          
L  1 9   10     9    61    518888846533     2                           
 226010000 580610000                                                    
A  146533    1 1530 4086   1                                            
   -1                                                                   
A  199999    2 6338 6390   5                                            
    2    4   -6    0    1                                               
A  146534    3   28 3036   3                                            
    7    3   -2                                                         
A  146533    4 1355 6606   5                                            
   -3    8   -5   10   -4                                               
A  199999    5  605 9128   2                                            
    5    9                                                              
H1 2    0   23    0    0   55 0506 0506                                 
L  2 4    1     0    00    00               9                           
 2687 6771 2508 6821 2421 6789 2231 6656 2113 6674 1862 6638 1713 6562  
 1644 6597 1568 6579                                                    
L  2 3    2     0    00    00              12                           
 2687 6771 2673 6723 2688 6577 2616 6472 2489 6165 2269 5923 2081 5547  
 1840 5231 1492 4668 1253 4521  351 3456  236 3408                      
L  2 3    3     0    00    00               8                           
 3013 7719 3106 7587 3101 7437 3003 7303 2968 7196 2872 7028 2773 7010  
 2674 6939                                                              
L  2 3    4     0    00    00               3                           
 3013 7719 3440 8497 3557 8585                                          
L  2 3    5     0    00    00               3                           
 2687 6771 2697 6836 2674 6939                                          
L  2 5    6     0    00    00               9                           
  226 5630  121 5433   78 5290   89 4931  196 4616  185 4401  228 4272  
  250 3613  236 3408                                                    
L  2 4    7     0    00    00               6                           
 1568 6579 1357 6529  952 6029  562 5798  335 5754  226 5630            
L  2 4    8     0    00    00               7                           
 1054 8173 1343 8582 1447 8873 1453 9034 1544 9281 1613 9293 1745 9167  
L  2 5    9     0    00    00               8                           
 1054 8173 1317 7861 1574 7933 1746 7818 1960 7818 2057 7890 2218 7761  
 2304 7761                                                              
L  2 4   10     0    00    00               8                           
 1745 9167 1995 9305 2215 9291 2441 9386 2549 9385 3016 9790 3202 9819  
 3404 9935                                                              
L  2 5   11     0    00    00               7                           
 1745 9167 1842 8879 2025 8606 2057 8377 2154 8191 2282 8090 2304 7761  
L  2 5   12     0    00    00               4                           
 2304 7761 2486 7402 2637 7288 2678 7095                                
L  2 5   13     0    00    00               7                           
 3404 9935 3527 9609 3506 9395 3495 9266 3560 8965 3517 8721 3557 8585  
L  2 3   14     0    00    00               3                           
 3557 8585 3991 9309 4061 9384                                          
L  2 5   15     0    00    00               4                           
 2678 7095 2780 7330 2846 7418 3013 7719                                
L  2 5   16     0    00    00               3                           
 2674 6939 2663 6992 2678 7095                                          
L  2 4   17     0    00    00               2                           
  226 5630    0 5589                                                    
L  2 3   18     0    00    00               3                           
  236 3408   97 3349    0 3264                                          
L  2 4   19     0    00    00               8                           
    0 7031    4 7031  218 7140  278 7290  447 7428  823 7960  883 8132  
 1054 8173                                                              
L  2 5   20     0    00    00               9                           
    0 6667   29 6657  190 6514  758 6714  930 6743 1198 6915 1274 6901  
 1338 6800 1568 6579                                                    
L  2 4   21     0    00    00               2                           
 3404 9935 351710000                                                    
L  2 5   22     0    00    00               8                           
 560310000 5588 9945 5405 9931 4976 9529 4590 9515 4525 9515 4311 9357  
 4061 9384                                                              
L  2 3   23     0    00    00               3                           
 4061 9384 4508 9869 454110000                                          
H1 7    0    0    0    2    3 0506 0506                                 
P  7 1    1 2426 8891 0 1                                               
01 3 2426 8891              00  òaîëí¨                                  
P  753    2 2600 6600 0 0                                               
M 412815â´âi                  3    2    7    2    1   56                
H2 1    2    3    2    0   42 0506 0506                                 
N  1 1    1 5806    0 1 3    1   -3   -2    0    0    0    0    0    0  
N  1 1    2 2260    0 1 3    3   -1    2    0    0    0    0    0    0  
L  1 5    1     0    11    214653399999   213                           
 5806    0 5804   11 5818   30 5829   97 5871  137 5934  161 5965  183  
 6002  237 6016  288 6026  299 6040  331 6044  334 6074  323 6126  330  
 6165  341 6198  362 6249  402 6282  486 6308  517 6366  542 6467  690  
 6499  760 6507  806 6525  830 6537  871 6591  903 6616  943 6702  961  
 6758  961 6793  977 6847 1039 6863 1101 6864 1136 6845 1206 6852 1245  
 6892 1319 6925 1370 6965 1411 6974 1430 7002 1440 7067 1440 7086 1475  
 7093 1480 7112 1515 7133 1566 7196 1577 7251 1574 7270 1609 7254 1661  
 7256 1674 7238 1744 7220 1771 7180 1806 7134 1853 7109 1928 7118 1958  
 7109 2029 7091 2063 7075 2104 7059 2185 7052 2205 6992 2223 6978 2221  
 6934 2253 6874 2286 6834 2294 6804 2309 6769 2309 6704 2330 6607 2363  
 6512 2399 6465 2413 6414 2397 6363 2397 6319 2389 6295 2370 6270 2365  
 6240 2373 6200 2355 6184 2322 6137 2331 6098 2358 6061 2399 6024 2397  
 6014 2377 5972 2381 5963 2386 5951 2359 5914 2351 5882 2349 5849 2354  
 5842 2378 5826 2414 5812 2419 5803 2416 5773 2445 5729 2403 5696 2429  
 5659 2442 5636 2426 5596 2415 5566 2399 5538 2399 5517 2375 5501 2413  
 5473 2424 5466 2424 5445 2402 5419 2357 5410 2351 5391 2325 5328 2195  
 5295 2147 5265 2082 5258 2109 5239 2120 5216 2077 5188 2069 5107 2075  
 5072 2067 5030 2051 4981 2027 4951 2017 4904 1971 4883 1936 4859 1879  
 4857 1853 4866 1793 4859 1766 4842 1726 4833 1658 4828 1573 4788 1559  
 4758 1543 4744 1541 4707 1517 4683 1485 4643 1411 4634 1362 4636 1322  
 4622 1269 4594 1263 4540 1233 4517 1229 4503 1209 4501 1182 4484 1169  
 4454 1157 4354 1143 4312 1181 4278 1178 4257 1170 4240 1149 4224 1138  
 4196 1133 4170 1119 4152 1082 4117 1087 4105 1082 4058 1007 4009  953  
 3979  897 3965  878 3918  832 3862  773 3816  795 3781  790 3748  779  
 3730  755 3690  755 3648  747 3620  758 3583  729 3576  729 3565  718  
 3534  707 3513  710 3499  689 3481  702 3472  702 3432  665 3406  635  
 3388  638 3364  614 3341  609 3278  542 3245  520 3227  488 3180  423  
 3068  349 3028  327 2991  352 2938  363 2922  429 2913  430 2885  401  
 2847  371 2812  353 2759  334 2724  326 2692  337 2636  338 2627  343  
 2599  376 2571  373 2548  349 2515  298 2445  209 2356  115 2333   96  
 2312   70 2288   48 2260    0                                          
L  1 9    2     9    21    118888899999     6                           
 2260    0    0    0    010000100001000010000    0 5806    0            
L  1 9    3     9    21    114653388888     2                           
 2260    0 5806    0                                                    
A  199999    1 5000 5285   2                                            
    1    2                                                              
A  146533    2 5696 1234   2                                            
   -3   -1                                                              
H1 2    0    4    0    0    9 0506 0506                                 
L  2 3    1     0    00    00               8                           
 5053  908 5219 1037 5515 1214 5611 1156 5904 1304 6019 1410 6388 1529  
 6457 1536                                                              
L  2 4    2     0    00    00               7                           
 3517    0 3936  261 4310  405 4686  595 4784  759 4947  882 5053  908  
L  2 5    3     0    00    00               3                           
 6167  604 5642  146 5603    0                                          
L  2 3    4     0    00    00               5                           
 4541    0 4689  130 4840  334 5009  709 5053  908                      
H1 7    0    0    0    1    2 0506 0506                                 
P  7 6    1 6922 2157 0 1                                               
01 3 6922 2157              00  çëì™ñ¶                                  
M 412837à…êÂçË                2    4    6    3    1   43                
H2 1    4    6    3    0   39 0506 0506                                 
N  1 1    1 399310000 1 3    1    3    4    0    0    0    0    0    0  
N  1 1    2 729610000 1 3    5   -4   -1    0    0    0    0    0    0  
N  1 1    3 778110000 1 3    6   -5    2    0    0    0    0    0    0  
N  1 1    4 914610000 1 3   -3   -6   -2    0    0    0    0    0    0  
L  1 5    1     0    11    214653299999    81                           
 399310000 4017 9960 4072 9891 4080 9870 4082 9843 4075 9774 4068 9750  
 4067 9723 4116 9629 4126 9582 4147 9549 4213 9480 4284 9426 4477 9289  
 4551 9233 4711 9131 4777 9107 4821 9085 4848 9058 4861 9040 4888 9015  
 4953 8968 5009 8918 5038 8877 5072 8869 5165 8902 5220 8921 5329 8979  
 5413 9009 5439 9015 5485 9038 5504 9050 5511 9037 5529 9031 5635 9056  
 5830 9085 5849 9093 5861 9135 5870 9129 5939 9130 5960 9137 5991 9192  
 6002 9199 6020 9199 6032 9195 6065 9160 6087 9154 6174 9154 6272 9178  
 6278 9181 6407 9181 6423 9193 6430 9215 6459 9224 6500 9248 6600 9293  
 6619 9309 6632 9336 6663 9350 6675 9350 6687 9365 6702 9400 6711 9413  
 6852 9469 6968 9491 6992 9507 6999 9518 7010 9576 7091 9645 7111 9671  
 7129 9683 7139 9696 7135 9728 7153 9787 7161 9832 7168 9854 7211 9909  
 7232 9927 7266 9974 7292 9997 729610000                                
L  1 5    2     0    31    414653299999    43                           
 778110000 7787 9992 7839 9960 7852 9949 7863 9911 7874 9895 7902 9914  
 7921 9899 7938 9891 8009 9881 8034 9857 8040 9832 8053 9813 8072 9792  
 8097 9775 8139 9768 8200 9768 8224 9765 8251 9753 8279 9749 8331 9752  
 8358 9760 8389 9757 8480 9792 8545 9792 8563 9809 8588 9805 8634 9787  
 8742 9769 8764 9773 8811 9789 8829 9802 8860 9841 8890 9858 8955 9873  
 8998 9898 9063 9942 9092 9960 9102 9961 9122 9957 9130 9958 9139 9968  
 914610000                                                              
L  1 9    3     9    11    419999988888     6                           
 399310000    010000    0    010000    01000010000 914610000            
L  1 9    4     9    11    218888846532     2                           
 399310000 729610000                                                    
L  1 9    5     9    21    318888899999     2                           
 729610000 778110000                                                    
L  1 9    6     9    31    418888846532     2                           
 778110000 914610000                                                    
A  199999    1 2138 9432   4                                            
    1    5    2   -3                                                    
A  146532    2 5519 9434   2                                            
    4   -1                                                              
A  146532    3 8487 9874   2                                            
    6   -2                                                              
H1 7    0    0    0    1    2 0506 0506                                 
P  7 6    1 5658 9166 0 1                                               
01 3 5658 9166              00  à…êÂçË                                  
M 412847à…êÂ                  3   10   29    6    2  205                
H2 1   10   15    6    0  156 0506 0506                                 
N  1 2    1 2418 9922 0 3    1    4   -7    0    0    0    0    0    0  
N  1 1    210000 1797 1 3    3   -6   -9    0    0    0    0    0    0  
N  1 2    3 6415 8247 0 3   -8   -1    2    0    0    0    0    0    0  
N  1 1    410000 3025 1 3   10   -2   -3    0    0    0    0    0    0  
N  1 1    5 3993    0 1 3   13   -4   11    0    0    0    0    0    0  
N  1 1    6 7296    0 1 3   14    5  -13    0    0    0    0    0    0  
N  1 1    7 7781    0 1 3   15   -5  -14    0    0    0    0    0    0  
N  1 1    8 9146    0 1 3    9    6  -15    0    0    0    0    0    0  
N  1 1    9 250110000 1 3   12  -11    7    0    0    0    0    0    0  
N  1 1   10 780810000 1 3  -10  -12    8    0    0    0    0    0    0  
L  1 4    1     0    10    304653146532   129                           
 2418 9922 2445 9885 2504 9763 2528 9685 2540 9655 2549 9621 2559 9593  
 2611 9528 2722 9501 2742 9493 2814 9485 2844 9449 2873 9431 2941 9405  
 2995 9381 3005 9375 3047 9392 3065 9389 3083 9376 3094 9357 3106 9306  
 3124 9274 3161 9237 3183 9226 3203 9209 3223 9183 3275 9143 3302 9133  
 3328 9111 3346 9089 3386 9062 3417 9017 3419 9009 3435 8987 3453 8968  
 3491 8944 3505 8931 3518 8896 3536 8880 3554 8886 3568 8883 3586 8872  
 3626 8897 3650 8903 3724 8963 3760 8997 3769 9005 3800 9002 3820 8986  
 3854 8965 3862 8946 3866 8910 3885 8870 3909 8813 3946 8703 3948 8673  
 3946 8635 3969 8578 4003 8517 4009 8477 4032 8429 4070 8401 4104 8389  
 4136 8383 4166 8397 4196 8424 4238 8469 4258 8487 4300 8493 4382 8502  
 4428 8518 4450 8510 4472 8509 4498 8511 4536 8528 4590 8561 4606 8569  
 4673 8542 4703 8549 4763 8587 4825 8590 4875 8582 4941 8551 4967 8525  
 5016 8449 5034 8427 5050 8414 5068 8408 5203 8407 5245 8418 5255 8429  
 5281 8477 5303 8487 5337 8490 5393 8512 5425 8534 5459 8557 5531 8557  
 5565 8554 5585 8538 5656 8453 5680 8437 5722 8434 5722 8429 5756 8383  
 5758 8375 5773 8357 5789 8343 5795 8327 5789 8275 5799 8229 5815 8213  
 5824 8211 5848 8208 5912 8237 5946 8258 5999 8321 6007 8323 6034 8280  
 6066 8251 6088 8240 6116 8238 6176 8241 6232 8255 6262 8253 6286 8242  
 6341 8246 6361 8249 6415 8247                                          
L  1 4    2     0    30    414653046532   209                           
 6415 8247 6443 8233 6493 8218 6507 8207 6538 8153 6572 8134 6604 8127  
 6632 8117 6650 8095 6650 8069 6641 8049 6631 8038 6627 7989 6605 7970  
 6587 7961 6563 7918 6550 7847 6542 7805 6532 7763 6522 7736 6434 7677  
 6412 7640 6395 7583 6377 7565 6369 7549 6363 7518 6363 7480 6358 7429  
 6328 7366 6326 7282 6311 7190 6295 7130 6315 7090 6324 7025 6326 6944  
 6324 6930 6301 6897 6283 6838 6251 6816 6237 6791 6237 6773 6260 6707  
 6296 6629 6323 6559 6331 6489 6331 6456 6322 6391 6300 6349 6300 6323  
 6323 6218 6333 6197 6355 6186 6429 6195 6449 6176 6480 6155 6498 6144  
 6520 6150 6548 6169 6571 6205 6593 6213 6618 6210 6689 6254 6717 6261  
 6796 6239 6832 6229 6922 6227 6928 6224 6972 6238 6996 6233 7020 6217  
 7055 6181 7067 6158 7091 6134 7106 6064 7114 6056 7138 6051 7158 6013  
 7183 5929 7197 5917 7209 5911 7235 5917 7253 5930 7279 5936 7291 5944  
 7299 5971 7312 5990 7373 5985 7401 5981 7433 5965 7453 5965 7463 5981  
 7469 6003 7493 6019 7505 6006 7529 5993 7567 5997 7581 6007 7599 5999  
 7635 5967 7662 5949 7712 5873 7742 5819 7753 5811 7761 5811 7775 5830  
 7812 6001 7807 6029 7787 6074 7787 6104 7777 6147 7771 6157 7764 6193  
 7774 6221 7784 6231 7806 6231 7854 6221 7891 6199 7915 6178 7939 6101  
 7950 6062 7978 6008 8043 5827 8066 5717 8070 5693 8104 5677 8126 5669  
 8167 5639 8227 5529 8235 5507 8230 5459 8244 5394 8266 5373 8270 5353  
 8271 5317 8283 5310 8291 5281 8297 5273 8363 5235 8382 5217 8390 5192  
 8402 5182 8408 5182 8448 5205 8464 5197 8518 5145 8537 5115 8547 5110  
 8565 5110 8575 5105 8577 5089 8563 5045 8553 4994 8557 4975 8565 4967  
 8571 4965 8583 4973 8595 4989 8601 5013 8615 5038 8629 5057 8647 5053  
 8673 5033 8722 4987 8738 4966 8752 4936 8770 4918 8800 4921 8810 4913  
 8901 4757 8924 4725 8978 4669 8998 4645 9051 4558 9069 4517 9094 4469  
 9184 4357 9197 4337 9219 4267 9258 4195 9290 4098 9316 4057 9333 4014  
 9355 3944 9367 3912 9452 3781 9495 3737 9507 3718 9527 3664 9529 3643  
 9548 3557 9554 3481 9555 3451 9565 3389 9577 3349 9595 3319 9612 3309  
 9652 3295 9684 3263 9702 3255 9742 3253 9802 3234 9831 3218 9855 3192  
 9905 3149 9919 3135 9954 3079 9968 3061 9992 304510000 3025            
L  1 9    3     9    21    414653288888     2                           
10000 179710000 3025                                                    
L  1 5    4     0    10    514653299999   305                           
 2418 9922 2394 9921 2380 9925 2370 9959 2352 9945 2340 9942 2326 9907  
 2318 9904 2310 9896 2304 9872 2274 9847 2272 9837 2281 9823 2283 9815  
 2257 9803 2249 9784 2251 9774 2263 9763 2257 9747 2271 9687 2241 9693  
 2233 9690 2229 9679 2238 9649 2236 9616 2256 9581 2270 9584 2286 9563  
 2284 9549 2288 9538 2292 9536 2299 9522 2297 9493 2331 9441 2327 9421  
 2331 9414 2339 9413 2351 9390 2340 9377 2348 9331 2338 9306 2342 9261  
 2336 9245 2335 9211 2327 9206 2321 9184 2299 9135 2287 9121 2283 9125  
 2263 9109 2255 9089 2213 9058 2199 9029 2193 9029 2183 9009 2183 9001  
 2166 8979 2150 8936 2136 8863 2125 8735 2127 8681 2135 8497 2129 8451  
 2129 8394 2146 8310 2160 8202 2177 8121 2175 8110 2158 7991 2146 7959  
 2140 7931 2142 7921 2136 7885 2120 7863 2099 7801 2059 7784 2045 7765  
 2011 7689 1983 7675 1969 7675 1945 7656 1905 7615 1884 7585 1860 7560  
 1764 7497 1714 7464 1658 7421 1616 7379 1562 7333 1550 7330 1519 7297  
 1471 7207 1469 7193 1453 7163 1441 7120 1418 7069 1352 6976 1317 6894  
 1297 6864 1293 6856 1233 6801 1211 6782 1145 6694 1088 6651 1058 6591  
 1036 6531 1018 6514  984 6495  950 6493  890 6494  860 6491  830 6493  
  774 6506  752 6509  700 6495  678 6495  654 6486  644 6478  624 6443  
  620 6361  643 6232  657 6194  702 6102  747 6030  830 5917  846 5887  
  886 5833  915 5769  961 5693 1056 5583 1095 5522 1127 5438 1162 5333  
 1195 5246 1219 5195 1254 5125 1272 5098 1290 5061 1314 5029 1379 4959  
 1393 4934 1397 4921 1462 4781 1503 4711 1507 4685 1501 4662 1509 4646  
 1523 4638 1549 4635 1538 4608 1552 4598 1584 4584 1598 4571 1600 4544  
 1588 4533 1586 4511 1590 4493 1602 4490 1614 4498 1642 4528 1644 4507  
 1649 4496 1667 4493 1739 4459 1759 4443 1799 4440 1811 4432 1829 4433  
 1845 4441 1863 4445 1873 4439 1887 4439 1923 4499 1941 4515 1973 4537  
 1987 4557 2053 4546 2142 4509 2150 4501 2156 4477 2168 4453 2231 4385  
 2285 4343 2327 4294 2356 4262 2358 4235 2368 4203 2380 4195 2390 4179  
 2409 4127 2433 4085 2467 4041 2475 4039 2489 4042 2507 4026 2548 3965  
 2550 3923 2554 3912 2576 3896 2611 3886 2633 3873 2675 3824 2691 3827  
 2713 3822 2717 3814 2737 3809 2749 3801 2761 3782 2780 3717 2794 3688  
 2816 3666 2830 3661 2852 3699 2866 3713 2892 3741 2910 3735 2928 3721  
 2956 3706 3015 3685 3037 3671 3045 3661 3087 3629 3202 3502 3216 3478  
 3225 3451 3229 3411 3241 3346 3272 3297 3320 3265 3437 3158 3487 3113  
 3499 3086 3504 3059 3520 2970 3547 2919 3581 2830 3636 2727 3612 2697  
 3622 2677 3668 2714 3684 2709 3682 2701 3684 2679 3706 2687 3727 2658  
 3729 2645 3693 2584 3685 2576 3661 2568 3637 2538 3625 2505 3624 2473  
 3632 2416 3657 2311 3689 2211 3711 2181 3724 2173 3748 2141 3758 2041  
 3759 2000 3767 1911 3772 1781 3769 1670 3770 1535 3778 1448 3817 1341  
 3815 1341 3819 1330 3830 1235 3848 1165 3866 1133 3857 1085 3849 1051  
 3833 1002 3807  953 3797  949 3793  950 3783  985 3775  989 3765  982  
 3755  966 3753  953 3759  942 3781  928 3790  902 3788  874 3792  821  
 3791  701 3795  688 3791  655 3790  577 3802  469 3810  455 3834  442  
 3871  445 3893  440 3917  413 3931  365 3936  291 3946  218 3949  151  
 3943   99 3959   34 3975    5 3993    0                                
L  1 5    5     0    61    714653299999    10                           
 7296    0 7362   39 7432   66 7482   64 7506   56 7560   35 7671   39  
 7745   27 7763   19 7781    0                                          
L  1 5    6     0    81    214653299999    42                           
 9146    0 9154   17 9160   31 9182   69 9199  105 9229  186 9249  224  
 9278  303 9292  363 9290  376 9294  417 9293  477 9309  490 9307  495  
 9377  607 9436  694 9440  694 9508  766 9516  785 9520  813 9566  866  
 9583  896 9603  934 9625  941 9631  949 9639  973 9637  986 9641 1027  
 9653 1062 9692 1130 9716 1195 9720 1217 9718 1279 9723 1301 9747 1353  
 9765 1375 9805 1407 9825 1429 9895 1514 9968 1669 9989 173710000 1797  
L  1 5    7     0    91    104653199999     8                           
 250110000 2496 9985 2472 9960 2450 9960 2446 9946 2442 9930 2434 9922  
 2418 9922                                                              
L  1 4    8     0   101    304653046531    52                           
 780810000 7810 9999 7808 9973 7791 9853 7797 9785 7795 9755 7787 9730  
 7756 9681 7704 9640 7662 9578 7578 9552 7538 9544 7506 9522 7468 9475  
 7448 9454 7406 9423 7342 9429 7296 9395 7272 9384 7248 9408 7224 9422  
 7194 9429 7059 9437 6923 9413 6897 9399 6879 9375 6865 9345 6834 9274  
 6826 9266 6800 9263 6772 9269 6745 9265 6693 9254 6667 9240 6598 9177  
 6562 9152 6546 9130 6506 9043 6490 9019 6466 8983 6455 8943 6443 8826  
 6446 8745 6430 8680 6419 8607 6379 8544 6365 8511 6365 8454 6376 8425  
 6404 8374 6410 8330 6415 8247                                          
L  1 9    9     9    81    219999988888     3                           
 9146    010000    010000 1797                                          
L  1 9   10     9    41   1014653088888     3                           
10000 30251000010000 780810000                                          
L  1 9   11     9    51    918888899999     4                           
 3993    0    0    0    010000 250110000                                
L  1 9   12     9    91   1018888846531     2                           
 250110000 780810000                                                    
L  1 9   13     9    51    614653288888     2                           
 3993    0 7296    0                                                    
L  1 9   14     9    61    719999988888     2                           
 7296    0 7781    0                                                    
L  1 9   15     9    71    814653288888     2                           
 7781    0 9146    0                                                    
A  146532    1 4962 4974   8                                            
    1    2   -3   -6  -15   -5  -13   -4                                
A  199999    2  690 4958   3                                            
    4   11    7                                                         
A  146531    3 4932 9112   4                                            
   -7   12    8   -1                                                    
A  199999    4 9791  894   2                                            
   -9    6                                                              
A  146530    5 8166 6488   3                                            
   -8  -10   -2                                                         
A  199999    6 7532   32   2                                            
    5  -14                                                              
H1 2    0   14    0    0   43 0506 0506                                 
L  2 3    1     0    00    00              22                           
10000 2440 9915 2187 9502 1630 9065 1281 8583 1215 8297  829 8040  701  
 7883  499 7457  256 7346  124 7163   61 6944  198 6379  209 5766  320  
 5509  239 4816  520 4676  720 4558 1002 4490 1043 4222 1299 4032 1606  
 3941 1858                                                              
L  2 4    2     0    00    00               2                           
10000 5954 9972 5924                                                    
L  2 3    3     0    00    00               3                           
10000 2712 9942 307810000 3137                                          
L  2 4    4     0    00    00              42                           
 9972 5924 9849 5800 9768 5624 9705 5579 9553 5533 9458 5426 9414 5407  
 9292 5430 9222 5421 9155 5367 8930 5295 8881 5245 8782 5316 8715 5309  
 8622 5423 8554 5467 8535 5609 8493 5661 8442 5643 8338 5689 8226 5865  
 8207 5959 8174 6006 8092 6066 8033 6295 7969 6397 8008 6518 7948 6769  
 7503 6763 7311 6598 7127 6551 7199 6303 6965 6077 6622 6153 6472 6043  
 6334 6072 6020 5942 5822 6151 5764 5987 5735 6324 5604 6294 5483 6337  
L  2 4    5     0    00    00               2                           
 9972 592410000 5922                                                    
L  2 3    6     0    00    00              14                           
 2771 3966 2473 4322 2438 4526 2512 4743 2674 4977 2764 5249 3073 5418  
 3183 5621 3364 5644 3389 5673 3309 6240 3600 6426 3799 6517 4022 6547  
L  2 3    7     0    00    00               4                           
 2771 3966 2867 3892 3205 3777 3247 3746                                
L  2 3    8     0    00    00              16                           
 3941 1858 3904 1904 3800 2180 3721 2233 3651 2433 3652 2516 3764 2649  
 3729 2713 3636 2760 3531 2968 3512 3097 3467 3167 3419 3228 3279 3329  
 3251 3376 3223 3547                                                    
L  2 4    9     0    00    00               5                           
 5483 6337 5006 6509 4670 6494 4291 6596 4022 6547                      
L  2 5   10     0    00    00              17                           
 5483 6337 5495 5980 5398 5780 5248 5780 5012 5679 4958 5622 4969 5436  
 4690 5206 4690 4991 4636 4920 4336 4920 4154 4877 4014 4590 3585 4103  
 3327 3931 3284 3859 3247 3746                                          
L  2 3   11     0    00    00               8                           
 3247 3746 3710 2968 3792 2636 3795 2521 3772 2397 3780 2355 3920 1961  
 3941 1858                                                              
L  2 5   12     0    00    00               2                           
 3247 3746 3223 3547                                                    
L  2 3   13     0    00    00               6                           
 3223 3547 3193 3597 2901 3787 2847 3742 2797 3796 2771 3966            
L  2 3   14     0    00    00              10                           
 4022 6547 4096 6712 4117 7498 4226 7974 4175 8073 4156 8423 4030 8979  
 3594 9457 3510 9884 353210000                                          
H1 7    0    0    0    2    3 0506 0506                                 
P  7 1    1 6495 4000 0 1                                               
01 3 6495 4000              00  à…êÂí¨                                  
P  753    2 5177  366 0 0                                               
M 412857ïΩìyñÏ                3   12   28    9    4  228                
H2 1   12   16    9    0  185 0506 0506                                 
N  1 2    1 2464 1385 0 2    1   -1    0    0    0    0    0    0    0  
N  1 2    2 2379 1544 0 2    2   -2    0    0    0    0    0    0    0  
N  1 2    3 1099 6735 0 2    3   -3    0    0    0    0    0    0    0  
N  1 2    4 8149 9277 0 2    4   -4    0    0    0    0    0    0    0  
N  1 1    510000 5807 1 3    5   -9  -10    0    0    0    0    0    0  
N  1 1    6 780310000 1 3    9  -15   -5    0    0    0    0    0    0  
N  1 1    7  86210000 1 3   14  -13    6    0    0    0    0    0    0  
N  1 1    8  74210000 1 3   13  -12   -6    0    0    0    0    0    0  
N  1 1    9  57310000 1 3   12  -11    7    0    0    0    0    0    0  
N  1 1   10 2501    0 1 3   16   -7   11    0    0    0    0    0    0  
N  1 1   11 371010000 1 3   15  -14    8    0    0    0    0    0    0  
N  1 1   12 7808    0 1 3   10   -8  -16    0    0    0    0    0    0  
L  1 5    1     0    10    104653199999    14                           
 2464 1385 2466 1385 2476 1383 2490 1373 2526 1375 2540 1383 2544 1394  
 2540 1421 2528 1429 2516 1448 2503 1453 2480 1437 2468 1415 2464 1385  
L  1 5    2     0    20    204653199999     9                           
 2379 1544 2385 1539 2403 1534 2429 1557 2435 1583 2426 1602 2414 1599  
 2389 1569 2379 1544                                                    
L  1 5    3     0    30    304653199999     5                           
 1099 6735 1112 6670 1142 6681 1131 6741 1099 6735                      
L  1 5    4     0    40    404653099999    10                           
 8149 9277 8169 9266 8175 9274 8189 9280 8199 9310 8189 9329 8175 9328  
 8169 9312 8155 9304 8149 9277                                          
L  1 5    5     0    51    614653099999   169                           
10000 5807 9968 5856 9957 5880 9961 5891 9969 5929 9969 5994 9975 6013  
 9975 6026 9962 6053 9964 6086 9954 6183 9953 6213 9947 6226 9937 6234  
 9915 6237 9897 6234 9865 6223 9839 6222 9815 6241 9809 6241 9789 6211  
 9757 6181 9739 6175 9733 6178 9723 6173 9713 6135 9697 6126 9677 6123  
 9669 6141 9629 6185 9605 6198 9587 6190 9571 6160 9557 6136 9531 6085  
 9515 6070 9429 6042 9385 6037 9369 6042 9341 6074 9325 6087 9303 6087  
 9295 6095 9261 6051 9253 6049 9207 6045 9181 6050 9138 6064 9090 6066  
 9072 6077 9054 6098 9024 6144 9010 6143 9002 6135 8993 6157 8985 6165  
 8945 6189 8919 6237 8909 6275 8890 6407 8882 6421 8874 6421 8860 6407  
 8837 6450 8813 6523 8812 6631 8818 6664 8814 6691 8796 6701 8778 6731  
 8747 6801 8727 6855 8707 6869 8668 6998 8656 7009 8636 7016 8569 7037  
 8527 7059 8440 7120 8362 7187 8334 7205 8259 7240 8219 7250 8179 7269  
 8153 7285 8082 7365 8076 7387 8063 7471 8053 7498 8045 7506 8037 7511  
 8021 7509 8005 7497 7995 7501 7991 7502 7981 7491 7973 7475 7957 7461  
 7919 7453 7877 7458 7831 7469 7789 7501 7758 7541 7740 7538 7712 7557  
 7686 7607 7669 7672 7661 7741 7672 7921 7674 7925 7676 7938 7690 7959  
 7695 8003 7679 8081 7630 8165 7626 8167 7626 8170 7604 8173 7582 8197  
 7578 8207 7572 8248 7523 8285 7507 8304 7489 8361 7485 8393 7490 8499  
 7485 8613 7482 8745 7498 8913 7525 9019 7553 9081 7614 9179 7636 9205  
 7680 9237 7756 9273 7824 9293 7852 9287 7860 9304 7868 9312 7876 9312  
 7898 9293 7918 9291 7942 9302 7986 9335 7992 9335 8014 9305 8045 9297  
 8067 9273 8081 9271 8091 9279 8099 9295 8097 9328 8100 9413 8094 9437  
 8082 9455 8068 9463 8036 9477 7997 9481 7957 9551 7914 9618 7870 9664  
 7848 9680 7836 9696 7838 9704 7862 9734 7859 9815 7841 9891 7810 9982  
 780310000                                                              
L  1 5    6     0    71    814653199999     5                           
  86210000  845 9827  730 9837  745 9999  74210000                      
L  1 5    7     0    91   1014653199999   280                           
  57310000  549 9957  562 9513  554 9510  541 9347  523 9309  518 9266  
  477 9024  470 8935  468 8859  478 8810  491 8721  501 8691  574 8527  
  657 8421  710 8363  732 8382  773 8442  781 8467  781 8483  829 8530  
  875 8479  888 8457  888 8427  880 8370  884 8335  897 8301  933 8238  
  947 8229  963 8221  984 8201 1020 8144 1030 8123 1037 8053 1047 8021  
 1077 7981 1108 7929 1122 7923 1150 7926 1164 7909 1176 7909 1186 7919  
 1222 7927 1228 7949 1252 7955 1386 7959 1404 7965 1434 7938 1471 7889  
 1493 7843 1495 7800 1490 7746 1458 7654 1443 7575 1441 7461 1444 7402  
 1454 7318 1311 7119 1305 7078 1522 7010 1568 7083 1602 7065 1600 7054  
 1629 7019 1653 7038 1663 7003 1665 6941 1656 6878 1636 6830 1618 6805  
 1608 6783 1604 6762 1578 6757 1554 6777 1499 6847 1423 6887 1409 6877  
 1407 6843 1391 6824 1342 6741 1233 6560 1225 6536 1215 6525 1189 6495  
 1163 6446 1151 6432 1137 6426 1131 6421 1131 6402 1139 6394 1137 6386  
 1115 6369 1126 6353 1142 6349 1138 6333 1136 6318 1142 6315 1158 6321  
 1176 6321 1180 6289 1172 6237 1177 6202 1173 6149 1179 6096 1192 6056  
 1168 6018 1176 6007 1190 5997 1216 5975 1220 5965 1221 5883 1207 5877  
 1183 5858 1161 5831 1159 5823 1177 5801 1177 5799 1218 5723 1228 5718  
 1252 5741 1284 5746 1324 5741 1352 5719 1364 5693 1387 5576 1402 5457  
 1405 5319 1399 5227 1376 5107 1314 5099 1286 5088 1268 5074 1250 5047  
 1234 5003 1221 4927 1223 4870 1244 4746 1242 4713 1236 4677 1235 4646  
 1233 4551 1229 4518 1226 4432 1230 4405 1240 4373 1267 4272 1279 4210  
 1290 4175 1298 4121 1297 4007 1311 3986 1351 3959 1393 3960 1466 3950  
 1490 3942 1516 3926 1544 3918 1560 3921 1578 3918 1600 3897 1632 3877  
 1665 3843 1687 3798 1723 3738 1750 3661 1774 3613 1793 3558 1794 3403  
 1790 3398 1768 3357 1766 3341 1768 3273 1739 3230 1737 3205 1737 3162  
 1759 2878 1765 2848 1781 2843 1818 2741 1869 2646 1879 2614 1883 2579  
 1876 2465 1869 2335 1869 2294 1881 2227 1891 2205 1914 2173 1932 2159  
 1986 2136 2032 2125 2057 2096 2079 2082 2095 2064 2149 2013 2167 1981  
 2180 1941 2180 1886 2154 1818 2153 1781 2147 1761 2147 1753 2135 1728  
 2135 1718 2141 1704 2165 1677 2177 1683 2223 1713 2235 1717 2263 1735  
 2271 1738 2295 1703 2358 1655 2386 1639 2440 1621 2487 1597 2499 1594  
 2544 1459 2594 1446 2618 1430 2644 1413 2680 1361 2703 1315 2715 1277  
 2727 1234 2721 1207 2730 1189 2736 1165 2734 1136 2724 1101 2677 1009  
 2659  901 2653  859 2636  808 2628  808 2624  813 2592  824 2562  815  
 2554  807 2554  785 2564  773 2578  769 2620  767 2618  754 2608  729  
 2596  715 2547  645 2547  621 2549  601 2557  581 2557  552 2546  501  
 2524  482 2512  477 2482  453 2478  422 2472  413 2448  429 2444  416  
 2436  419 2426  418 2422  402 2446  367 2444  354 2444  341 2448  329  
 2483  311 2515  306 2523  301 2501  249 2495  251 2485  251 2483  240  
 2487  211 2495  194 2501  178 2494  121 2482   89 2484   64 2501    0  
L  1 4    8     0   111   1214653046531   401                           
 371010000 3738 9935 3746 9933 3784 9955 3804 9955 3810 9947 3810 9903  
 3804 9830 3819 9765 3821 9738 3835 9701 3859 9695 3868 9685 3866 9617  
 3870 9579 3888 9541 3913 9517 3917 9498 3901 9466 3863 9414 3829 9362  
 3824 9346 3824 9327 3838 9285 3860 9238 3878 9227 3886 9227 3915 9184  
 3951 9103 3965 9087 3980 9088 4028 9034 4062 9010 4080 9002 4169 9006  
 4285 8997 4341 8978 4359 8962 4369 8943 4374 8917 4374 8826 4377 8734  
 4357 8607 4358 8581 4342 8498 4346 8482 4358 8453 4361 8426 4353 8409  
 4303 8387 4251 8346 4231 8321 4223 8281 4225 8221 4220 8189 4198 8123  
 4180 8088 4156 8063 4148 8045 4145 7993 4133 7974 4109 7955 4095 7906  
 4061 7835 4056 7811 4058 7789 4074 7757 4096 7730 4116 7695 4121 7679  
 4113 7638 4077 7621 4071 7616 4063 7594 4070 7478 4070 7467 4050 7429  
 4050 7413 4062 7399 4072 7381 4070 7365 4039 7304 4061 7288 4141 7265  
 4183 7261 4229 7290 4243 7312 4277 7390 4281 7409 4280 7434 4266 7496  
 4266 7512 4286 7561 4300 7586 4312 7597 4328 7599 4410 7552 4428 7544  
 4438 7549 4446 7557 4468 7617 4486 7647 4496 7655 4516 7656 4545 7697  
 4557 7702 4582 7701 4604 7689 4616 7693 4634 7703 4650 7709 4674 7698  
 4698 7671 4706 7653 4749 7590 4759 7561 4761 7539 4755 7515 4729 7453  
 4728 7403 4732 7393 4752 7368 4756 7349 4748 7339 4728 7314 4741 7249  
 4739 7195 4731 7122 4742 7069 4756 7041 4770 7019 4792 7001 4845 6969  
 4879 6915 4893 6907 4919 6923 4929 6925 4948 6848 4960 6824 5004 6767  
 5028 6749 5073 6744 5141 6704 5177 6704 5191 6696 5195 6680 5191 6664  
 5186 6637 5176 6626 5164 6590 5152 6544 5148 6485 5167 6447 5171 6429  
 5163 6395 5143 6363 5147 6322 5171 6306 5184 6293 5198 6261 5212 6213  
 5238 6174 5255 6118 5289 6048 5312 6015 5338 5997 5354 5970 5384 5913  
 5402 5905 5435 5901 5457 5901 5473 5903 5497 5893 5511 5890 5521 5893  
 5553 5823 5580 5742 5578 5661 5573 5631 5579 5598 5595 5569 5619 5545  
 5649 5533 5713 5535 5740 5533 5762 5501 5772 5495 5826 5482 5844 5471  
 5860 5474 5884 5504 5920 5581 5932 5583 5982 5559 6002 5543 6024 5533  
 6044 5528 6072 5531 6140 5545 6170 5542 6209 5517 6233 5517 6277 5487  
 6311 5477 6369 5450 6408 5442 6416 5437 6432 5405 6450 5389 6470 5378  
 6498 5375 6514 5381 6528 5373 6603 5261 6629 5247 6692 5234 6708 5218  
 6720 5205 6736 5205 6760 5213 6772 5229 6792 5246 6806 5246 6826 5222  
 6842 5198 6864 5184 6896 5174 6924 5163 6973 5167 6995 5126 7031 5081  
 7045 5051 7054 5002 7056 4973 7042 4929 7048 4883 7045 4864 7029 4831  
 7029 4805 7055 4742 7032 4699 7026 4661 7032 4601 7034 4545 7043 4504  
 7055 4488 7093 4451 7127 4440 7143 4427 7158 4402 7192 4373 7258 4330  
 7280 4309 7339 4288 7371 4283 7403 4262 7435 4202 7452 4189 7490 4181  
 7504 4171 7536 4122 7570 4093 7587 4069 7609 4007 7629 3974 7635 3939  
 7648 3912 7660 3899 7676 3894 7746 3897 7768 3903 7804 3928 7830 3931  
 7848 3923 7864 3898 7864 3879 7861 3809 7867 3782 7879 3755 7903 3723  
 7919 3712 7955 3715 7963 3713 7990 3662 8008 3635 8037 3562 8047 3549  
 8063 3541 8075 3538 8093 3557 8111 3592 8142 3623 8158 3629 8201 3618  
 8223 3610 8317 3600 8343 3592 8369 3574 8389 3549 8399 3541 8421 3550  
 8433 3550 8456 3526 8482 3507 8498 3480 8506 3464 8526 3453 8596 3485  
 8618 3490 8658 3487 8702 3501 8724 3515 8740 3518 8815 3503 8843 3489  
 8865 3471 8917 3414 8926 3390 8932 3309 8946 3274 8959 3231 8953 3182  
 8935 3136 8909 3089 8840 3005 8826 2981 8822 2967 8820 2902 8814 2864  
 8808 2842 8775 2801 8709 2771 8685 2749 8631 2680 8599 2637 8575 2610  
 8560 2566 8544 2544 8474 2477 8406 2397 8367 2315 8343 2239 8313 2174  
 8313 2160 8330 2131 8332 2112 8328 2074 8320 2049 8320 2033 8347 1939  
 8349 1895 8331 1827 8320 1719 8322 1651 8353 1514 8366 1477 8402 1403  
 8404 1384 8370 1325 8357 1294 8313 1229 8291 1210 8273 1197 8255 1191  
 8213 1198 8175 1182 8123 1173 8117 1105 8115 1081 8103 1062 8090 1048  
 8050  974 8026  944 8020  931 8011  733 8006  682 8026  629 8054  563  
 8059  498 8059  461 8053  430 8043  414 8027  403 8007  395 7959  386  
 7939  378 7931  365 7926  318 7916  294 7886  261 7882  247 7876  239  
 7860  231 7842  225 7820  209 7796  168 7792  149 7790  127 7807   38  
 7811   10 7808    0                                                    
L  1 9    9     9    61    518888899999     3                           
 780310000100001000010000 5807                                          
L  1 9   10     9   121    514653088888     3                           
 7808    010000    010000 5807                                          
L  1 9   11     9   101    918888899999     4                           
 2501    0    0    0    010000  57310000                                
L  1 9   12     9    91    818888846531     2                           
  57310000  74210000                                                    
L  1 9   13     9    81    718888899999     2                           
  74210000  86210000                                                    
L  1 9   14     9    71   1118888846531     2                           
  86210000 371010000                                                    
L  1 9   15     9   111    618888846530     2                           
 371010000 780310000                                                    
L  1 9   16     9   101   1214653188888     2                           
 2501    0 7808    0                                                    
A  146531    1 2504 1412   1                                            
   -1                                                                   
A  146531    2 2410 1568   1                                            
   -2                                                                   
A  146531    3 1121 6706   1                                            
   -3                                                                   
A  146530    4 8174 9298   1                                            
   -4                                                                   
A  199999    5 8272 7921   4                                            
    5    9    0    4                                                    
A  146530    6 8498 5126   4                                            
  -10   -8   15   -5                                                    
A  146531    7 4151 5074   6                                            
   14    8  -16   -7   12   -6                                          
A  199999    8  796 9920   2                                            
    6   13                                                              
A  199999    9  616 4812   8                                            
    7   11    0    1    0    2    0    3                                
H1 2    0   12    0    0   33 0506 0506                                 
L  2 3    1     0    00    00               5                           
  815 9232  783 9127  878 9074 1255 9053 1482 9072                      
L  2 3    2     0    00    00               7                           
 1482 9072 1413 8557 1488 8517 1724 8132 1743 7839 1845 7603 1863 7409  
L  2 3    3     0    00    00              26                           
 1863 7409 2041 7396 2179 7531 2307 7518 2412 7570 2513 7823 2572 7907  
 2677 7968 3030 8156 3191 8232 3553 8300 3604 8417 3770 8439 3877 8407  
 3989 8471 4042 8483 4096 8500 4200 8522 4593 8593 4728 8625 4877 8685  
 5098 8768 5211 8755 5305 8847 5487 8840 5543 8912                      
L  2 3    4     0    00    00              19                           
 6712 8621 6940 8317 7184 8208 7352 8182 7470 8058 7595 7512 7836 7324  
 8281 7155 8632 6944 8752 6706 8803 6350 8901 6135 9113 5985 9302 5954  
 9622 5893 9760 6115 9933 5994 9919 588810000 5758                      
L  2 3    5     0    00    00               3                           
 5543 8912 6261 8648 6712 8621                                          
L  2 3    6     0    00    00              15                           
 3156 2682 3063 2969 2841 3360 2830 3800 2749 4237 2576 4487 2443 4875  
 2409 6009 2311 6396 2037 6473 1862 6634 1773 6826 1780 6965 1823 7030  
 1863 7409                                                              
L  2 5    7     0    00    00              17                           
 3156 2682 2984 2550 2758 2264 2469 2135 2308 2106 2329 1920 2447 1834  
 2715 2049 2812 1948 2619 1748 2662 1647 2780 1647 2887 1762 2994 1748  
 3027 1619 3070 1561 3265 1586                                          
L  2 3    8     0    00    00               5                           
 3265 1586 3155 1800 3125 2094 3180 2363 3156 2682                      
L  2 3    9     0    00    00               4                           
 3532    0 3447  303 3428 1188 3265 1586                                
L  2 4   10     0    00    00               5                           
 171010000 1555 9977 1517 9727 1527 9247 1482 9072                      
L  2 4   11     0    00    00               6                           
 5543 8912 5473 9108 5074 9334 5019 9445 4985 9899 496510000            
L  2 4   12     0    00    00               4                           
 682010000 6675 9667 6834 9110 6712 8621                                
H1 7    0    0    0    4    7 0506 0506                                 
P  7 1    1 4158 6000 0 1                                               
01 3 4158 6000              00  ìVèÈí¨                                  
P  7 1    2 8832 4000 0 1                                               
01 4 8832 4000              00  ìøîVìáí¨                                
P  7 7    3 6495 2000 0 1                                               
01 3 6495 2000              00  ìøîVìá                                  
P  753    4 2022 7033 0 0                                               
M 412861ó∞â©íπìá              2    2    2    2    1   33                
H2 1    2    2    2    0   29 0506 0506                                 
N  1 2    1 8922 2802 0 2    1   -1    0    0    0    0    0    0    0  
N  1 1    210000    0 1 2   -2    2    0    0    0    0    0    0    0  
L  1 5    1     0    10    104735299999   136                           
 8922 2802 8925 2802 8928 2853 8939 2911 8956 2933 8978 2952 9000 2998  
 9016 3051 9017 3073 8974 3135 8973 3181 9013 3246 9081 3398 9070 3527  
 9070 3561 9051 3558 8995 3683 8965 3737 8936 3802 8928 3803 8898 3789  
 8871 3792 8861 3806 8835 3872 8817 3959 8804 4065 8810 4101 8824 4125  
 8829 4141 8829 4170 8844 4190 8845 4205 8835 4225 8829 4269 8812 4301  
 8797 4346 8792 4382 8769 4429 8725 4469 8686 4533 8661 4557 8635 4578  
 8582 4606 8523 4665 8383 4890 8363 4954 8341 5054 8343 5115 8357 5151  
 8374 5173 8381 5197 8357 5246 8307 5325 8289 5427 8308 5541 8296 5565  
 8277 5581 8235 5673 8187 5735 8152 5760 8135 5762 8123 5751 8110 5755  
 8087 5778 8064 5785 8039 5779 7970 5784 7942 5794 7903 5781 7876 5743  
 7860 5693 7811 5589 7794 5546 7747 5512 7728 5473 7717 5393 7715 5339  
 7725 5317 7724 5306 7702 5255 7670 5237 7645 5185 7606 5133 7586 5082  
 7569 4998 7565 4935 7565 4874 7572 4843 7598 4765 7642 4685 7741 4549  
 7784 4485 7798 4442 7869 4341 7900 4269 7910 4232 7945 4058 7959 3965  
 7980 3886 7994 3813 7993 3767 7986 3721 7992 3618 8002 3583 8049 3509  
 8081 3473 8184 3384 8223 3343 8252 3288 8286 3239 8311 3210 8357 3191  
 8368 3179 8369 3145 8391 3141 8404 3143 8440 3163 8473 3170 8525 3133  
 8553 3078 8578 3061 8605 3029 8619 2999 8639 2973 8678 2949 8726 2929  
 8766 2905 8794 2875 8821 2865 8847 2850 8863 2826 8871 2800 8887 2785  
 8900 2799 8912 2803 8922 2802                                          
L  1 9    2     9    21    218888899999     5                           
10000    0    0    0    010000100001000010000    0                      
A  147352    1 8349 4302   1                                            
   -1                                                                   
A  199999    2 5000 6300   3                                            
    2    0    1                                                         
H1 7    0    0    0    1    2 0506 0506                                 
P  7 7    1 8298 4061 0 1                                               
01 4 8298 4061              00  ó∞â©íπìá                                
M 412867éR                    3    7   13    5    1  190                
H2 1    7   10    5    0  168 0506 0506                                 
N  1 2    1  867 1790 0 2    1   -1    0    0    0    0    0    0    0  
N  1 1    2 7803    0 1 3    2  -10   -6    0    0    0    0    0    0  
N  1 2    3 2804 6651 0 3   -2    3    5    0    0    0    0    0    0  
N  1 1    4  862    0 1 3    9   -3   -8    0    0    0    0    0    0  
N  1 1    5  742    0 1 3    8    4   -7    0    0    0    0    0    0  
N  1 1    6  573    0 1 3    7   -4    6    0    0    0    0    0    0  
N  1 1    7 3710    0 1 3   10   -5   -9    0    0    0    0    0    0  
L  1 5    1     0    10    104653199999    26                           
  867 1790  878 1790  887 1795  908 1801  945 1801  979 1793  996 1795  
 1003 1806 1018 1896 1024 1909 1026 1934 1022 1955 1017 2088 1013 2112  
 1009 2155 1013 2205 1008 2223 1000 2239  989 2250  970 2315  963 2312  
  933 2253  922 2215  890 2063  867 1830  867 1790                      
L  1 5    2     0    21    304653099999   461                           
 7803    0 7783   18 7775   39 7755   58 7719   74 7699   77 7684   72  
 7665   53 7652   47 7635   50 7598   71 7570  120 7549  199 7540  215  
 7502  250 7486  272 7474  299 7448  373 7435  397 7420  409 7415  421  
 7415  537 7428  602 7447  637 7465  650 7467  656 7462  683 7467  745  
 7480  805 7507  864 7523  909 7546  949 7561  967 7581  981 7611  994  
 7634  978 7656  938 7671  927 7679  927 7744  954 7761  967 7774  984  
 7778  997 7780 1035 7791 1057 7804 1070 7819 1061 7826 1065 7834 1114  
 7828 1208 7849 1271 7851 1333 7883 1474 7894 1550 7900 1574 7922 1601  
 7954 1617 7956 1655 7948 1720 7933 1728 7885 1747 7883 1763 7890 1771  
 7909 1785 7917 1799 7920 1850 7915 1869 7911 1872 7898 1872 7889 1861  
 7879 1855 7872 1863 7849 1874 7842 1890 7853 1918 7868 1934 7877 1950  
 7885 2007 7896 2056 7891 2085 7891 2121 7896 2142 7896 2165 7889 2205  
 7872 2267 7857 2286 7846 2305 7827 2359 7822 2391 7812 2429 7801 2443  
 7788 2448 7749 2451 7736 2461 7706 2494 7702 2529 7685 2549 7668 2557  
 7659 2565 7642 2565 7627 2557 7607 2557 7581 2569 7558 2549 7541 2537  
 7515 2531 7500 2523 7478 2523 7446 2526 7427 2523 7405 2501 7373 2485  
 7349 2482 7280 2485 7244 2498 7244 2512 7235 2528 7179 2589 7162 2582  
 7132 2558 7104 2544 7076 2509 7050 2517 6999 2522 6979 2541 6906 2555  
 6865 2576 6825 2630 6792 2647 6749 2655 6734 2649 6728 2641 6711 2655  
 6667 2733 6639 2830 6629 2906 6624 2987 6650 3133 6650 3198 6719 3166  
 6742 3147 6738 3189 6764 3237 6785 3264 6817 3320 6856 3361 6919 3231  
 6951 3256 6867 3442 6903 3483 6936 3525 6996 3589 7071 3638 7123 3681  
 7138 3686 7148 3665 7159 3673 7209 3749 7215 3776 7241 3760 7256 3757  
 7269 3765 7279 3779 7303 3827 7303 3838 7275 3854 7269 3854 7269 3877  
 7273 3901 7305 3971 7320 3995 7374 4063 7380 4077 7417 4063 7432 4074  
 7451 4104 7505 4128 7552 4166 7608 4199 7645 4213 7679 4205 7688 4199  
 7714 4169 7733 4157 7804 4149 7834 4110 7845 4107 7856 4115 7892 4177  
 7911 4191 7937 4199 7965 4213 8000 4224 8032 4218 8056 4202 8079 4181  
 8139 4162 8208 4157 8215 4178 8217 4221 8236 4224 8232 4259 8215 4273  
 8208 4338 8212 4403 8204 4438 8187 4485 8180 4514 8184 4525 8182 4525  
 8197 4581 8223 4606 8225 4625 8219 4630 8208 4633 8193 4630 8165 4641  
 8154 4649 8146 4687 8146 4711 8158 4819 8167 4857 8173 4922 8165 4944  
 8156 4952 8137 4960 8113 4963 8105 4987 8092 4990 8057 4971 8044 4973  
 7999 5037 7986 5063 7978 5111 7975 5138 7984 5157 7986 5190 7975 5238  
 7956 5263 7934 5271 7917 5330 7906 5355 7898 5387 7885 5414 7885 5433  
 7874 5474 7842 5531 7818 5617 7796 5717 7730 5809 7710 5845 7684 5879  
 7676 5898 7671 5923 7665 6026 7676 6088 7695 6253 7701 6275 7723 6307  
 7742 6321 7762 6329 7774 6326 7787 6337 7796 6357 7787 6397 7802 6399  
 7835 6389 7876 6389 7891 6394 7899 6402 7884 6416 7845 6429 7830 6443  
 7826 6440 7817 6445 7832 6467 7856 6483 7875 6505 7880 6505 7903 6489  
 7925 6483 7942 6501 7942 6509 7931 6521 7921 6549 7929 6549 7951 6554  
 7957 6562 7953 6575 7940 6586 7910 6602 7865 6651 7802 6678 7746 6691  
 7729 6689 7705 6648 7688 6634 7643 6632 7613 6640 7602 6667 7583 6705  
 7568 6705 7548 6699 7540 6664 7540 6640 7533 6618 7507 6602 7488 6610  
 7477 6623 7454 6634 7441 6650 7432 6650 7424 6642 7406 6591 7396 6573  
 7381 6561 7340 6547 7312 6550 7275 6577 7251 6573 7217 6553 7155 6533  
 7129 6531 7112 6523 7090 6506 7015 6493 6980 6490 6916 6477 6886 6474  
 6856 6465 6830 6463 6785 6449 6770 6435 6761 6416 6746 6373 6731 6354  
 6722 6349 6688 6357 6654 6381 6615 6378 6428 6343 6398 6341 6393 6343  
 6339 6335 6208 6333 6139 6323 6137 6326 6107 6329 6030 6345 6002 6358  
 5984 6375 5967 6397 5946 6383 5913 6381 5894 6374 5812 6331 5806 6336  
 5776 6382 5767 6413 5759 6407 5735 6413 5716 6426 5705 6426 5692 6421  
 5655 6421 5614 6413 5569 6413 5490 6423 5425 6447 5371 6463 5339 6463  
 5296 6469 5246 6493 5225 6517 5206 6533 5182 6541 5158 6538 5109 6563  
 5087 6563 5063 6557 5046 6546 5033 6533 5020 6527 5005 6511 4975 6469  
 4960 6449 4945 6438 4926 6430 4917 6416 4894 6392 4855 6362 4810 6321  
 4769 6301 4700 6281 4681 6283 4674 6289 4664 6280 4657 6267 4644 6261  
 4539 6240 4504 6226 4487 6215 4464 6240 4436 6248 4427 6242 4408 6193  
 4393 6185 4384 6185 4375 6191 4343 6231 4322 6245 4300 6234 4285 6218  
 4276 6201 4268 6191 4253 6185 4216 6182 4169 6198 4145 6245 4130 6250  
 4001 6282 3969 6296 3885 6323 3818 6339 3749 6363 3637 6417 3575 6455  
 3515 6487 3390 6563 3355 6568 3332 6560 3321 6565 3278 6581 3245 6584  
 3228 6622 3217 6619 3205 6622 3183 6611 3172 6616 3177 6633 3172 6641  
 3164 6643 3136 6646 3116 6641 3078 6603 3067 6600 3041 6603 3026 6592  
 3005 6592 2972 6613 2966 6627 2964 6640 2970 6665 2968 6689 2948 6689  
 2910 6673 2899 6643 2884 6659 2869 6665 2824 6651 2804 6651            
L  1 5    3     0    30    414653199999   245                           
 2804 6651 2761 6689 2755 6702 2744 6717 2748 6751 2740 6759 2725 6765  
 2697 6789 2679 6824 2671 6821 2654 6802 2641 6797 2602 6808 2593 6818  
 2587 6818 2568 6794 2548 6807 2514 6761 2509 6749 2482 6742 2441 6745  
 2404 6731 2359 6723 2277 6739 2213 6742 2193 6734 2163 6712 2129 6663  
 2118 6634 2088 6585 2062 6566 2008 6536 1966 6503 1914 6453 1905 6430  
 1901 6357 1895 6327 1878 6277 1845 6211 1828 6143 1807 6109 1779 6085  
 1764 6059 1723 6010 1706 5981 1680 5945 1665 5899 1659 5862 1648 5832  
 1618 5810 1573 5802 1551 5805 1534 5799 1526 5786 1523 5767 1543 5749  
 1543 5737 1534 5729 1519 5721 1502 5683 1509 5669 1506 5669 1511 5661  
 1528 5645 1541 5626 1552 5623 1565 5602 1560 5566 1550 5542 1539 5542  
 1532 5534 1530 5518 1513 5499 1502 5493 1487 5490 1438 5504 1406 5490  
 1395 5493 1395 5498 1388 5498 1352 5485 1337 5458 1335 5437 1350 5347  
 1363 5301 1378 5285 1395 5231 1404 5166 1402 5149 1382 5111 1338 4973  
 1316 4922 1301 4873 1282 4832 1256 4759 1273 4746 1304 4673 1317 4611  
 1327 4505 1347 4440 1353 4413 1351 4400 1353 4381 1373 4341 1369 4313  
 1358 4207 1362 4183 1358 4149 1345 4118 1313 4056 1264 3961 1260 3929  
 1251 3915 1240 3907 1230 3880 1232 3874 1230 3826 1223 3813 1217 3807  
 1210 3785 1213 3704 1208 3682 1211 3625 1221 3598 1226 3566 1221 3539  
 1230 3520 1252 3509 1260 3485 1243 3403 1230 3379 1226 3360 1233 3341  
 1254 3301 1312 3221 1364 3157 1420 3111 1429 3090 1442 3025 1448 3017  
 1495 2993 1532 2968 1582 2930 1614 2912 1627 2738 1633 2730 1638 2698  
 1623 2530 1559 2438 1529 2354 1499 2248 1503 2197 1523 2109 1538 2062  
 1527 1957 1527 1872 1418 1666 1407 1658 1399 1664 1383 1674 1356 1658  
 1353 1639 1360 1623 1366 1597 1351 1585 1336 1547 1334 1528 1336 1515  
 1330 1509 1321 1515 1315 1461 1317 1450 1304 1368 1289 1366 1281 1371  
 1279 1355 1281 1325 1277 1314 1268 1311 1259 1277 1242 1230 1227 1211  
 1208 1187 1186 1160 1184 1122 1178 1119 1171 1122 1165 1111 1148 1049  
 1161  987 1144  992 1129 1008 1116 1003 1107  989 1112  970 1103  949  
 1107  930 1120  905 1157  867 1168  870 1176  881 1185  873 1183  862  
 1170  862 1163  846 1155  843 1112  851 1097  843 1101  835 1112  821  
 1131  773 1142  775 1151  773 1153  765 1148  743 1153  681 1151  662  
 1133  664 1129  659 1127  618 1168  597 1179  583 1177  581 1123  583  
 1112  575 1108  557 1112  541 1134  521 1134  517 1149  513 1157  497  
 1155  470 1147  464 1140  467 1134  478 1121  472 1084  426 1067  391  
 1074  369 1078  341 1093  304 1095  285 1093  272  880  296  862    0  
L  1 5    4     0    51    614653199999     7                           
  742    0  821 1102  686 1118  660  823  637  664  599   65  573    0  
L  1 4    5     0    30    714653046531   204                           
 2804 6651 2804 6643 2789 6535 2792 6478 2800 6445 2809 6383 2803 6337  
 2777 6250 2755 6210 2717 6088 2713 6015 2717 5939 2756 5769 2760 5728  
 2773 5685 2838 5629 2840 5606 2838 5574 2808 5495 2802 5445 2804 5387  
 2813 5344 2823 5309 2823 5285 2815 5257 2789 5219 2778 5198 2776 5157  
 2785 5109 2815 5003 2828 4927 2820 4897 2805 4862 2787 4832 2730 4751  
 2708 4733 2691 4710 2682 4686 2661 4521 2685 4437 2700 4361 2711 4342  
 2750 4221 2763 4197 2791 4189 2814 4189 2905 4169 2928 4175 2948 4189  
 2971 4215 2986 4221 3014 4210 3044 4224 3070 4232 3081 4245 3087 4267  
 3079 4297 3068 4318 3066 4357 3072 4378 3089 4397 3109 4411 3141 4397  
 3195 4397 3225 4405 3263 4424 3281 4419 3362 4360 3403 4343 3464 4333  
 3496 4309 3532 4330 3554 4330 3571 4322 3606 4277 3621 4269 3670 4287  
 3687 4290 3707 4287 3735 4306 3745 4295 3782 4298 3793 4285 3808 4237  
 3808 4217 3814 4179 3832 4119 3857 4095 3870 4079 3877 4061 3888 4045  
 3959 4022 3978 4011 3993 3987 4002 3982 4015 3987 4036 3987 4101 3968  
 4148 3963 4191 3979 4208 3982 4227 3971 4260 3936 4288 3933 4298 3931  
 4307 3855 4305 3821 4288 3774 4294 3701 4318 3606 4303 3487 4305 3463  
 4329 3403 4342 3387 4366 3344 4435 3173 4450 3146 4454 3087 4463 3069  
 4472 3057 4489 3046 4517 3014 4558 2992 4566 2970 4588 2870 4588 2827  
 4594 2797 4603 2765 4607 2762 4620 2733 4629 2701 4659 2627 4674 2565  
 4685 2440 4707 2329 4730 2291 4752 2243 4795 2117 4804 2072 4804 2051  
 4800 2032 4778 2007 4761 2002 4726 2005 4714 1997 4686 1981 4653 1957  
 4638 1937 4613 1923 4589 1896 4583 1874 4548 1728 4523 1645 4512 1585  
 4514 1577 4501 1503 4484 1477 4467 1461 4400 1437 4377 1422 4306 1341  
 4263 1306 4228 1293 4203 1286 4183 1277 4168 1259 4138 1238 4097 1232  
 4065 1221 4044 1192 4033 1167 4016 1145 3958 1091 3941 1088 3906 1102  
 3850 1115 3833 1113 3812 1091 3795 1005 3786  985 3775  977 3741  966  
 3717  953 3685  893 3668  872 3642  869 3575  847 3565  821 3530  782  
 3513  750 3483  722 3481  714 3507  695 3522  679 3533  647 3546  595  
 3602  474 3615  430 3647  357 3666  287 3669  184 3680  109 3714    3  
 3710    0                                                              
L  1 9    6     9    61    218888899999     6                           
  573    0    0    0    010000100001000010000    0 7803    0            
L  1 9    7     9    61    514653188888     2                           
  573    0  742    0                                                    
L  1 9    8     9    51    419999988888     2                           
  742    0  862    0                                                    
L  1 9    9     9    41    714653188888     2                           
  862    0 3710    0                                                    
L  1 9   10     9    71    214653088888     2                           
 3710    0 7803    0                                                    
A  146531    1  954 2050   1                                            
   -1                                                                   
A  199999    2 8448 3378   7                                            
    2    3   -8    4    6    0    1                                     
A  146530    3 5596 3318   3                                            
  -10   -5   -2                                                         
A  146531    4 2769 3566   3                                            
    5   -9   -3                                                         
A  146531    5  704  531   2                                            
   -7   -4                                                              
H1 2    0    3    0    0   17 0506 0506                                 
L  2 4    1     0    00    00               5                           
 1989 1401 2001  566 1884  423 1837  194 1710    0                      
L  2 4    2     0    00    00              21                           
 4965    0 4945  103 4847  189 4679   97 4373  181 4138  432 4019  439  
 3950  393 3879  395 3872  557 3665  669 3620  623 3611  472 3320  694  
 3286 1082 3103 1062 3001  962 2713 1063 2571 1056 2379 1239 1989 1401  
L  2 4    3     0    00    00              64                           
 1989 1401 1919 1534 1768 2182 1806 2314 1663 2937 1436 3169 1373 3590  
 1552 4073 1552 4268 1689 4891 1797 5057 1830 5245 1934 5281 1984 5430  
 2123 5568 2267 5634 2394 5862 2444 6043 2493 6104 2670 6198 2751 6166  
 2839 6056 3043 5922 3116 5841 3420 5595 3460 5401 3622 5327 3702 5219  
 3774 5264 3867 5252 4032 5410 4311 5443 4398 5630 4529 5713 4687 5783  
 4836 6057 5023 6206 5287 6283 5614 6318 5988 6255 6379 6271 6539 6158  
 7128 6411 7332 6387 7427 6173 7598 6043 7721 5632 7719 5426 7793 5310  
 7810 4963 7720 4610 7531 4408 7342 4284 7318 4089 6976 3682 6777 3506  
 6322 3127 6400 2495 6621 1983 6974 1570 6910  895 6776  728 6928  395  
 6820    0                                                              
H1 7    0    0    0    1    2 0506 0506                                 
P  7 6    1 7663 6000 0 1                                               
01 3 7663 6000              00  ã‡å©çË                                  
M 412877éR                    1    3    3    3    0   22                
H2 1    3    3    3    0   21 0506 0506                                 
N  1 2    1 9576  275 0 2    1   -1    0    0    0    0    0    0    0  
N  1 2    2 9366   48 0 2    2   -2    0    0    0    0    0    0    0  
N  1 1    310000    0 1 2   -3    3    0    0    0    0    0    0    0  
L  1 5    1     0    10    104653099999    24                           
 9576  275 9580  275 9601  291 9620  329 9627  335 9632  333 9633  336  
 9628  357 9629  377 9637  393 9656  401 9655  409 9642  429 9600  454  
 9594  451 9588  442 9586  429 9588  413 9577  387 9564  382 9553  355  
 9550  313 9555  298 9576  275                                          
L  1 5    2     0    20    204653099999    28                           
 9366   48 9373   54 9396  101 9411  151 9441  263 9454  321 9481  331  
 9485  328 9491  306 9502  298 9517  302 9530  320 9537  337 9545  389  
 9540  397 9525  400 9496  379 9479  374 9462  367 9429  331 9427  333  
 9410  283 9372  207 9354  176 9340  121 9339   80 9347   64 9366   48  
L  1 9    3     9    31    318888899999     5                           
10000    0    0    0    010000100001000010000    0                      
A  146530    1 9593  364   1                                            
   -1                                                                   
A  146530    2 9406  224   1                                            
   -2                                                                   
A  199999    3 5000 4770   5                                            
    3    0    1    0    2                                               
