M 473967                      1    2    2    2    0   12                
H2 1    2    2    2    0   11 0506 0506                                 
N  1 2    1 3659 5922 0 2    1   -1    0    0    0    0    0    0    0  
N  1 1    210000    0 1 2   -2    2    0    0    0    0    0    0    0  
L  1 5    1     0    10    101380299999    10                           
 3659 5922 3666 5927 3672 5939 3668 5954 3652 5985 3639 5981 3634 5972  
 3643 5929 3653 5922 3659 5922                                          
L  1 9    2     9    21    218888899999     5                           
10000    0    0    0    010000100001000010000    0                      
A  113802    1 3653 5952   1                                            
   -1                                                                   
A  199999    2 7464 4736   3                                            
    2    0    1                                                         
