M 513760à…ó«                  3    3   11    3    2   51                
H2 1    3    4    3    0   28 0507 0507                                 
N  1 2    1 3345 8875 0 2    1   -1    0    0    0    0    0    0    0  
N  1 1    2 216110000 1 3    2    3    4    0    0    0    0    0    0  
N  1 1    3 586610000 1 3   -3   -4   -2    0    0    0    0    0    0  
L  1 5    1     0    10    102362399999    11                           
 3345 8875 3349 8876 3364 8899 3358 8911 3345 8925 3326 8924 3305 8917  
 3297 8903 3302 8868 3316 8861 3345 8875                                
L  1 5    2     0    21    312362399999    77                           
 216110000 2136 9958 2134 9959 2101 9862 2068 9874 2064 9856 2093 9831  
 2057 9737 1901 9673 1819 9707 1839 9765 1827 9769 1811 9715 1707 9756  
 1694 9729 1703 9586 1651 9551 1614 9501 1521 9409 1474 9343 1461 9284  
 1465 9220 1489 9163 1527 9123 1583 9028 1611 8998 1652 9007 1795 9057  
 1805 9077 1862 9148 1921 9181 2021 9203 2222 9234 2328 9248 2599 9300  
 2684 9312 2766 9307 2841 9295 2898 9270 2927 9235 2949 9173 2958 9136  
 2928 9131 2935 9082 2959 9053 2949 9024 2953 8999 2974 8990 2994 8997  
 3006 8971 3039 8961 3077 8965 3109 8960 3116 8951 3140 8955 3160 8946  
 3181 8940 3220 8981 3237 9017 3279 9059 3487 9152 3588 9195 3796 9276  
 4000 9342 4039 9351 4156 9389 4353 9445 4544 9507 5038 9686 5145 9718  
 5286 9768 5360 9806 5432 9837 5588 9884 5697 9931 5860 9995 586610000  
L  1 9    3     9    21    319999988888     6                           
 216110000    010000    0    010000    01000010000 586610000            
L  1 9    4     9    21    318888823623     2                           
 216110000 586610000                                                    
A  123623    1 3330 8894   1                                            
   -1                                                                   
A  199999    2 5000 5316   4                                            
    2   -3    0    1                                                    
A  123623    3 3006 9470   2                                            
    4   -2                                                              
H1 2    0    7    0    0   16 0507 0507                                 
L  2 2    1     0    00    00               3                           
 2049 9480 1788 9590 1814 9688                                          
L  2 2    2     0    00    00              17                           
 3925 9407 3724 9325 3613 9369 3461 9288 3364 9184 3234 9181 3172 9087  
 3130 9088 2970 9397 2925 9424 2833 9438 2631 9406 2496 9461 2305 9366  
 2081 9409 2051 9446 2049 9480                                          
L  2 2    3     0    00    00               4                           
 4494 9804 4182 9577 4050 9458 3925 9407                                
L  2 2    4     0    00    00               5                           
 553810000 5115 9870 4861 9811 4619 9787 4494 9804                      
L  2 5    5     0    00    00               4                           
 3925 9407 3867 9549 3657 9919 359410000                                
L  2 2    6     0    00    00               3                           
 238810000 2271 9727 2049 9480                                          
L  2 5    7     0    00    00               2                           
 4494 9804 467610000                                                    
H1 7    0    0    0    2    4 0507 0507                                 
P  7 6    1 1600 9200 0 1                                               
01 4 1600 9200              00  à…ó«åŒñ¶                                
P  7 9    2 1333 8000 0 1                                               
01 5 1333 8000              00  à…ó«åŒêÖìπ                              
M 513770à…ó«åŒñ¶              3   12  102   10    2  336                
H2 1   12   15   10    0  149 0507 0507                                 
N  1 1    1 2161    0 1 3   -8  -12   15    0    0    0    0    0    0  
N  1 1    2 5866    0 1 3   13    9  -15    0    0    0    0    0    0  
N  1 1    3  42310000 1 3   10   12    1    0    0    0    0    0    0  
N  1 1    4  66810000 1 3   11  -10   -1    0    0    0    0    0    0  
N  1 2    5 8152 7598 0 2    2   -2    0    0    0    0    0    0    0  
N  1 2    6 7602 7996 0 2    3   -3    0    0    0    0    0    0    0  
N  1 2    7 9067 6726 0 2    4   -4    0    0    0    0    0    0    0  
N  1 2    8 9324 7547 0 2    5   -5    0    0    0    0    0    0    0  
N  1 2    9 9030 7764 0 2    6   -6    0    0    0    0    0    0    0  
N  1 2   10  957 8741 0 2    7   -7    0    0    0    0    0    0    0  
N  1 1   1110000 5925 1 3  -11    8  -14    0    0    0    0    0    0  
N  1 1   1210000   97 1 3   14   -9  -13    0    0    0    0    0    0  
L  1 5    1     0    31    412344599999    49                           
  42310000  442 9957  441 9934  448 9920  449 9901  460 9878  478 9859  
  490 9827  489 9756  476 9733  454 9733  420 9717  428 9668  441 9655  
  462 9653  470 9657  481 9672  493 9680  499 9695  529 9690  516 9629  
  525 9607  539 9591  580 9598  598 9613  618 9613  647 9601  654 9584  
  670 9579  683 9594  695 9622  712 9641  730 9694  734 9724  724 9750  
  703 9765  697 9800  729 9820  760 9830  767 9835  776 9852  775 9854  
  752 9862  714 9860  709 9906  715 9936  707 9955  685 9974  66810000  
L  1 5    2     0    50    502362399999    43                           
 8152 7598 8148 7585 8119 7563 8093 7558 8051 7586 8038 7587 8026 7556  
 8032 7516 8059 7524 8097 7548 8131 7544 8168 7549 8181 7562 8200 7550  
 8224 7523 8240 7514 8277 7525 8313 7553 8347 7541 8368 7527 8398 7501  
 8413 7457 8427 7408 8452 7387 8459 7397 8470 7409 8480 7445 8501 7471  
 8466 7501 8431 7533 8418 7557 8395 7587 8349 7591 8324 7607 8302 7629  
 8285 7647 8256 7631 8236 7618 8197 7618 8175 7622 8165 7614 8157 7602  
 8152 7598                                                              
L  1 5    3     0    60    602362399999    68                           
 7602 7996 7584 7988 7564 7990 7544 7995 7542 7985 7542 7947 7550 7914  
 7565 7889 7594 7892 7621 7917 7648 7918 7665 7928 7685 7944 7699 7958  
 7724 7954 7727 7945 7730 7931 7731 7914 7731 7904 7733 7895 7737 7887  
 7747 7885 7762 7889 7775 7896 7791 7912 7807 7924 7825 7909 7823 7872  
 7810 7832 7812 7822 7827 7808 7839 7776 7849 7739 7864 7716 7891 7675  
 7907 7642 7922 7602 7938 7572 7963 7564 7962 7587 7947 7616 7928 7653  
 7921 7693 7925 7721 7916 7754 7882 7776 7863 7800 7863 7818 7865 7840  
 7879 7888 7882 7909 7875 7923 7851 7943 7845 7957 7840 7979 7844 8002  
 7844 8017 7836 8028 7828 8021 7804 8007 7759 8000 7750 8009 7727 8013  
 7700 8001 7665 7998 7627 8000 7601 7998 7602 7996                      
L  1 5    4     0    70    702362399999    21                           
 9067 6726 9088 6825 9099 6925 9100 6965 9097 6986 9084 6992 9077 6985  
 9068 6954 9061 6874 9054 6787 9028 6673 9000 6608 8965 6533 8953 6501  
 8954 6494 8960 6493 8971 6505 8991 6539 9049 6660 9065 6714 9067 6726  
L  1 5    5     0    80    802362399999    34                           
 9324 7547 9312 7566 9292 7568 9284 7565 9269 7552 9266 7532 9267 7501  
 9262 7466 9274 7465 9292 7484 9303 7492 9331 7482 9338 7459 9353 7438  
 9367 7437 9376 7446 9392 7466 9420 7455 9435 7441 9439 7425 9448 7395  
 9472 7366 9480 7366 9476 7393 9461 7424 9443 7455 9433 7476 9419 7488  
 9402 7503 9385 7517 9373 7523 9355 7535 9339 7541 9324 7547            
L  1 5    6     0    90    902362399999    30                           
 9030 7764 9017 7752 8977 7736 8817 7641 8791 7616 8764 7577 8760 7544  
 8763 7531 8768 7525 8776 7524 8784 7532 8799 7569 8889 7649 9016 7722  
 9074 7740 9087 7739 9093 7722 9092 7714 9098 7687 9114 7652 9131 7638  
 9169 7629 9193 7603 9203 7599 9206 7602 9206 7622 9112 7781 9093 7794  
 9058 7782 9030 7764                                                    
L  1 5    7     0   100   1002344599999    37                           
  957 8741  959 8741  961 8753  940 8758  935 8768  918 8766  898 8749  
  884 8761  861 8765  839 8751  820 8723  800 8686  788 8618  796 8588  
  794 8534  805 8515  824 8519  830 8509  825 8496  831 8487  846 8491  
  853 8482  859 8452  884 8426  907 8426  941 8440  951 8449  967 8482  
  976 8510  975 8537  964 8563  954 8609  934 8675  933 8704  925 8708  
  949 8712  957 8741                                                    
L  1 5    8     0   111    112362399999   243                           
10000 5925 9944 5890 9921 5874 9887 5859 9864 5842 9842 5815 9825 5780  
 9802 5746 9781 5705 9768 5693 9764 5698 9752 5780 9736 5788 9655 5785  
 9627 5797 9601 5842 9587 5842 9578 5888 9620 5915 9647 5942 9667 5978  
 9651 5975 9505 5926 9471 5908 9467 5903 9392 5888 9356 5889 9341 5893  
 9269 5944 9227 5966 9155 5982 9103 6008 9030 6001 8976 6004 8865 6010  
 8846 6009 8804 5992 8742 5911 8684 5831 8650 5728 8535 5722 8546 5543  
 8525 5534 8443 5524 8438 5532 8436 5546 8414 5820 8401 5988 8390 6088  
 8386 6164 8395 6272 8409 6351 8506 6321 8512 6336 8528 6334 8613 6431  
 8658 6473 8701 6521 8748 6586 8750 6595 8763 6711 8757 6723 8718 6768  
 8649 6834 8526 6916 8508 6934 8442 6989 8384 7054 8323 7096 8277 7115  
 8244 7123 8183 7116 8089 7099 8042 7096 7947 7113 7898 7129 7864 7148  
 7851 7177 7840 7243 7826 7265 7731 7246 7690 7243 7586 7250 7536 7258  
 7460 7279 7417 7274 7360 7272 7261 7279 7260 7349 7239 7349 7221 7263  
 7219 7227 7201 7166 7162 7170 7131 7204 7103 7207 7060 7197 7007 7200  
 7000 7204 7030 7273 7052 7269 7133 7411 7100 7468 7120 7485 7144 7455  
 7228 7494 7219 7535 7312 7577 7377 7615 7387 7725 7387 7772 7409 8041  
 7419 8147 7423 8247 7460 8168 7467 8144 7477 8118 7475 8102 7468 8092  
 7481 8083 7490 8091 7487 8162 7471 8267 7472 8285 7482 8315 7475 8353  
 7458 8392 7473 8422 7404 8431 7353 8445 7308 8465 7259 8492 7230 8520  
 7206 8572 7141 8650 7147 8672 7104 8726 7065 8761 7018 8790 6952 8834  
 6909 8871 6826 8957 6787 8986 6808 9028 6781 9044 6769 9024 6754 9032  
 6745 9013 6700 9045 6622 9080 6530 9103 6443 9115 6339 9113 6285 9106  
 6176 9084 5952 9020 5893 8995 5817 8945 5760 8899 5628 8767 5565 8694  
 5477 8577 5381 8458 5341 8399 5265 8269 5233 8224 5202 8169 5100 8006  
 5086 8005 5055 7992 5016 7972 4988 7953 4962 7921 4939 7870 4919 7806  
 4906 7759 4889 7702 4869 7653 4850 7600 4831 7552 4816 7504 4803 7463  
 4791 7425 4783 7397 4778 7384 4774 7381 4728 7210 4702 7111 4689 7077  
 4668 7010 4618 6896 4593 6807 4570 6745 4508 6544 4449 6388 4413 6270  
 4352 6133 4274 5924 4159 5632 4152 5604 4127 5540 4078 5398 4049 5291  
 4028 5231 4000 5173 3927 5025 3899 4957 3816 4744 3786 4679 3714 4462  
 3669 4349 3646 4303 3610 4208 3583 4149 3559 4080 3471 3844 3445 3760  
 3330 3469 3205 3137 3176 3076 3073 2801 3044 2737 3024 2673 2899 2379  
 2835 2204 2802 2120 2775 2032 2728 1952 2710 1901 2699 1847 2687 1762  
 2675 1624 2659 1497 2622 1285 2599 1152 2571 1013 2470  639 2422  491  
 2390  382 2341  259 2312  208 2198   42 2161    0                      
L  1 5    9     0    21   1212362399999   116                           
 5866    0 5927    6 6070   55 6111   62 6152   62 6203   71 6284   90  
 6392  121 6449  143 6708  226 6765  241 6939  295 7288  390 7516  456  
 7587  485 7654  519 7664  535 7759  560 7765  610 7777  623 7788  621  
 7816  586 7846  556 7876  549 8022  536 8043  510 8061  495 8083  482  
 8115  455 8132  436 8156  428 8192  424 8220  417 8287  413 8307  406  
 8310  401 8329  388 8379  326 8417  318 8431  306 8446  303 8454  311  
 8465  297 8545  284 8624  281 8667  268 8686  255 8697  232 8688  206  
 8659  205 8653  192 8658  184 8688  176 8703  153 8725  148 8752  147  
 8828  183 8835  179 8853  143 8868  154 8879  168 8902  190 8925  198  
 8941  211 8963  217 8982  209 9003  208 9022  223 9028  231 9077  260  
 9104  264 9109  260 9125  257 9128  250 9141  249 9129  212 9136  207  
 9142  210 9169  182 9193  177 9233  179 9273  175 9321  160 9331  161  
 9359  149 9374  149 9377  134 9385  125 9400  121 9400  103 9409   91  
 9422   91 9428   76 9454   60 9485   65 9511   83 9532   83 9622   38  
 9634   40 9654   56 9670   45 9702   51 9722   63 9728   70 9743   74  
 9797   64 9812   55 9825   66 9832   55 9846   64 9883   63 9917   68  
 9931   82 9947   88 9972  11210000   97                                
L  1 9   10     9    31    418888823445     2                           
  42310000  66810000                                                    
L  1 9   11     9    41   1118888899999     3                           
  66810000100001000010000 5925                                          
L  1 9   12     9    31    119999988888     4                           
  42310000    010000    0    0 2161    0                                
L  1 9   13     9    21   1219999988888     3                           
 5866    010000    010000   97                                          
L  1 9   14     9   121   1112362388888     2                           
10000   9710000 5925                                                    
L  1 9   15     9    11    212362388888     2                           
 2161    0 5866    0                                                    
A  123623    1 6876 4578   4                                            
   -8  -14   -9  -15                                                    
A  199999    2 2998 7739  16                                            
  -12    1   11    8    0    7    0    6    0    5    0    4    0    3  
    0    2                                                              
A  199999    3 7710  310   2                                            
    9  -13                                                              
A  123445    4  594 9788   2                                            
   10   -1                                                              
A  123623    5 8414 7517   1                                            
   -2                                                                   
A  123623    6 7849 7796   1                                            
   -3                                                                   
A  123623    7 9057 6742   1                                            
   -4                                                                   
A  123623    8 9387 7466   1                                            
   -5                                                                   
A  123623    9 9148 7658   1                                            
   -6                                                                   
A  123445   10  875 8596   1                                            
   -7                                                                   
H1 2    0   87    0    0  181 0507 0507                                 
L  2 2    1     0    00    00               2                           
 3577  338 3415  366                                                    
L  2 3    2     0    00    00               3                           
 6319  234 6274  416 6212  524                                          
L  2 4    3     0    00    00              11                           
 7145 6591 6996 6272 6880 6083 6811 5917 6779 5751 6734 5666 6652 5602  
 6609 5534 6551 5490 6440 5331 6023 4497                                
L  2 4    4     0    00    00               4                           
 8698 5694 8649 5649 8604 5294 8568 5217                                
L  2 4    5     0    00    00               9                           
 7145 6591 7065 6733 7029 6831 6936 7207 6980 7275 7036 7316 7062 7397  
 7072 7533 6867 7846                                                    
L  2 4    6     0    00    00               2                           
 7799 4306 7759 4667                                                    
L  2 3    7     0    00    00               2                           
 6212  524 6277  619                                                    
L  2 2    8     0    00    00              11                           
 9932  628 9429  669 9061  432 8968  407 8874  410 8776  438 8373  631  
 7956  690 7861  740 7701  773 7504  655                                
L  2 4    9     0    00    00               9                           
 8371 4704 8422 4182 8658 3066 8838 2850 8863 2418 9054 2096 8928 1949  
 9427 1104 9932  628                                                    
L  2 2   10     0    00    00               4                           
 8371 4704 8043 4484 7926 4379 7799 4306                                
L  2 2   11     0    00    00               4                           
 7799 4306 7660 4231 7433 4028 7055 3936                                
L  2 4   12     0    00    00               7                           
 6053 2872 6100 2748 6111 2526 6082 2223 5788 1922 5602  560 5623  290  
L  2 2   13     0    00    00               2                           
 6053 2872 5910 2651                                                    
L  2 2   14     0    00    00               4                           
 5910 2651 5471 2262 4979 2052 4906 1996                                
L  2 2   15     0    00    00               3                           
 9782 5377 9496 5180 9021 4931                                          
L  2 5   16     0    00    00               4                           
 9782 5377 9712 5403 9083 5283 8897 5193                                
L  2 2   17     0    00    00               3                           
 8554 4779 8461 4752 8371 4704                                          
L  2 4   18     0    00    00               3                           
 8568 5217 8512 5094 8358 4907                                          
L  2 5   19     0    00    00               3                           
 8568 5217 8784 5193 8897 5193                                          
L  2 5   20     0    00    00               3                           
 8897 5193 8590 4882 8554 4779                                          
L  2 5   21     0    00    00               2                           
 8897 5193 9021 4931                                                    
L  2 2   22     0    00    00               3                           
 9021 4931 8778 4804 8554 4779                                          
L  2 4   23     0    00    00               3                           
 8358 4907 8369 4863 8371 4704                                          
L  2 5   24     0    00    00               3                           
 8358 4907 8251 4812 8106 4822                                          
L  2 4   25     0    00    00               7                           
 7759 4667 7598 5054 7394 5307 6983 5714 6982 5778 7171 6235 7207 6399  
L  2 5   26     0    00    00               7                           
 7759 4667 7670 4632 7597 4602 7581 4432 7436 4341 7218 4161 7055 3936  
L  2 2   27     0    00    00               3                           
 7055 3936 6960 3913 6882 3846                                          
L  2 2   28     0    00    00               3                           
 6882 3846 6194 3258 6124 3068                                          
L  2 5   29     0    00    00               2                           
 6882 3846 6023 4497                                                    
L  2 4   30     0    00    00               3                           
 6023 4497 5783 4017 5599 3703                                          
L  2 5   31     0    00    00               2                           
 6023 4497 5413 4857                                                    
L  2 4   32     0    00    00               2                           
 5413 4857 5264 4504                                                    
L  2 4   33     0    00    00               2                           
 5599 3703 5440 3431                                                    
L  2 5   34     0    00    00               5                           
 5599 3703 5821 3370 5869 3190 5982 3079 6124 3068                      
L  2 2   35     0    00    00               2                           
 6124 3068 6053 2872                                                    
L  2 4   36     0    00    00               3                           
 7207 6399 7229 6496 7145 6591                                          
L  2 5   37     0    00    00               8                           
 7207 6399 7355 6405 7484 6335 7742 6004 7815 5984 7952 6124 8106 6144  
 8106 4822                                                              
L  2 5   38     0    00    00               3                           
 8106 4822 7912 4812 7759 4667                                          
L  2 4   39     0    00    00               2                           
 4836 3457 4384 2338                                                    
L  2 5   40     0    00    00               5                           
 4836 3457 5014 3340 5191 3330 5312 3360 5440 3431                      
L  2 4   41     0    00    00               4                           
 5440 3431 5311 3211 5820 2784 5910 2651                                
L  2 4   42     0    00    00               3                           
 6867 7846 6815 7903 6627 8046                                          
L  2 5   43     0    00    00              11                           
 6867 7846 6903 7957 6992 8298 6992 8498 6846 8748 6580 8899 6330 8939  
 6071 8879 5877 8818 5635 8628 5522 8468                                
L  2 4   44     0    00    00               4                           
 6627 8046 6596 7993 6517 7702 6222 6940                                
L  2 4   45     0    00    00               2                           
 6222 6940 5701 5594                                                    
L  2 5   46     0    00    00               2                           
 6222 6940 5721 7213                                                    
L  2 4   47     0    00    00               3                           
 5701 5594 5458 4965 5413 4857                                          
L  2 4   48     0    00    00               2                           
 4384 2338 4027 1453                                                    
L  2 5   49     0    00    00               2                           
 4384 2338 3720 2779                                                    
L  2 5   50     0    00    00               2                           
 5522 8468 6095 8208                                                    
L  2 5   51     0    00    00               3                           
 5721 7213 5643 7256 5119 5934                                          
L  2 5   52     0    00    00               2                           
 5721 7213 6095 8208                                                    
L  2 5   53     0    00    00               5                           
 6095 8208 6217 8117 6354 8147 6491 8107 6627 8046                      
L  2 5   54     0    00    00               5                           
 4092 5223 4899 7406 5077 7767 5311 8137 5522 8468                      
L  2 5   55     0    00    00               2                           
 4092 5223 4620 4899                                                    
L  2 4   56     0    00    00               3                           
 5264 4504 5147 4227 4836 3457                                          
L  2 5   57     0    00    00               2                           
 4836 3457 4196 3860                                                    
L  2 5   58     0    00    00               2                           
 3720 4161 4092 5223                                                    
L  2 5   59     0    00    00               2                           
 3720 2779 3268 3039                                                    
L  2 5   60     0    00    00               2                           
 3720 2779 4196 3860                                                    
L  2 5   61     0    00    00               2                           
 4196 3860 3720 4161                                                    
L  2 5   62     0    00    00               2                           
 4196 3860 4620 4899                                                    
L  2 5   63     0    00    00               2                           
 4620 4899 5264 4504                                                    
L  2 5   64     0    00    00               2                           
 4620 4899 5119 5934                                                    
L  2 5   65     0    00    00               2                           
 5119 5934 5701 5594                                                    
L  2 2   66     0    00    00               5                           
 3415  366 3163  410 2597  259 2504  182 2477  140                      
L  2 5   67     0    00    00               7                           
 2477  140 2462  310 2535  581 2608  891 2705 1382 2737 1782 2987 2323  
L  2 5   68     0    00    00               2                           
 3268 3039 3720 4161                                                    
L  2 5   69     0    00    00               2                           
 2987 2323 3268 3039                                                    
L  2 5   70     0    00    00               2                           
 2987 2323 3334 2323                                                    
L  2 5   71     0    00    00               2                           
 3334 2323 3720 2779                                                    
L  2 5   72     0    00    00               6                           
 3334 2323 3359 2253 3367 1953 3415 1853 3576 1722 4027 1453            
L  2 4   73     0    00    00               2                           
 4027 1453 3577  338                                                    
L  2 5   74     0    00    00               2                           
 4027 1453 4172 1334                                                    
L  2 2   75     0    00    00               7                           
 4172 1334 4114 1138 4082  955 3960  795 3806  487 3653  340 3577  338  
L  2 5   76     0    00    00               2                           
 4384 2338 4906 1996                                                    
L  2 2   77     0    00    00               3                           
 4906 1996 4284 1518 4172 1334                                          
L  2 4   78     0    00    00               5                           
 5623  290 5768  321 5836  395 5913  397 6212  524                      
L  2 3   79     0    00    00              13                           
 6277  619 6322  803 6396 1066 6445 1300 6496 1325 6631 1378 6756 1469  
 7218 2044 7426 2976 7660 3260 7882 3804 7849 4105 7799 4306            
L  2 5   80     0    00    00               5                           
 6277  619 6402  570 6725  570 7403  671 7504  655                      
L  2 2   81     0    00    00               3                           
 7504  655 7232  493 6319  234                                          
L  2 2   82     0    00    00               3                           
 6319  234 5724   72 5538    0                                          
L  2 5   83     0    00    00               3                           
 3594    0 3455  180 3415  366                                          
L  2 2   84     0    00    00               2                           
 2477  140 2388    0                                                    
L  2 5   85     0    00    00               5                           
 4676    0 4723   50 4876   90 5159  130 5623  290                      
L  2 2   86     0    00    00               2                           
10000  624 9932  628                                                    
L  2 2   87     0    00    00               2                           
10000 5526 9782 5377                                                    
H1 7    0    0    0    2    3 0507 0507                                 
P  7 1    1 8000 4000 0 1                                               
01 3 8000 4000              00  à≠î¸í¨                                  
P  753    2 9000 4366 0 0                                               
M 513771ñÏìc                  2    9   59    6    0  224                
H2 1    9   13    6    0  112 0507 0507                                 
N  1 1    1    0 5925 1 3   -5  -12   10    0    0    0    0    0    0  
N  1 1    2    0   97 1 3    6   12   13    0    0    0    0    0    0  
N  1 1    3 523910000 1 3    8  -10    1    0    0    0    0    0    0  
N  1 2    4 4889 9487 0 3   -1    5    2    0    0    0    0    0    0  
N  1 2    5 2232  671 0 3   -2   -6    7    0    0    0    0    0    0  
N  1 1    6 617610000 1 3   11   -9    3    0    0    0    0    0    0  
N  1 1    7 537010000 1 3    9   -8   -3    0    0    0    0    0    0  
N  1 2    8  269 7838 0 2    4   -4    0    0    0    0    0    0    0  
N  1 1    910000 4272 1 3  -11   -7  -13    0    0    0    0    0    0  
L  1 5    1     0    31    402323199999     9                           
 523910000 5238 9984 5164 9946 5121 9900 5043 9790 5002 9685 4946 9592  
 4906 9531 4889 9487                                                    
L  1 4    2     0    40    502323123623   167                           
 4889 9487 4928 9391 4960 9329 5017 9191 5041 9152 5071 9148 5117 9156  
 5150 9136 5174 9086 5194 9007 5199 8939 5185 8843 5183 8767 5172 8679  
 5146 8632 5105 8571 5088 8491 5091 8412 5100 8341 5102 8285 5098 8259  
 5066 8208 5049 8158 5056 8099 5079 8022 5092 7889 5101 7834 5094 7762  
 5093 7685 5089 7627 5091 7602 5129 7432 5140 7417 5166 7394 5197 7384  
 5226 7341 5244 7271 5237 7257 5177 7223 5154 7174 5150 7078 5134 7019  
 5102 6993 5064 6982 5041 6953 5024 6903 5002 6812 4972 6761 4890 6727  
 4850 6696 4836 6677 4823 6591 4830 6543 4839 6526 4864 6495 4874 6469  
 4860 6379 4863 6320 4868 6315 4867 6283 4872 6227 4873 6174 4853 6127  
 4763 6036 4714 5877 4752 5770 4758 5707 4755 5623 4757 5537 4751 5463  
 4724 5387 4679 5296 4640 5228 4620 5207 4554 5163 4518 5159 4478 5125  
 4444 5049 4429 4999 4404 4969 4398 4939 4403 4817 4422 4759 4452 4706  
 4470 4632 4445 4545 4403 4481 4382 4461 4327 4427 4279 4436 4247 4470  
 4211 4488 4174 4501 4148 4532 4105 4540 4089 4538 4031 4514 3993 4540  
 3936 4553 3849 4557 3781 4535 3749 4541 3692 4575 3641 4579 3549 4525  
 3503 4479 3395 4337 3345 4311 3246 4290 3126 4240 3084 4187 3043 4126  
 2964 4099 2936 4047 2905 4013 2900 3989 2908 3924 2911 3841 2900 3765  
 2875 3719 2849 3691 2834 3634 2806 3572 2723 3367 2681 3303 2648 3269  
 2635 3222 2609 3203 2473 3156 2427 3152 2424 3091 2404 3022 2369 2958  
 2332 2915 2315 2846 2297 2828 2247 2829 2206 2787 2185 2713 2152 2643  
 2095 2555 2069 2504 2060 2426 2000 2284 1987 2215 1997 2132 2025 1966  
 2021 1889 2032 1813 2047 1753 2062 1661 2078 1625 2081 1573 2068 1329  
 2054 1144 2078  981 2077  934 2058  919 2022  907 2017  900 2051  660  
 2055  656 2082  660 2191  690 2215  700 2223  693 2232  671            
L  1 5    3     0    61    712323199999    23                           
 617610000 6173 9988 6153 9967 6126 9952 6098 9945 6062 9904 6025 9851  
 5979 9820 5939 9806 5896 9778 5844 9755 5784 9751 5728 9765 5672 9805  
 5624 9857 5538 9965 5504 9972 5493 9965 5448 9949 5432 9946 5397 9957  
 5373 9989 537010000                                                    
L  1 5    4     0    80    802362399999    46                           
  269 7838  266 7839  254 7694  241 7558  230 7497  233 7461  252 7438  
  272 7378  304 7357  315 7360  309 7391  293 7437  283 7482  287 7558  
  284 7598  296 7708  301 7709  320 7661  350 7509  367 7448  395 7422  
  478 7378  492 7390  483 7436  454 7455  424 7482  414 7497  379 7615  
  365 7762  383 7819  387 7861  368 7871  339 7867  322 7903  315 7949  
  330 7979  391 8044  394 8082  390 8086  356 8065  321 8025  296 7989  
  283 7955  281 7913  265 7842  269 7838                                
L  1 5    5     0    40    112362399999   127                           
 4889 9487 4828 9403 4743 9303 4591 9056 4551 8984 4526 8957 4519 8958  
 4490 8938 4457 8930 4433 8930 4260 8718 4245 8704 4189 8685 4136 8661  
 4089 8625 3993 8537 3892 8449 3847 8416 3791 8394 3677 8364 3609 8333  
 3482 8288 3376 8257 3289 8217 3205 8176 3158 8164 3115 8170 3111 8187  
 3038 8157 2952 8130 2889 8123 2842 8131 2810 8151 2786 8171 2779 8186  
 2795 8219 2801 8246 2789 8247 2782 8222 2770 8212 2756 8226 2753 8258  
 2759 8296 2798 8350 2800 8357 2736 8326 2660 8277 2594 8236 2508 8193  
 2472 8179 2389 8157 2288 8126 2184 8104 2011 8074 1870 8039 1798 8050  
 1607 8116 1544 8143 1474 8163 1317 8220 1190 8274 1023 8308  876 8331  
  847 8338  788 8339  725 8328  634 8281  466 8181  428 8143  414 8124  
  418 8112  443 8093  493 8069  514 8035  540 8012  557 7990  570 7940  
  600 7886  631 7840  675 7815  724 7813  831 7834  886 7816  934 7769  
  958 7750 1005 7733 1093 7745 1118 7740 1170 7709 1218 7665 1262 7596  
 1298 7511 1447 7227 1499 7136 1517 7089 1494 7063 1452 7037 1415 7001  
 1363 6865 1316 6823 1275 6769 1248 6706 1220 6594 1198 6542 1136 6508  
 1072 6477 1012 6439  977 6411  953 6421  904 6326  758 6262  676 6216  
  663 6215  646 6228  636 6223  608 6186  553 6168  501 6160  409 6167  
  351 6153  294 6114  236 6089  181 6057   39 5961    1 5929    6 5925  
    0 5925                                                              
L  1 5    6     0    21    502362399999    39                           
    0   97    3  101   46  116   63  119   93  101  113   96  166   96  
  234  117  422  170  481  175  550  173  610  161  706  162  784  156  
  873  186  922  194  987  213 1033  243 1094  299 1151  299 1198  291  
 1251  315 1305  325 1355  321 1386  333 1400  343 1422  369 1452  376  
 1506  365 1560  369 1692  432 1802  460 1852  482 1967  569 2019  592  
 2078  613 2144  647 2228  673 2232  671                                
L  1 5    7     0    50    912323199999    67                           
 2232  671 2232  667 2242  670 2302  667 2360  685 2397  729 2449  767  
 2629  858 2694  882 2770  906 2828  938 2903  989 3180 1141 3429 1261  
 3603 1356 3776 1480 4117 1651 4229 1719 4327 1783 4673 1976 4822 2047  
 5239 2255 5277 2268 5285 2274 5312 2353 5248 2465 5107 2388 5030 2528  
 5175 2656 5218 2605 5291 2674 5346 2604 5300 2538 5342 2461 5413 2424  
 5400 2322 5405 2327 5435 2333 5496 2355 5643 2431 5819 2530 5995 2616  
 6687 2975 6924 3080 7337 3250 7460 3288 7675 3353 7726 3357 7767 3341  
 7799 3306 7842 3226 7868 3203 7896 3200 7964 3222 8031 3259 8148 3352  
 8222 3399 8439 3512 8684 3630 8824 3707 9206 3890 9424 4005 9598 4080  
 9849 4210 9919 4240 9955 426010000 4272                                
L  1 9    8     9    31    718888823231     2                           
 523910000 537010000                                                    
L  1 9    9     9    71    618888899999     2                           
 537010000 617610000                                                    
L  1 9   10     9    11    318888899999     3                           
    0 5925    010000 523910000                                          
L  1 9   11     9    61    918888823231     3                           
 617610000100001000010000 4272                                          
L  1 9   12     9    21    118888823623     2                           
    0   97    0 5925                                                    
L  1 9   13     9    21    919999988888     4                           
    0   97    0    010000    010000 4272                                
A  123623    1 2221 4722   4                                            
   -5    2   -6   12                                                    
A  199999    2  141 7954   5                                            
   10    1    5    0    4                                               
A  199999    3 7621 2256   3                                            
    6    7  -13                                                         
A  123231    4 7347 5326   6                                            
    8   -3   11   -7   -2   -1                                          
A  199999    5 5826 9876   2                                            
    3    9                                                              
A  123623    6  313 7720   1                                            
   -4                                                                   
H1 2    0   46    0    0  110 0507 0507                                 
L  2 4    1     0    00    00               8                           
 9119 5266 8896 5678 8774 6077 8740 6139 8631 6258 8552 6388 8324 6546  
 8219 6598                                                              
L  2 2    2     0    00    00               4                           
 2676 7800 2463 7631 2234 7274 1927 7055                                
L  2 3    3     0    00    00               2                           
 9719 8234 9686 8035                                                    
L  2 4    4     0    00    00               7                           
 1368 6572 1391 6506 1725 6123 1950 5890 2009 5859 2064 5852 2123 5862  
L  2 2    5     0    00    00               2                           
 2783 7849 2676 7800                                                    
L  2 3    6     0    00    00               8                           
 622810000 5929 9667 5772 9585 5649 9587 5526 9687 5481 9691 5442 9669  
 5389 9607                                                              
L  2 4    7     0    00    00               3                           
 2783 7849 2790 7681 2804 7649                                          
L  2 4    8     0    00    00               3                           
 6604 8278 6617 8190 6381 7848                                          
L  2 4    9     0    00    00               9                           
 3776 6019 4094 6254 4432 6374 4665 6330 4796 6332 4928 6252 4961 6185  
 5049 5874 5275 5580                                                    
L  2 4   10     0    00    00               4                           
 2758 8078 2698 8105 2610 8054 2676 7800                                
L  2 4   11     0    00    00               9                           
 5275 5580 5327 5524 5513 5092 5637 4908 5708 4718 5732 4511 5983 3696  
 6137 3547 6269 3255                                                    
L  2 2   12     0    00    00               2                           
 6687 3418 6269 3255                                                    
L  2 2   13     0    00    00              14                           
 8276 4053 8209 3999 8078 3784 8033 3770 7868 3774 7833 3791 7780 3865  
 7725 3910 7627 3925 7418 3771 7185 3760 7021 3693 6856 3477 6687 3418  
L  2 3   14     0    00    00               6                           
 9119 5266 9009 5080 8678 4792 8469 4380 8355 4241 8276 4053            
L  2 2   15     0    00    00               8                           
 6604 8278 6320 8403 6201 8491 6127 8582 5968 8888 5804 9364 5763 9419  
 5389 9607                                                              
L  2 2   16     0    00    00               7                           
 9719 8234 9458 8068 9265 8015 8515 7909 8375 7805 8200 7609 8056 7595  
L  2 3   17     0    00    00               3                           
 9686 8035 9542 7176 9477 7064                                          
L  2 2   18     0    00    00              16                           
 5389 9607 5254 9671 5183 9684 5078 9652 5026 9602 4639 9056 4481 8772  
 4430 8723 4176 8635 4104 8589 3977 8413 3908 8356 3405 8224 3302 8183  
 3026 7986 2783 7849                                                    
L  2 4   19     0    00    00              14                           
 6716 5865 6719 5566 6693 5306 6640 5050 6644 4583 6566 4364 6568 4279  
 6536 4178 6535 4117 6564 3951 6544 3739 6601 3589 6682 3466 6687 3418  
L  2 4   20     0    00    00               5                           
 6716 5865 6457 5806 6284 5654 6066 5553 5841 5561                      
L  2 3   21     0    00    00               7                           
 9477 7064 9358 6859 9355 6661 9280 6092 9169 5807 9137 5631 9119 5266  
L  2 5   22     0    00    00              10                           
 748410000 7446 9719 7402 9011 7288 8897 7247 8816 7155 8691 7071 8523  
 7005 8280 6921 8148 6889 8107                                          
L  2 2   23     0    00    00               4                           
 6889 8107 6861 8116 6768 8193 6604 8278                                
L  2 4   24     0    00    00               2                           
 5841 5561 5275 5580                                                    
L  2 5   25     0    00    00              14                           
 5841 5561 5882 5732 5890 5912 5753 6232 5632 6353 5616 6603 5672 6643  
 5737 6683 5737 6823 5810 7154 5890 7314 6028 7424 6197 7635 6381 7848  
L  2 4   26     0    00    00               9                           
 6381 7848 6466 7580 6445 7380 6445 7113 6616 6613 6630 6438 6733 6296  
 6745 6234 6716 5865                                                    
L  2 5   27     0    00    00               2                           
 9119 5266 9106 4358                                                    
L  2 2   28     0    00    00               4                           
 9106 4358 8882 4348 8415 4095 8276 4053                                
L  2 4   29     0    00    00               8                           
 2123 5862 2369 5903 2462 5900 2835 5805 2928 5805 3079 5869 3235 5859  
 3335 5868                                                              
L  2 5   30     0    00    00               5                           
 2123 5862 2081 6653 1984 6793 1928 6964 1927 7055                      
L  2 2   31     0    00    00               3                           
 1927 7055 1855 7003 1368 6572                                          
L  2 4   32     0    00    00               5                           
 7702 6999 7270 6461 7052 6090 6997 6040 6716 5865                      
L  2 5   33     0    00    00               2                           
 7702 6999 7815 7114                                                    
L  2 2   34     0    00    00               6                           
 8056 7595 7956 7616 7426 8002 7268 8050 6993 8074 6889 8107            
L  2 4   35     0    00    00               3                           
 8219 6598 7930 6742 7702 6999                                          
L  2 5   36     0    00    00               4                           
 8219 6598 8251 6755 8057 6936 7815 7114                                
L  2 5   37     0    00    00               4                           
 7815 7114 7896 7196 8073 7486 8056 7595                                
L  2 4   38     0    00    00              14                           
 2804 7649 2908 7730 2966 7624 2998 7216 3063 7143 3103 7017 3195 6823  
 3280 6600 3285 6478 3474 6215 3487 6137 3595 6070 3694 6059 3776 6019  
L  2 5   39     0    00    00              10                           
 2804 7649 2798 7515 2759 7455 2657 7352 2803 7031 3003 6620 3071 6499  
 3105 6379 3383 6052 3335 5868                                          
L  2 4   40     0    00    00               4                           
 3335 5868 3498 5883 3641 5927 3776 6019                                
L  2 2   41     0    00    00              23                           
 6269 3255 5827 3088 5022 2645 4878 2586 4487 2424 4182 2070 3843 1881  
 3611 1785 3370 1511 3314 1481 2855 1333 2632 1036 2527  952 2422  893  
 2175  846 2026  797 1754  707 1347  636 1143  649 1066  632  904  540  
  604  590    0  624                                                    
L  2 2   42     0    00    00               6                           
 1368 6572 1172 6415  459 5964  470 5891    1 5527    0 5526            
L  2 2   43     0    00    00               2                           
 9686 803510000 8225                                                    
L  2 2   44     0    00    00               5                           
10000 4842 9943 4810 9763 4611 9293 4457 9106 4358                      
L  2 2   45     0    00    00               3                           
10000 8510 9847 8335 9719 8234                                          
L  2 5   46     0    00    00               5                           
10000 6904 9943 6920 9798 7021 9539 7031 9477 7064                      
M 513772ìcå¥                  4    4   63    3    1  180                
H2 1    4    6    3    0   47 0507 0507                                 
N  1 1    1    0 4272 1 3    2    6    4    0    0    0    0    0    0  
N  1 1    2 489210000 1 3    5   -4    1    0    0    0    0    0    0  
N  1 2    3 7543 7327 0 3    3   -1   -2    0    0    0    0    0    0  
N  1 1    410000 8125 1 3   -5   -3   -6    0    0    0    0    0    0  
L  1 3    1     0    21    302320123231    78                           
 489210000 4875 9985 4854 9923 4851 9882 4837 9842 4806 9815 4794 9798  
 4773 9753 4759 9701 4752 9645 4754 9609 4761 9580 4754 9566 4683 9504  
 4672 9483 4695 9456 4742 9369 4775 9334 4817 9310 4892 9299 5029 9263  
 5092 9234 5139 9193 5193 9174 5288 9182 5332 9161 5417 9096 5464 9087  
 5581 9082 5636 9063 5699 9033 5774 9009 5934 8976 6005 8949 6127 8879  
 6169 8873 6223 8884 6280 8900 6325 8938 6374 8962 6400 8960 6454 8927  
 6501 8914 6550 8924 6623 8954 6694 8970 6856 8981 6925 8978 7012 8992  
 7064 9029 7118 9083 7165 9148 7219 9210 7233 9197 7268 9140 7334 8994  
 7360 8918 7376 8859 7395 8718 7397 8683 7395 8662 7380 8648 7387 8608  
 7431 8232 7443 8154 7457 8086 7480 8035 7537 7970 7574 7919 7584 7875  
 7572 7846 7541 7824 7520 7789 7494 7686 7477 7608 7461 7495 7472 7454  
 7543 7327                                                              
L  1 5    2     0    11    302323199999    84                           
    0 4272   31 4288   41 4296   71 4309   93 4309  119 4315  177 4355  
  347 4444  392 4455  406 4458  465 4482  634 4571  763 4633  818 4662  
  893 4695  996 4730 1079 4759 1335 4867 1441 4918 1510 4961 1573 4994  
 1759 5061 1818 5096 1914 5139 1959 5153 1978 5155 2027 5172 2074 5196  
 2117 5234 2378 5358 2435 5376 2460 5390 2569 5417 2628 5438 2679 5468  
 2887 5565 2959 5592 3141 5667 3214 5700 3268 5713 3322 5735 3360 5762  
 3470 5813 3522 5826 3668 5894 3708 5896 3802 5937 4026 6020 4214 6101  
 4329 6147 4504 6206 4565 6220 4612 6236 4652 6260 4706 6284 4753 6300  
 4767 6300 4800 6309 4871 6344 4887 6357 4972 6397 5052 6435 5165 6476  
 5238 6497 5302 6505 5596 6597 5789 6648 5951 6707 6215 6815 6344 6855  
 6415 6871 6558 6928 6664 6985 6801 7047 6874 7076 6968 7109 7015 7130  
 7065 7141 7107 7154 7237 7225 7284 7246 7324 7260 7371 7284 7543 7327  
L  1 5    3     0    30    412320199999    22                           
 7543 7327 7677 7359 7811 7413 7865 7443 7940 7448 8020 7467 8084 7497  
 8178 7532 8286 7561 8482 7623 8724 7712 8802 7747 9155 7833 9306 7893  
 9381 7930 9515 7987 9567 7998 9791 8060 9887 8089 9948 8100 9993 8116  
10000 8125                                                              
L  1 9    4     9    11    218888823231     3                           
    0 4272    010000 489210000                                          
L  1 9    5     9    21    418888823201     3                           
 489210000100001000010000 8125                                          
L  1 9    6     9    11    419999988888     4                           
    0 4272    0    010000    010000 8125                                
A  199999    1 7231 6192   3                                            
    2    3   -6                                                         
A  123231    2 3537 7144   3                                            
    4    1   -2                                                         
A  123201    3 8698 8684   3                                            
    5   -3   -1                                                         
H1 2    0   56    0    0  124 0507 0507                                 
L  2 2    1     0    00    00               6                           
 1257 9696 1022 9493  901 9310  827 9167  432 8823  369 8777            
L  2 2    2     0    00    00               3                           
 1778 9877 1511 9906 1305 9736                                          
L  2 4    3     0    00    00               3                           
 948610000 9563 9248 9631 9012                                          
L  2 4    4     0    00    00               8                           
 581210000 5616 9671 5604 9598 5674 9370 5724 9079 5714 8997 5659 8845  
 5674 8774                                                              
L  2 4    5     0    00    00               8                           
 3760 9842 3884 9900 3921 9900 3968 9854 4266 9443 4429 9265 4537 9177  
 5674 8774                                                              
L  2 4    6     0    00    00               2                           
 1778 9877 1766 9668                                                    
L  2 4    7     0    00    00               4                           
 783910000 8202 9183 8293 8581 8286 8212                                
L  2 4    8     0    00    00               5                           
 2405 9167 2420 9110 2593 8845 2696 8742 2900 8567                      
L  2 2    9     0    00    00              10                           
 4796 6990 4261 6908 4115 6864 4004 6803 3829 6624 3521 6557 3070 6236  
 2759 6048 2506 5946 2303 5881                                          
L  2 2   10     0    00    00               3                           
 5914 7484 4950 6935 4796 6990                                          
L  2 2   11     0    00    00               7                           
 8052 8144 7485 7761 7396 7751 6934 7782 6810 7735 6654 7640 5914 7484  
L  2 2   12     0    00    00               3                           
 8286 8212 8150 8192 8052 8144                                          
L  2 2   13     0    00    00               8                           
 9631 9012 9432 8928 9113 8865 8946 8701 8744 8585 8505 8310 8344 8222  
 8286 8212                                                              
L  2 2   14     0    00    00               2                           
 2607 9967 2204 9732                                                    
L  2 4   15     0    00    00               9                           
 3760 9842 3786 9737 3783 9670 3763 9626 3438 9415 3367 9193 3346 9053  
 3171 8799 2900 8567                                                    
L  2 4   16     0    00    00               2                           
 1257 9696 1570 9454                                                    
L  2 2   17     0    00    00               2                           
 2028 9028 2256 9112                                                    
L  2 4   18     0    00    00               2                           
 370610000 3760 9842                                                    
L  2 3   19     0    00    00               2                           
 256610000 2607 9967                                                    
L  2 4   20     0    00    00               7                           
 5674 8774 6066 8594 6461 8550 6642 8598 7094 8810 7321 8800 7406 8724  
L  2 4   21     0    00    00               8                           
 5674 8774 5768 8473 5735 8310 5737 8225 5824 7928 5883 7789 5914 7657  
 5914 7484                                                              
L  2 4   22     0    00    00              15                           
 2900 8567 2944 8535 3097 8506 3177 8433 3349 8223 3629 7542 3816 7362  
 3991 7294 4129 7325 4396 7440 4648 7403 4690 7379 4722 7318 4735 7172  
 4796 6990                                                              
L  2 4   23     0    00    00               8                           
 2900 8567 2811 8474 2711 8423 2591 8288 2480 8240 2350 8139 2274 8041  
 2146 7826                                                              
L  2 5   24     0    00    00               6                           
 662710000 6870 9713 7050 9520 7161 9224 7365 8868 7406 8724            
L  2 4   25     0    00    00               7                           
 7406 8724 7430 8368 7456 8331 7679 8270 7769 8283 7847 8258 8052 8144  
L  2 2   26     0    00    00               3                           
 2204 9732 1954 9783 1778 9877                                          
L  2 5   27     0    00    00               5                           
 2204 9732 2085 9610 2036 9507 2043 9387 2256 9112                      
L  2 2   28     0    00    00               2                           
 2256 9112 2405 9167                                                    
L  2 5   29     0    00    00               3                           
 1766 9668 1634 9563 1570 9454                                          
L  2 4   30     0    00    00               3                           
 1570 9454 1994 9126 2028 9028                                          
L  2 5   31     0    00    00               2                           
 1570 9454 1530 9263                                                    
L  2 2   32     0    00    00               3                           
 1423 8807 1517 8841 2028 9028                                          
L  2 5   33     0    00    00               5                           
 1530 9263 1586 9173 1586 9014 1447 8889 1423 8807                      
L  2 5   34     0    00    00               6                           
 1530 9263 1423 9130 1080 8885  942 8756  828 8700  617 8640            
L  2 5   35     0    00    00               2                           
  617 8640  369 8777                                                    
L  2 5   36     0    00    00               3                           
  617 8640  561 8550  563 8496                                          
L  2 2   37     0    00    00               2                           
  563 8496 1423 8807                                                    
L  2 4   38     0    00    00               3                           
 1275 6835 1253 6774 1059 6574                                          
L  2 5   39     0    00    00               8                           
 1275 6835 1211 7201 1178 7431 1203 7762 1259 7902 1388 8052 1380 8373  
 1423 8807                                                              
L  2 5   40     0    00    00              14                           
  563 8496  581 8373  508 8082  363 7952  282 7812  282 7692  306 7602  
  298 7481  226 7381  226 7211  298 7051  355 6981  355 6910  185 6890  
L  2 5   41     0    00    00               7                           
  185 6890  290 6570  315 6340  371 6149  775 6340  944 6540 1059 6574  
L  2 4   42     0    00    00               6                           
 1059 6574 1041 6496 1048 6329  968 6106  846 5906  608 5340            
L  2 4   43     0    00    00               5                           
 2146 7826 1810 7263 1618 7075 1502 7021 1275 6835                      
L  2 5   44     0    00    00               6                           
 2146 7826 2301 7625 2317 7184 2260 6613 2284 6042 2303 5881            
L  2 2   45     0    00    00               2                           
 2303 5881  608 5340                                                    
L  2 5   46     0    00    00               2                           
 107610000 1305 9736                                                    
L  2 2   47     0    00    00               2                           
 1305 9736 1257 9696                                                    
L  2 5   48     0    00    00               2                           
 181710000 1778 9877                                                    
L  2 2   49     0    00    00               9                           
 329510000 3236 9910 3150 9747 3083 9605 2968 9466 2844 9348 2729 9265  
 2697 9257 2405 9167                                                    
L  2 5   50     0    00    00               7                           
 355910000 3428 9856 3365 9819 3287 9805 3050 9822 2777 9933 2607 9967  
L  2 2   51     0    00    00               3                           
    0 8225  398 8437  563 8496                                          
L  2 2   52     0    00    00               3                           
  608 5340   81 4888    0 4842                                          
L  2 2   53     0    00    00               2                           
  369 8777    0 8510                                                    
L  2 5   54     0    00    00               3                           
  185 6890   48 6890    0 6904                                          
L  2 2   55     0    00    00               2                           
10000 9166 9631 9012                                                    
L  2 4   56     0    00    00               3                           
 985410000 9936 995010000 9867                                          
H1 3    0    1    0    0    4 0507 0507                                 
L  3 3    1     0    00    00              20                           
 418810000 4104 9936 3967 9853 3847 9786 3787 9755 3660 9683 3577 9670  
 3526 9686 3356 9769 3312 9782 3219 9789 3082 9772 3021 9781 2827 9882  
 2761 9891 2706 9888 2264 9693 2104 9615 2009 9622 1765 9638            
H1 7    0    0    0    1    1 0507 0507                                 
P  752    1 1333 9900 0 0                                               
M 513773çÇíÀ                  2    2   12    2    0   44                
H2 1    2    3    2    0   24 0507 0507                                 
N  1 1    1    0 8125 1 3    1   -3    2    0    0    0    0    0    0  
N  1 1    2 664010000 1 3    3   -2   -1    0    0    0    0    0    0  
L  1 5    1     0    11    212320199999    90                           
    0 8125   13 8127  261 8196  272 8187  292 8183  321 8188  680 8298  
  770 8337  900 8373  949 8400 1000 8422 1067 8445 1126 8459 1244 8495  
 1304 8504 1412 8558 1458 8561 1589 8599 1633 8622 1678 8637 1725 8648  
 1775 8664 1824 8677 1887 8681 1955 8714 2008 8726 2051 8745 2087 8765  
 2212 8805 2385 8840 2577 8883 2631 8903 2665 8923 2709 8924 2766 8930  
 2965 8999 3108 9060 3201 9092 3397 9124 3445 9148 3502 9172 3615 9198  
 3640 9210 3662 9230 3679 9237 3716 9228 3763 9233 3826 9245 3915 9279  
 4007 9324 4045 9315 4112 9330 4278 9380 4335 9391 4439 9438 4467 9438  
 4532 9457 4557 9477 4584 9491 4635 9508 4689 9517 4741 9519 4804 9533  
 4870 9552 4954 9571 5085 9611 5194 9635 5292 9680 5332 9713 5331 9741  
 5333 9763 5340 9767 5371 9720 5395 9708 5427 9712 5457 9728 5484 9747  
 5550 9747 5854 9814 5884 9832 5891 9844 5899 9921 5915 9896 5931 9845  
 5955 9839 6168 9882 6231 9903 6443 9949 6581 9989 664010000            
L  1 9    2     9    11    218888823201     3                           
    0 8125    010000 664010000                                          
L  1 9    3     9    21    118888899999     5                           
 664010000100001000010000    0    0    0    0 8125                      
A  199999    1 5000 4872   2                                            
    1    3                                                              
A  123201    2 1557 9062   2                                            
    2   -1                                                              
H1 2    0    9    0    0   18 0507 0507                                 
L  2 2    1     0    00    00               4                           
 335910000 2791 9774 2381 9447 2311 9446                                
L  2 2    2     0    00    00               5                           
 1329 9530 1251 9481 1187 9469  839 9522  792 9518                      
L  2 4    3     0    00    00               3                           
 139410000 1349 9742 1329 9530                                          
L  2 5    4     0    00    00               3                           
 242210000 2415 9743 2311 9446                                          
L  2 2    5     0    00    00               5                           
 2311 9446 2004 9444 1697 9660 1555 9631 1329 9530                      
L  2 5    6     0    00    00               2                           
  74010000  792 9518                                                    
L  2 2    7     0    00    00               3                           
  792 9518  617 9502  413 9442                                          
L  2 2    8     0    00    00               4                           
  413 9442  307 9384  185 9243    0 9166                                
L  2 4    9     0    00    00               3                           
    0 9867  111 9723  413 9442                                          
M 513775                      3    2    7    2    0   31                
H2 1    2    3    2    0   20 0507 0507                                 
N  1 1    1 451010000 1 3    1    3    2    0    0    0    0    0    0  
N  1 1    210000 8456 1 3   -2   -1   -3    0    0    0    0    0    0  
L  1 5    1     0    11    212220299999    62                           
 451010000 4573 9981 4669 9960 4783 9943 4927 9931 5001 9921 5032 9910  
 5124 9890 5222 9861 5271 9843 5358 9825 5446 9799 5586 9763 5680 9731  
 5792 9678 5910 9631 6022 9602 6103 9565 6197 9550 6344 9514 6515 9457  
 6734 9399 6913 9334 7086 9311 7226 9272 7401 9204 7489 9197 7601 9158  
 7699 9110 7791 9087 7861 9058 7923 9056 8015 9019 8072 8992 8115 8977  
 8188 8945 8264 8916 8488 8867 8577 8855 8836 8776 8904 8750 8978 8732  
 9020 8716 9343 8617 9371 8608 9410 8604 9459 8602 9497 8598 9539 8589  
 9594 8579 9637 8565 9697 8544 9740 8532 9769 8530 9818 8516 9847 8507  
 9871 8500 9901 8508 9916 8505 9934 8497 9969 847610000 8456            
L  1 9    2     9    11    218888822202     3                           
 451010000100001000010000 8456                                          
L  1 9    3     9    11    219999988888     5                           
 451010000    010000    0    010000    010000 8456                      
A  199999    1 5000 5070   2                                            
    1   -3                                                              
A  122202    2 8670 9228   2                                            
    2   -1                                                              
H1 2    0    3    0    0    6 0507 0507                                 
L  2 5    1     0    00    00               3                           
 673610000 6748 9738 9504 9209                                          
L  2 5    2     0    00    00               3                           
 9504 9209 9724 9810 972110000                                          
L  2 5    3     0    00    00               2                           
 9504 920910000 9060                                                    
H1 5    0    1    0    0    2 0507 0507                                 
L  5 1    1     0    00    00               3                           
10000 9549 9510 9721 930910000                                          
M 513776ä|íÀ                  4    5   53    3    1  165                
H2 1    5    7    3    0   65 0507 0507                                 
N  1 1    1    0 8456 1 3    3    7    5    0    0    0    0    0    0  
N  1 2    2 3440 7637 0 2    1   -2    0    0    0    0    0    0    0  
N  1 1    3 325410000 1 3    6   -5   -1    0    0    0    0    0    0  
N  1 2    4 4140 6979 0 3    2   -3    4    0    0    0    0    0    0  
N  1 1    510000 8972 1 3   -6   -4   -7    0    0    0    0    0    0  
L  1 3    1     0    20    312220222211    24                           
 3440 7637 3418 8000 3272 7998 3255 8093 3219 8382 3215 8463 3229 8606  
 3225 8679 3230 8763 3224 8912 3225 9030 3234 9095 3245 9141 3265 9200  
 3285 9276 3294 9373 3297 9435 3284 9462 3229 9544 3219 9571 3217 9617  
 3224 9660 3240 9943 325410000                                          
L  1 3    2     1    40    202220222211     3                           
 4140 6979 3996 7428 3440 7637                                          
L  1 5    3     0    11    402220299999   191                           
    0 8456   58 8431   90 8427   96 8407  114 8347  134 8337  172 8330  
  216 8313  238 8301  249 8276  255 8239  275 8231  307 8226  318 8240  
  336 8268  352 8259  365 8220  390 8199  426 8184  433 8210  448 8228  
  476 8215  488 8165  499 8166  535 8162  557 8186  573 8186  583 8162  
  588 8152  617 8135  650 8125  669 8147  687 8143  687 8133  695 8112  
  736 8094  761 8089  765 8104  785 8102  805 8080  838 8049  845 8049  
  868 8070  886 8070  905 8039  911 8026  933 8012  956 8008  972 8004  
  983 8004 1009 7997 1017 7964 1023 7962 1044 7968 1057 7971 1062 7983  
 1072 7981 1083 7968 1081 7947 1122 7933 1137 7945 1146 7954 1157 7952  
 1163 7950 1170 7944 1179 7928 1196 7910 1205 7912 1214 7915 1230 7923  
 1254 7895 1256 7888 1273 7882 1292 7877 1307 7892 1317 7889 1337 7874  
 1345 7852 1364 7845 1372 7855 1381 7861 1392 7857 1408 7833 1412 7800  
 1418 7797 1448 7788 1469 7779 1483 7795 1493 7798 1500 7786 1498 7775  
 1500 7756 1525 7770 1535 7758 1550 7725 1560 7697 1553 7678 1533 7627  
 1559 7611 1588 7599 1606 7596 1614 7597 1615 7610 1626 7642 1644 7651  
 1667 7635 1689 7588 1722 7555 1766 7527 1768 7540 1779 7564 1801 7572  
 1843 7565 1862 7553 1870 7529 1891 7514 1913 7526 1949 7527 1992 7509  
 2006 7486 2011 7449 2009 7438 2018 7435 2058 7413 2081 7404 2098 7427  
 2136 7451 2159 7446 2163 7432 2161 7402 2162 7382 2182 7367 2218 7348  
 2266 7340 2297 7336 2327 7340 2353 7342 2371 7336 2390 7305 2397 7291  
 2405 7285 2411 7285 2424 7298 2435 7311 2459 7325 2495 7328 2525 7329  
 2569 7330 2596 7333 2616 7338 2655 7318 2675 7299 2686 7283 2696 7286  
 2721 7302 2740 7311 2776 7319 2822 7320 2888 7318 2921 7313 2953 7305  
 2997 7292 3050 7285 3098 7279 3140 7276 3193 7266 3251 7253 3306 7240  
 3351 7228 3407 7212 3462 7197 3505 7171 3511 7155 3527 7118 3575 7116  
 3616 7106 3645 7098 3689 7084 3745 7066 3790 7052 3825 7039 3858 7021  
 3870 7012 3893 6990 3930 6967 3948 6976 3986 6985 4042 6996 4086 7001  
 4119 6997 4140 6979                                                    
L  1 5    4     0    40    512221199999    71                           
 4140 6979 4146 6972 4191 6972 4273 6980 4327 6999 4354 7026 4382 7054  
 4416 7074 4464 7087 4505 7102 4536 7114 4571 7116 4608 7130 4636 7152  
 4657 7159 4694 7171 4755 7187 4816 7197 4857 7194 4900 7192 4943 7190  
 4951 7195 5119 7277 5202 7314 5307 7338 5353 7359 5379 7378 5449 7439  
 5574 7490 5690 7551 5771 7588 5852 7644 5933 7684 6164 7756 6260 7793  
 6444 7886 6634 7971 6855 8040 6960 8093 7179 8159 7430 8265 7548 8291  
 7642 8320 7730 8336 7754 8352 7865 8394 7946 8432 8005 8447 8023 8447  
 8125 8484 8217 8527 8324 8561 8379 8585 8488 8614 8681 8623 8718 8631  
 8827 8671 8875 8692 8965 8716 9113 8742 9233 8768 9279 8787 9384 8810  
 9465 8820 9535 8839 9614 8876 9625 8884 9686 8905 9780 8929 9856 8942  
10000 8972                                                              
L  1 9    5     9    11    318888822202     3                           
    0 8456    010000 325410000                                          
L  1 9    6     9    31    518888822211     3                           
 325410000100001000010000 8972                                          
L  1 9    7     9    11    519999988888     4                           
    0 8456    0    010000    010000 8972                                
A  199999    1 8297 7953   3                                            
    3    4   -7                                                         
A  122202    2 1608 8462   4                                            
    5   -1   -2   -3                                                    
A  122211    3 5673 8486   4                                            
    1    6   -4    2                                                    
H1 2    0   44    0    0   90 0507 0507                                 
L  2 4    1     0    00    00               2                           
 264810000 2561 9872                                                    
L  2 2    2     0    00    00               3                           
 1911 9796 1969 9310 1950 9115                                          
L  2 2    3     0    00    00               4                           
 1950 9115 2220 9034 2523 8991 2849 9016                                
L  2 4    4     0    00    00               2                           
 1950 9115 1882 8345                                                    
L  2 2    5     0    00    00               2                           
 188810000 1911 9796                                                    
L  2 5    6     0    00    00               2                           
  620 8901  724 9407                                                    
L  2 5    7     0    00    00               2                           
  620 8901  578 8697                                                    
L  2 5    8     0    00    00               3                           
 129310000 1430 9924 1684 9781                                          
L  2 5    9     0    00    00               2                           
 1684 9781 171610000                                                    
L  2 5   10     0    00    00               2                           
 1684 9781 1911 9796                                                    
L  2 5   11     0    00    00               4                           
  724 9407  669 9495  646 9695  517 9757                                
L  2 5   12     0    00    00               2                           
  724 9407 1557 9194                                                    
L  2 5   13     0    00    00               2                           
 1557 9194 1684 9781                                                    
L  2 5   14     0    00    00               2                           
 1557 9194 1950 9115                                                    
L  2 5   15     0    00    00               7                           
  578 8697  525 8543  519 8322 1038 8121 1336 7951 1423 7964 1477 8407  
L  2 5   16     0    00    00               2                           
  578 8697 1477 8407                                                    
L  2 5   17     0    00    00               2                           
 1477 8407 1557 9194                                                    
L  2 5   18     0    00    00               2                           
 1477 8407 1882 8345                                                    
L  2 5   19     0    00    00               3                           
 2688 8107 2688 7749 2584 7535                                          
L  2 5   20     0    00    00               4                           
 2688 8107 2791 8579 2861 8865 2849 9016                                
L  2 4   21     0    00    00               3                           
 2561 9872 2262 9804 1911 9796                                          
L  2 5   22     0    00    00               3                           
 2561 9872 2745 9867 2849 9016                                          
L  2 5   23     0    00    00              13                           
 392210000 3956 9180 4060 8880 4279 8522 4302 8407 4764 7964 4971 7821  
 5189 7850 5215 8053 5408 8214 5445 8590 5398 8751 5365 9023            
L  2 2   24     0    00    00               5                           
 5365 9023 5544 9005 5771 9030 6420 9316 6518 9370                      
L  2 5   25     0    00    00               3                           
 5365 9023 5329 9280 5329 9810                                          
L  2 5   26     0    00    00               5                           
 454410000 4635 9710 4687 9348 4750 9205 4895 9069                      
L  2 2   27     0    00    00               2                           
 4895 9069 5365 9023                                                    
L  2 5   28     0    00    00               7                           
 8136 8694 8159 8994 8125 9309 8228 9323 8217 9509 8090 9524 8071 9925  
L  2 5   29     0    00    00               2                           
 8071 9925 806810000                                                    
L  2 5   30     0    00    00               5                           
 8071 9925 7756 9924 6971 9824 6602 9810 6441 9853                      
L  2 5   31     0    00    00               2                           
 5329 9810 532810000                                                    
L  2 5   32     0    00    00               2                           
 644010000 6441 9853                                                    
L  2 5   33     0    00    00               3                           
 6441 9853 6126 9888 5329 9810                                          
L  2 5   34     0    00    00               3                           
 6441 9853 6440 9670 6518 9370                                          
L  2 5   35     0    00    00               2                           
 6518 9370 6764 8522                                                    
L  2 5   36     0    00    00               7                           
 1882 8345 2269 8306 2307 8179 2376 8078 2480 8050 2526 8150 2688 8107  
L  2 2   37     0    00    00               4                           
  54510000  533 9930  523 9819  517 9757                                
L  2 5   38     0    00    00               3                           
  517 9757  289 9867  16110000                                          
L  2 2   39     0    00    00              10                           
 1950 9115 1538 9231 1328 9310  827 9473  629 9549  590 9574  554 9609  
  530 9653  520 9698  517 9757                                          
L  2 2   40     0    00    00               2                           
 2849 9016 3125 9037                                                    
L  2 2   41     0    00    00               3                           
 4223 9120 4314 9127 4895 9069                                          
L  2 1   42     0    00    00               2                           
 3125 9037 4223 9120                                                    
L  2 5   43     0    00    00               3                           
    0 9060  219 8994  620 8901                                          
L  2 5   44     0    00    00               3                           
10000 9789 9220 9710 918510000                                          
H1 5    0    2    0    0    4 0507 0507                                 
L  5 1    1     0    00    00               6                           
 4146 6972 4010 7407 3591 7818 3477 9247 3768 9685 379110000            
L  5 1    2     0    00    00               4                           
   58 8431  341 8961  346 9360    0 9549                                
H1 7    0    0    0    1    2 0507 0507                                 
P  7 4    1 3591 7818 0 1                                               
01 3 3591 7818              00  ìVó≥êÏ                                  
M 513777                      3    6   15    4    0   63                
H2 1    6    9    4    0   48 0507 0507                                 
N  1 1    1    0 8972 1 3    5    9    8    0    0    0    0    0    0  
N  1 2    2 3177 9654 0 3   -3   -5    1    0    0    0    0    0    0  
N  1 2    3 7846 9465 0 3   -4   -1    2    0    0    0    0    0    0  
N  1 1    410000 9006 1 3   -7   -2   -9    0    0    0    0    0    0  
N  1 1    5 308710000 1 3    6   -8    3    0    0    0    0    0    0  
N  1 1    6 766310000 1 3    7   -6    4    0    0    0    0    0    0  
L  1 5    1     0    20    302221699999    48                           
 3177 9654 3195 9651 3269 9666 3295 9664 3387 9665 3551 9680 3736 9676  
 3843 9702 3906 9690 3981 9698 4040 9700 4068 9697 4149 9704 4247 9690  
 4382 9686 4476 9701 4640 9684 4797 9679 4880 9690 4899 9687 4973 9686  
 5050 9672 5189 9665 5502 9676 5585 9683 5613 9694 5698 9682 5783 9662  
 5903 9650 5975 9639 6058 9652 6156 9648 6241 9655 6298 9649 6309 9644  
 6479 9623 6619 9614 6812 9569 6889 9571 7094 9561 7168 9539 7277 9540  
 7377 9537 7471 9519 7609 9516 7685 9509 7840 9470 7846 9465            
L  1 5    2     0    30    412221399999    33                           
 7846 9465 7909 9451 8018 9439 8095 9443 8167 9410 8238 9399 8258 9404  
 8300 9406 8337 9384 8341 9379 8367 9368 8443 9348 8554 9301 8641 9268  
 8803 9242 8877 9241 8962 9227 9042 9218 9099 9218 9219 9160 9252 9157  
 9293 9145 9363 9139 9456 9128 9544 9100 9642 9085 9659 9077 9674 9074  
 9777 9076 9890 9021 9901 9015 9973 902610000 9006                      
L  1 3    3     0    51    202221622211     5                           
 308710000 3081 9982 3096 9941 3154 9727 3177 9654                      
L  1 3    4     0    61    302221322216     8                           
 766310000 7673 9945 7688 9902 7746 9820 7755 9801 7782 9674 7827 9546  
 7846 9465                                                              
L  1 5    5     0    11    202221199999    38                           
    0 8972   72 8982  186 9002  245 9007  334 9031  428 9068  835 9132  
  918 9147  944 9150 1005 9165 1029 9184 1123 9202 1296 9255 1425 9286  
 1458 9296 1543 9312 1619 9330 1805 9363 1857 9379 2013 9437 2006 9481  
 2011 9500 2072 9542 2085 9556 2311 9667 2376 9667 2439 9585 2522 9592  
 2541 9441 2626 9440 2622 9497 2670 9529 2760 9579 2856 9605 2871 9605  
 2917 9635 3140 9649 3177 9654                                          
L  1 9    6     9    51    618888822216     2                           
 308710000 766310000                                                    
L  1 9    7     9    61    418888822213     3                           
 766310000100001000010000 9006                                          
L  1 9    8     9    11    518888822211     3                           
    0 8972    010000 308710000                                          
L  1 9    9     9    11    419999988888     4                           
    0 8972    0    010000    010000 9006                                
A  199999    1 5062 9336   4                                            
    5    1    2   -9                                                    
A  122211    2 1004 9486   3                                            
    8    3   -5                                                         
A  122216    3 5461 9732   4                                            
   -3    6    4   -1                                                    
A  122213    4 8919 9502   3                                            
   -4    7   -2                                                         
H1 2    0    5    0    0   10 0507 0507                                 
L  2 2    1     0    00    00               4                           
10000 9821 9412 9901 9277 9942 915610000                                
L  2 5    2     0    00    00               3                           
 101310000 1043 9853  489 9838                                          
L  2 5    3     0    00    00               2                           
  46910000  489 9838                                                    
L  2 5    4     0    00    00               3                           
  489 9838  570 9652  581 9338                                          
L  2 5    5     0    00    00               2                           
  489 9838    0 9789                                                    
H1 5    0    1    0    0    2 0507 0507                                 
L  5 1    1     0    00    00               2                           
 2113 9570 202510000                                                    
