M 513870êÁïl                  4    6   32    4    1  111                
H2 1    6    9    4    0   54 0507 0507                                 
N  1 1    1    0 9006 1 3    1    6   -9    0    0    0    0    0    0  
N  1 2    2 6503 6682 0 3   -2   -1    5    0    0    0    0    0    0  
N  1 2    3 7002 8916 0 3   -4    2   -3    0    0    0    0    0    0  
N  1 1    4 861510000 1 3    8   -7    3    0    0    0    0    0    0  
N  1 1    5 711010000 1 3    7   -6    4    0    0    0    0    0    0  
N  1 1    610000 4927 1 3   -8   -5    9    0    0    0    0    0    0  
L  1 5    1     0    11    202221399999    71                           
    0 9006   28 9009  100 8999  198 8960  250 8941  277 8944  340 8920  
  401 8889  569 8852  606 8850  812 8806  910 8750  952 8729 1100 8706  
 1189 8680 1309 8652 1380 8612 1456 8580 1569 8560 1648 8539 1705 8518  
 1912 8466 2244 8358 2437 8282 2546 8245 2627 8224 2731 8203 2832 8167  
 3020 8085 3129 8051 3243 8027 3411 7945 3527 7911 3651 7883 3741 7849  
 3813 7795 3841 7782 3948 7764 4079 7728 4162 7683 4272 7635 4436 7583  
 4523 7548 4641 7477 4801 7392 4842 7379 4960 7358 5061 7313 5089 7316  
 5119 7314 5163 7279 5207 7253 5222 7239 5233 7223 5271 7194 5292 7194  
 5319 7156 5382 7146 5489 7112 5531 7094 5633 7065 5668 7052 5817 6983  
 5843 6967 5924 6944 6151 6854 6201 6833 6285 6788 6418 6730 6492 6692  
 6503 6682                                                              
L  1 3    2     0    30    202222322213    19                           
 7002 8916 6932 8904 6924 8894 6900 8839 6866 8656 6773 8503 6722 8290  
 6699 8203 6699 8122 6691 8003 6672 7884 6645 7679 6650 7655 6599 7403  
 6569 7271 6540 7100 6526 6822 6514 6725 6503 6682                      
L  1 3    3     0    41    302222322224    41                           
 861510000 8604 9997 8561 9932 8540 9875 8556 9754 8604 9703 8619 9679  
 8611 9617 8600 9568 8594 9487 8534 9370 8508 9300 8471 9291 8449 9283  
 8439 9194 8433 9081 8425 9021 8436 8983 8482 8965 8510 8949 8517 8919  
 8511 8809 8479 8698 8415 8524 8373 8535 8220 8598 8146 8622 8074 8664  
 8017 8691 7949 8731 7866 8770 7790 8788 7683 8795 7548 8781 7432 8758  
 7393 8755 7273 8775 7195 8783 7131 8801 7035 8900 7002 8916            
L  1 3    4     0    51    302222422213    18                           
 711010000 7107 9999 7081 9913 7074 9913 7007 9939 7005 9936 7007 9928  
 7028 9666 7018 9542 7038 9410 7032 9340 7043 9281 7068 9249 7077 9197  
 7068 9151 7075 9073 7008 8954 7002 8916                                
L  1 5    5     0    20    612222399999    22                           
 6503 6682 6586 6623 6621 6607 6733 6573 6851 6526 6969 6468 7074 6431  
 7362 6301 7502 6227 7878 6017 8103 5906 8355 5800 8724 5585 8884 5522  
 9024 5459 9299 5302 9599 5159 9721 5077 9809 5031 9944 4954 9979 4941  
10000 4927                                                              
L  1 9    6     9    11    518888822213     3                           
    0 9006    010000 711010000                                          
L  1 9    7     9    51    418888822224     2                           
 711010000 861510000                                                    
L  1 9    8     9    41    618888822223     3                           
 861510000100001000010000 4927                                          
L  1 9    9     9    61    118888899999     4                           
10000 492710000    0    0    0    0 9006                                
A  199999    1 5000 4428   3                                            
    1    5    9                                                         
A  122213    2 4505 8346   4                                            
    6    4    2   -1                                                    
A  122223    3 8307 7475   4                                            
   -2   -3    8   -5                                                    
A  122224    4 7752 9262   3                                            
   -4    7    3                                                         
H1 2    0   22    0    0   47 0507 0507                                 
L  2 4    1     0    00    00               7                           
 6678 8526 6720 8718 6716 8885 6741 9018 6734 9235 6842 9475 681710000  
L  2 2    2     0    00    00               5                           
 3784 8595 4481 8435 4978 8184 5445 8076 6523 7491                      
L  2 2    3     0    00    00               4                           
    0 9821  240 9762 1106 9339 1492 9202                                
L  2 3    4     0    00    00               4                           
 3784 8595 3821 9235 3813 9693 3845 9804                                
L  2 4    5     0    00    00               3                           
 6523 7491 6685 8176 6678 8526                                          
L  2 4    6     0    00    00               4                           
 6181 8653 6244 8860 6295 9328 633510000                                
L  2 4    7     0    00    00               9                           
 3845 9804 3953 9770 4165 9751 4608 9416 4908 9346 5131 9166 5183 9167  
 5245 9206 5393 9377                                                    
L  2 3    8     0    00    00               2                           
 164110000 1672 9972                                                    
L  2 4    9     0    00    00               5                           
 6181 8653 6420 8595 6576 8590 6632 8572 6678 8526                      
L  2 3   10     0    00    00               2                           
 387110000 3845 9804                                                    
L  2 3   11     0    00    00               4                           
 1672 9972 1806 9925 1884 9917 2413 9936                                
L  2 5   12     0    00    00               4                           
 1672 9972 1631 9886 1543 9559 1492 9202                                
L  2 2   13     0    00    00               5                           
 1492 9202 1995 9059 2287 8999 2721 8945 3784 8595                      
L  2 4   14     0    00    00               7                           
 5393 9377 5455 9412 5510 9406 5554 9371 5721 9068 5783 8986 6181 8653  
L  2 5   15     0    00    00               4                           
 5393 9377 5373 9559 5426 9733 558910000                                
L  2 5   16     0    00    00               2                           
 954210000 9533 9656                                                    
L  2 3   17     0    00    00               3                           
 9533 9656 9489 9708 913010000                                          
L  2 5   18     0    00    00               2                           
 235410000 2413 9936                                                    
L  2 3   19     0    00    00               6                           
 2413 9936 2845 9951 3092 9921 3427 9856 3735 9838 3845 9804            
L  2 2   20     0    00    00               6                           
 6523 7491 7128 7224 7681 7059 9096 6513 9705 610610000 6006            
L  2 3   21     0    00    00               6                           
10000 8650 9752 9030 9609 9281 9580 9365 9578 9520 9533 9656            
L  2 4   22     0    00    00              16                           
 6678 8526 6733 8488 6881 8484 7202 8377 7310 8167 7443 8022 7739 7807  
 8100 7764 8499 7752 8596 7730 8801 7638 9359 7674 9715 7807 9769 7789  
 9886 765310000 7661                                                    
H1 5    0    1    0    0    4 0507 0507                                 
L  5 1    1     0    00    00              15                           
 5163 7279 5246 7483 5261 7746 5269 8060 5314 8280 5491 8675 5480 8974  
 5405 9152 5299 9302 5199 9366 4916 9456 4845 9490 4776 9599 4800 9753  
 496110000                                                              
H1 7    0    0    0    1    2 0507 0507                                 
P  7 4    1 5269 8060 0 1                                               
01 2 5269 8060              00  ãeêÏ                                    
M 513871å‰ëOçË                3    7   58    5    3  214                
H2 1    7    9    5    0   85 0507 0507                                 
N  1 1    1    0 4927 1 3    6   -9    8    0    0    0    0    0    0  
N  1 2    2 6738 4076 0 3    1    3   -6    0    0    0    0    0    0  
N  1 1    3 606410000 1 3    9   -7   -1    0    0    0    0    0    0  
N  1 1    4 457010000 1 3    7   -8    2    0    0    0    0    0    0  
N  1 2    5 3981 4507 0 2   -2   -3    0    0    0    0    0    0    0  
N  1 2    6 7664 4761 0 2    4   -4    0    0    0    0    0    0    0  
N  1 2    7 8106 3138 0 2    5   -5    0    0    0    0    0    0    0  
L  1 5    1     0    20    312242299999    58                           
 6738 4076 6703 4194 6663 4343 6695 4386 6697 4416 6675 4448 6649 4515  
 6636 4518 6603 4552 6564 4587 6531 4660 6524 4665 6471 4789 6443 4818  
 6421 4829 6395 4850 6466 5040 6453 5058 6392 4904 6305 4974 6313 5004  
 6285 5060 6344 5101 6346 5106 6357 5114 6343 5144 6395 5204 6376 5222  
 6356 5252 6242 5172 6168 5329 6091 5276 5995 5465 5938 5605 5861 5869  
 5819 6001 5794 6127 5758 6356 5727 6502 5698 6793 5686 6955 5683 7184  
 5687 7321 5700 7381 5695 7437 5692 7583 5724 7923 5747 8098 5777 8271  
 5796 8427 5801 8573 5820 8816 5839 8986 5881 9266 5903 9374 5980 9637  
 6029 9890 606410000                                                    
L  1 3    2     0    41    502242222223   104                           
 457010000 4618 9976 4662 9970 4718 9976 4769 9971 4834 9920 4854 9888  
 4869 9823 4879 9740 4896 9681 4929 9605 4903 9551 4884 9468 4880 9435  
 4893 9373 4902 9355 4902 9346 4885 9287 4859 9233 4842 9222 4829 9192  
 4789 9157 4746 9132 4718 9100 4713 9086 4731 9068 4775 9041 4784 8984  
 4817 8879 4823 8874 4830 8828 4861 8831 4891 8802 4885 8740 4864 8624  
 4857 8602 4829 8572 4764 8539 4716 8507 4677 8415 4638 8274 4636 8274  
 4634 8253 4604 8166 4571 8118 4504 8050 4452 7977 4398 7941 4239 7816  
 4224 7770 4242 7663 4246 7655 4192 7625 4125 7584 4027 7489 4003 7437  
 4004 7354 3982 7254 3965 7243 3941 7205 3937 7181 3911 7129 3859 7091  
 3844 7059 3809 7013 3763 6921 3742 6891 3736 6805 3751 6791 3745 6732  
 3723 6710 3723 6694 3732 6656 3771 6579 3787 6530 3770 6463 3720 6354  
 3696 6276 3701 6246 3688 6136 3691 6079 3674 5985 3683 5880 3677 5810  
 3708 5718 3732 5667 3780 5667 3836 5678 3882 5636 3911 5603 3920 5577  
 3920 5493 3877 5288 3856 5156 3818 4953 3831 4840 3838 4810 3845 4724  
 3843 4635 3831 4419 3835 4436 3922 4501 3972 4509 3981 4507            
L  1 3    3     0    20    502222322422    65                           
 6738 4076 6692 4041 6612 4000 6581 3994 6514 3991 6429 4009 6318 4025  
 6311 4033 6309 3974 6323 3852 6320 3850 6249 3841 6170 3838 6052 3840  
 5932 3858 5836 3876 5745 3903 5526 4004 5518 4020 5537 4034 5576 4039  
 5616 4021 5664 4029 5670 4042 5659 4083 5563 4139 5556 4158 5552 4198  
 5534 4217 5464 4235 5447 4273 5466 4303 5462 4316 5416 4381 5348 4453  
 5328 4431 5280 4439 5080 4503 5025 4513 5025 4527 5042 4567 5070 4602  
 5070 4613 5051 4637 4974 4623 4946 4647 4850 4641 4737 4641 4687 4667  
 4678 4675 4634 4624 4604 4597 4597 4599 4582 4591 4561 4564 4456 4466  
 4389 4428 4339 4431 4337 4436 4313 4449 4284 4460 4147 4440 4077 4453  
 4042 4467 3981 4507                                                    
L  1 5    4     0    60    602222399999    10                           
 7664 4761 7080 4210 7126 4143 7058 4081 7135 3954 7326 4117 7779 3826  
 7953 4291 7929 4313 7664 4761                                          
L  1 5    5     0    70    702222399999     9                           
 8106 3138 8141 3098 8137 3082 8187 3014 8194 3025 8209 3004 8209 3074  
 8165 3133 8106 3138                                                    
L  1 5    6     0    11    202222399999   121                           
    0 4927    1 4924   40 4914  239 4804  366 4719  523 4620  626 4532  
  711 4484  790 4457  895 4399  991 4364 1100 4351 1196 4349 1205 4339  
 1218 4277 1269 4196 1345 4124 1435 4046 1522 3960 1617 3888 1724 3813  
 1802 3763 1912 3699 2023 3643 2235 3498 2532 3374 2986 3198 3087 3153  
 3130 3129 3329 3044 3733 2901 3914 2808 4135 2682 4279 2602 4502 2466  
 4548 2429 4629 2381 4758 2311 4795 2295 4852 2258 4887 2239 4928 2202  
 4957 2154 5020 2095 5202 1961 5337 1873 5416 1798 5484 1723 5565 1656  
 5606 1640 5704 1632 5937 1642 6066 1667 6177 1684 6262 1684 6369 1671  
 6414 1669 6648 1633 6698 1627 6835 1591 6929 1556 7058 1519 7174 1479  
 7289 1431 7392 1378 7571 1263 7606 1237 7709 1172 7814 1116 7932 1087  
 8019 1080 8056 1083 8121 1051 8263  963 8357  961 8390  966 8420 1004  
 8446 1010 8513 1056 8585 1113 8639 1173 8720 1294 8858 1468 8902 1560  
 8957 1792 8974 1887 8976 1924 8987 2003 9006 2081 9004 2094 8984 2143  
 8923 2156 8821 2153 8677 2160 8555 2186 8470 2223 8441 2242 8363 2279  
 8293 2330 8266 2343 8248 2473 7985 2450 7948 2476 8008 2620 7932 2668  
 7867 2532 7672 2682 7617 2768 7795 2950 7824 3298 7789 3349 7570 3127  
 7320 3519 7151 3364 7113 3428 7281 3583 6967 4104 6800 3952 6784 3982  
 6764 3990 6738 4076                                                    
L  1 9    7     9    41    318888822422     2                           
 457010000 606410000                                                    
L  1 9    8     9    11    418888822223     3                           
    0 4927    010000 457010000                                          
L  1 9    9     9    31    118888899999     5                           
 606410000100001000010000    0    0    0    0 4927                      
A  199999    1 8009 5421   7                                            
    6    1    9    0    5    0    4                                     
A  122223    2 1960 5578   4                                            
    8    2   -3   -6                                                    
A  122422    3 4716 6890   4                                            
    3   -2    7   -1                                                    
A  122223    4 7559 4290   1                                            
   -4                                                                   
A  122223    5 8177 3072   1                                            
   -5                                                                   
H1 2    0   49    0    0  121 0507 0507                                 
L  2 3    1     0    00    00               3                           
  516 7449  549 7795  550 7972                                          
L  2 4    2     0    00    00               3                           
 2867 5401 3264 5411 3465 5369                                          
L  2 2    3     0    00    00               2                           
 4838 4989 5021 5148                                                    
L  2 2    4     0    00    00               7                           
 5712 5798 5802 5855 5819 5911 5674 6781 5657 7264 5745 8362 5736 9212  
L  2 2    5     0    00    00               5                           
 4342 4389 4489 4460 4604 4597 4768 4893 4838 4989                      
L  2 2    6     0    00    00               7                           
  291 5935 1360 5504 1610 5207 1898 4975 2268 4742 2516 4628 2859 4544  
L  2 2    7     0    00    00               2                           
 2859 4544 3290 4452                                                    
L  2 3    8     0    00    00               8                           
  291 5935  301 6116  326 6175  423 6250  447 6312  444 6460  496 6984  
  516 7449                                                              
L  2 4    9     0    00    00               8                           
 5736 9212 5622 9223 5531 9195 5461 9136 5374 9024 5161 8908 5085 8900  
 5022 8834                                                              
L  2 4   10     0    00    00              12                           
 4342 4389 4347 4289 4372 4259 4492 4215 4538 4153 4550 4032 4608 3974  
 4666 3847 4739 3748 4787 3636 4783 3449 4873 3208                      
L  2 4   11     0    00    00               3                           
 4353 4998 4315 4729 4342 4389                                          
L  2 4   12     0    00    00              19                           
 6527 2826 6592 2845 6728 2814 6911 2739 7192 2520 7410 2162 7573 2015  
 7888 1879 7941 1840 8020 1624 8005 1424 8043 1348 8482 1277 8491 1261  
 8480 1207 8494 1203 8557 1244 8819 1646 8924 1949                      
L  2 4   13     0    00    00               6                           
  550 7972  687 8197  755 8371 1200 8733 1599 9266 170710000            
L  2 4   14     0    00    00               6                           
 2867 5401 2865 5259 2840 5057 2893 4847 2896 4769 2859 4544            
L  2 4   15     0    00    00               5                           
  516 7449  665 7445  771 7420  810 7392  968 7359                      
L  2 4   16     0    00    00               3                           
 4353 4998 4722 4977 4838 4989                                          
L  2 4   17     0    00    00               5                           
 5712 5798 5781 5564 5979 5158 6093 4867 6134 4848                      
L  2 4   18     0    00    00              10                           
  968 7359 1377 6658 1437 6615 1415 6194 1660 5990 2343 5519 2433 5477  
 2666 5451 2758 5417 2867 5401                                          
L  2 3   19     0    00    00               8                           
  550 7972  624 7931  703 7917  894 7811 1009 7801 1067 7776 1110 7733  
 1198 7302                                                              
L  2 4   20     0    00    00               2                           
 1198 7302  968 7359                                                    
L  2 2   21     0    00    00               3                           
 5736 9212 5746 9473 590510000                                          
L  2 2   22     0    00    00               2                           
 5242 5322 4900 5810                                                    
L  2 2   23     0    00    00               3                           
 5021 5148 5483 5641 5712 5798                                          
L  2 2   24     0    00    00               6                           
 509410000 5056 9597 5044 9386 4971 8681 4928 8545 4849 8352            
L  2 2   25     0    00    00               8                           
 4900 5810 4915 5737 5076 5502 5125 5399 5137 5337 5105 5287 5035 5199  
 5021 5148                                                              
L  2 2   26     0    00    00              15                           
 4849 8352 4795 8224 4730 8010 4678 7777 4614 7375 4602 7224 4619 7052  
 4657 6917 4750 6660 4772 6552 4778 6443 4795 6205 4835 5961 4874 5860  
 4900 5810                                                              
L  2 2   27     0    00    00               5                           
 4849 8352 4899 8413 4991 8647 5020 8782 5022 8834                      
L  2 4   28     0    00    00              12                           
 5022 8834 4916 8722 4843 8734 4732 8693 4637 8696 4560 8664 4456 8655  
 4307 8581 4065 8324 3925 8253 3806 8228 3535 8117                      
L  2 5   29     0    00    00               2                           
 372810000 3681 9870                                                    
L  2 4   30     0    00    00               3                           
 3535 8117 3443 7909 3276 7770                                          
L  2 4   31     0    00    00              13                           
 3276 7770 3026 7563 2750 7414 2318 7648 2144 7785 2065 7789 2000 7706  
 1812 7657 1682 7587 1563 7491 1459 7344 1265 7291 1198 7302            
L  2 5   32     0    00    00               9                           
 3276 7770 3150 8048 2917 8364 2812 8697 2826 9177 3077 9545 3143 9701  
 3276 9848 3681 9870                                                    
L  2 5   33     0    00    00              13                           
 3681 9870 3632 9351 3653 9264 3615 9156 3646 9030 3618 8952 3660 8822  
 3583 8701 3625 8532 3548 8433 3552 8290 3521 8229 3535 8117            
L  2 5   34     0    00    00              12                           
 3276 7770 3354 7570 3341 7476 2908 7230 2863 7120 2876 6930 2952 6630  
 2959 6519 2914 6345 2844 6021 2825 5720 2867 5401                      
L  2 4   35     0    00    00               5                           
 3465 5369 3661 5329 3802 5240 3995 5191 4353 4998                      
L  2 5   36     0    00    00               4                           
 3465 5369 3431 5151 3303 4827 3290 4452                                
L  2 2   37     0    00    00               2                           
 3290 4452 3383 4432                                                    
L  2 2   38     0    00    00               3                           
 3383 4432 4235 4367 4342 4389                                          
L  2 5   39     0    00    00               8                           
 3383 4432 3411 4250 3603 3823 3826 3689 4164 3459 4559 3325 4770 3206  
 4873 3208                                                              
L  2 4   40     0    00    00               6                           
 4873 3208 4944 3125 5050 3112 5188 3019 5933 2812 6006 2810            
L  2 4   41     0    00    00              12                           
 6134 4848 6163 4709 6185 4667 6258 4583 6324 4155 6345 3879 6403 3396  
 6389 3278 6362 3204 6369 3099 6459 2870 6527 2826                      
L  2 5   42     0    00    00              13                           
 6134 4848 6210 4867 6310 4683 6601 4353 6756 3777 6842 3600 7443 2601  
 7573 2440 7970 2125 8317 2079 8602 1963 8819 1925 8924 1949            
L  2 4   43     0    00    00              19                           
 8924 1949 8943 1837 8921 1713 8846 1498 8597 1154 8402 1038 8306 1049  
 8104 1154 7862 1186 7734 1237 7493 1422 7177 1561 6872 1643 6705 1709  
 6467 1765 6345 1769 6056 1875 5883 1857 5793 1873                      
L  2 4   44     0    00    00               3                           
 6006 2810 6454 2795 6527 2826                                          
L  2 5   45     0    00    00               4                           
 6006 2810 5987 2549 5882 2234 5793 1873                                
L  2 4   46     0    00    00              22                           
 5793 1873 5652 1899 5298 2131 5155 2284 4871 2515 4673 2613 4410 2705  
 4190 2820 3954 2927 3832 3059 3597 3101 3394 3208 3065 3509 3049 3653  
 2990 3748 2928 3797 2804 3819 2731 3816 2773 4066 2840 4191 2845 4441  
 2859 4544                                                              
L  2 2   47     0    00    00               2                           
    0 6006  291 5935                                                    
L  2 3   48     0    00    00               5                           
  550 7972  393 8123  351 8214    1 8648    0 8650                      
L  2 4   49     0    00    00               5                           
    0 7661   57 7665  187 7475  241 7448  516 7449                      
H1 7    0    0    0    3    5 0507 0507                                 
P  7 6    1 8667 2000 0 1                                               
01 3 8667 2000              00  å‰ëOçË                                  
P  7 1    2  667 8000 0 1                                               
01 4  667 8000              00  å‰ëOçËés                                
P  752    3  488 6166 0 0                                               
M 513876êŒòLçË                3   36   98   36    2  600                
H2 1   36   37   36    0  433 0507 0507                                 
N  1 2    1 9862 3622 0 2    1   -1    0    0    0    0    0    0    0  
N  1 2    2 8869 2426 0 2    2   -2    0    0    0    0    0    0    0  
N  1 2    3 8920 2340 0 2    3   -3    0    0    0    0    0    0    0  
N  1 2    4 9036 2309 0 2    4   -4    0    0    0    0    0    0    0  
N  1 2    5 9182 3081 0 2    5   -5    0    0    0    0    0    0    0  
N  1 2    6 8972 2698 0 2    6   -6    0    0    0    0    0    0    0  
N  1 2    7 9216 2657 0 2    7   -7    0    0    0    0    0    0    0  
N  1 2    8 9470 2492 0 2    8   -8    0    0    0    0    0    0    0  
N  1 2    9 5462 3302 0 2    9   -9    0    0    0    0    0    0    0  
N  1 2   10 5061 3371 0 2   10  -10    0    0    0    0    0    0    0  
N  1 2   11 5287 3086 0 2   11  -11    0    0    0    0    0    0    0  
N  1 2   12 5619 2878 0 2   12  -12    0    0    0    0    0    0    0  
N  1 2   13 5139 3463 0 2   13  -13    0    0    0    0    0    0    0  
N  1 2   14 6433 2251 0 2   14  -14    0    0    0    0    0    0    0  
N  1 2   15 6593 2020 0 2   15  -15    0    0    0    0    0    0    0  
N  1 2   16 6325 2150 0 2   16  -16    0    0    0    0    0    0    0  
N  1 2   17 6049 2377 0 2   17  -17    0    0    0    0    0    0    0  
N  1 2   18 5995 3037 0 2   18  -18    0    0    0    0    0    0    0  
N  1 2   19 6184 2579 0 2   19  -19    0    0    0    0    0    0    0  
N  1 2   20 6010 2950 0 2   20  -20    0    0    0    0    0    0    0  
N  1 2   21 6010 2506 0 2   21  -21    0    0    0    0    0    0    0  
N  1 2   22 7418 1809 0 2   22  -22    0    0    0    0    0    0    0  
N  1 2   23 7405 1918 0 2   23  -23    0    0    0    0    0    0    0  
N  1 2   24 6863 2074 0 2   24  -24    0    0    0    0    0    0    0  
N  1 2   25 2704 9462 0 2   25  -25    0    0    0    0    0    0    0  
N  1 2   26 1964 8116 0 2   26  -26    0    0    0    0    0    0    0  
N  1 2   27 1937 7328 0 2   27  -27    0    0    0    0    0    0    0  
N  1 2   28 2025 8298 0 2   28  -28    0    0    0    0    0    0    0  
N  1 2   29 2582 8724 0 2   29  -29    0    0    0    0    0    0    0  
N  1 2   30 2943 6137 0 2   30  -30    0    0    0    0    0    0    0  
N  1 2   31 3274 6099 0 2   31  -31    0    0    0    0    0    0    0  
N  1 2   32 3262 6208 0 2   32  -32    0    0    0    0    0    0    0  
N  1 2   33 3620 4316 0 2   33  -33    0    0    0    0    0    0    0  
N  1 2   34 3679 4163 0 2   34  -34    0    0    0    0    0    0    0  
N  1 1   35 242210000 1 3   35  -36   37    0    0    0    0    0    0  
N  1 1   3610000 3715 1 3  -37  -35   36    0    0    0    0    0    0  
L  1 5    1     0    10    102230499999    16                           
 9862 3622 9880 3595 9893 3584 9915 3585 9921 3595 9916 3639 9910 3649  
 9904 3701 9896 3728 9886 3736 9878 3733 9864 3709 9868 3695 9860 3665  
 9868 3633 9862 3622                                                    
L  1 5    2     0    20    202230499999    10                           
 8869 2426 8873 2404 8891 2399 8903 2451 8895 2453 8875 2467 8863 2466  
 8855 2464 8851 2445 8869 2426                                          
L  1 5    3     0    30    302230499999    16                           
 8920 2340 8926 2337 8934 2340 8936 2367 8925 2375 8958 2356 8960 2365  
 8951 2408 8937 2416 8911 2424 8901 2421 8901 2402 8897 2388 8905 2372  
 8916 2340 8920 2340                                                    
L  1 5    4     0    40    402230499999    16                           
 9036 2309 9036 2311 9020 2346 9010 2354 8990 2354 8980 2351 8978 2338  
 8984 2324 8996 2311 9012 2273 9022 2262 9026 2241 9037 2238 9046 2246  
 9044 2287 9036 2309                                                    
L  1 5    5     0    50    502230499999    14                           
 9182 3081 9184 3082 9182 3092 9168 3095 9158 3103 9146 3076 9152 3043  
 9160 3030 9168 3025 9178 3025 9184 3030 9186 3046 9182 3063 9182 3081  
L  1 5    6     0    60    602230499999    34                           
 8972 2698 8974 2698 8974 2684 8980 2673 8990 2630 8994 2625 8998 2609  
 9004 2601 9016 2598 9022 2609 9024 2628 9018 2685 9026 2682 9032 2660  
 9040 2652 9044 2633 9052 2617 9058 2615 9064 2623 9064 2644 9060 2672  
 9054 2715 9042 2744 9017 2825 9001 2825 9001 2795 8993 2790 8989 2774  
 8993 2755 8999 2741 9004 2722 8990 2714 8986 2709 8972 2698            
L  1 5    7     0    70    702230499999    11                           
 9216 2657 9216 2681 9210 2692 9194 2692 9192 2684 9199 2632 9209 2608  
 9219 2603 9229 2608 9229 2619 9216 2657                                
L  1 5    8     0    80    802230499999    13                           
 9470 2492 9474 2484 9484 2473 9494 2473 9524 2479 9524 2482 9526 2503  
 9518 2511 9502 2517 9494 2525 9478 2533 9470 2527 9470 2492            
L  1 5    9     0    90    902230499999    13                           
 5462 3302 5460 3299 5458 3323 5444 3345 5436 3345 5430 3342 5426 3331  
 5424 3285 5429 3272 5431 3269 5451 3264 5455 3275 5462 3302            
L  1 5   10     0   100   1002230499999    15                           
 5061 3371 5063 3362 5075 3349 5079 3330 5106 3317 5114 3317 5131 3336  
 5133 3350 5131 3388 5113 3398 5103 3395 5093 3390 5081 3398 5059 3395  
 5061 3371                                                              
L  1 5   11     0   110   1102230499999    16                           
 5287 3086 5293 3089 5303 3086 5315 3124 5313 3138 5323 3149 5321 3162  
 5315 3168 5303 3165 5297 3159 5293 3151 5277 3148 5257 3137 5255 3132  
 5265 3110 5287 3086                                                    
L  1 5   12     0   120   1202230499999    16                           
 5619 2878 5617 2873 5621 2859 5629 2860 5651 2879 5669 2882 5671 2892  
 5669 2920 5661 2928 5651 2944 5639 2944 5633 2938 5631 2919 5625 2908  
 5625 2889 5619 2878                                                    
L  1 5   13     0   130   1302230499999    37                           
 5139 3463 5131 3452 5141 3423 5141 3401 5151 3369 5153 3347 5160 3331  
 5162 3315 5174 3282 5176 3261 5194 3196 5193 3174 5207 3158 5229 3158  
 5235 3153 5251 3156 5289 3173 5299 3186 5313 3216 5306 3246 5296 3265  
 5286 3270 5278 3281 5258 3291 5248 3302 5250 3329 5260 3335 5247 3378  
 5239 3394 5227 3451 5211 3478 5207 3491 5199 3499 5187 3494 5167 3480  
 5163 3469 5139 3463                                                    
L  1 5   14     0   140   1402230499999    16                           
 6433 2251 6447 2251 6451 2265 6459 2278 6459 2295 6443 2305 6439 2311  
 6426 2316 6420 2335 6410 2335 6388 2310 6384 2296 6389 2280 6399 2272  
 6421 2272 6433 2251                                                    
L  1 5   15     0   150   1502230499999    16                           
 6593 2020 6603 2025 6610 2050 6604 2074 6608 2077 6604 2096 6606 2109  
 6602 2115 6578 2125 6566 2122 6560 2090 6574 2077 6572 2066 6572 2052  
 6587 2033 6593 2020                                                    
L  1 5   16     0   160   1602230499999    12                           
 6325 2150 6343 2155 6351 2166 6351 2199 6335 2239 6325 2244 6308 2271  
 6294 2268 6285 2222 6287 2201 6305 2174 6325 2150                      
L  1 5   17     0   170   1702230499999    51                           
 6049 2377 6055 2355 6066 2347 6068 2320 6080 2309 6092 2277 6108 2253  
 6108 2234 6120 2221 6131 2191 6137 2183 6139 2167 6151 2161 6159 2161  
 6185 2145 6191 2132 6208 2062 6220 2056 6222 2032 6224 2029 6230 2011  
 6234 2008 6272 2071 6267 2100 6271 2106 6271 2122 6263 2135 6261 2152  
 6251 2181 6253 2189 6243 2222 6245 2241 6234 2252 6236 2273 6230 2287  
 6230 2303 6220 2335 6220 2349 6202 2389 6189 2411 6149 2416 6119 2456  
 6109 2480 6107 2499 6095 2502 6079 2496 6055 2463 6059 2407 6065 2404  
 6057 2396 6049 2377                                                    
L  1 5   18     0   180   1802230499999    14                           
 5995 3037 5977 3050 5963 3053 5949 3044 5941 3020 5939 3004 5947 2985  
 5960 2966 5972 2971 5973 2980 5983 2988 5985 3001 5989 3010 5995 3037  
L  1 5   19     0   190   1902230499999    10                           
 6184 2579 6182 2557 6187 2530 6195 2495 6225 2487 6227 2514 6221 2557  
 6206 2592 6194 2595 6184 2579                                          
L  1 5   20     0   200   2002230499999    13                           
 6010 2950 6012 2948 6020 2950 6026 2959 6046 2961 6048 2972 6028 2996  
 6013 2999 6006 2985 5998 2977 5994 2966 6000 2956 6010 2950            
L  1 5   21     0   210   2102230499999    10                           
 6010 2506 6021 2493 6041 2477 6051 2474 6061 2480 6067 2504 6062 2526  
 6046 2531 6020 2523 6010 2506                                          
L  1 5   22     0   220   2202230499999    13                           
 7418 1809 7436 1818 7438 1834 7455 1848 7455 1861 7437 1864 7429 1869  
 7421 1869 7399 1855 7391 1844 7391 1825 7404 1815 7418 1809            
L  1 5   23     0   230   2302230499999    14                           
 7405 1918 7409 1907 7413 1904 7441 1904 7465 1902 7469 1910 7469 1964  
 7463 1980 7450 2013 7438 2015 7433 1977 7439 1934 7407 1928 7405 1918  
L  1 5   24     0   240   2402230499999    10                           
 6863 2074 6877 2072 6885 2077 6879 2123 6873 2131 6848 2150 6838 2150  
 6832 2133 6847 2079 6863 2074                                          
L  1 5   25     0   250   2502230499999    13                           
 2704 9462 2714 9432 2726 9418 2736 9419 2738 9438 2728 9475 2730 9497  
 2705 9537 2701 9543 2693 9543 2689 9534 2694 9480 2704 9462            
L  1 5   26     0   260   2602230499999    19                           
 1964 8116 1963 8100 1963 8078 1971 8076 1981 8079 1991 8098 1995 8063  
 2005 8065 2011 8076 2011 8128 2016 8144 2010 8168 2008 8212 1992 8211  
 1986 8192 1992 8155 1992 8138 1974 8127 1964 8116                      
L  1 5   27     0   270   2702230499999    19                           
 1937 7328 1945 7312 1940 7301 1956 7274 1970 7245 1982 7245 1990 7250  
 1998 7261 1994 7267 1996 7294 1994 7318 1987 7329 1987 7348 1973 7353  
 1961 7377 1955 7383 1939 7372 1933 7358 1937 7328                      
L  1 5   28     0   280   2802230499999    17                           
 2025 8298 2032 8269 2046 8247 2060 8242 2072 8242 2082 8237 2092 8234  
 2110 8248 2116 8261 2114 8275 2108 8294 2083 8323 2069 8334 2051 8334  
 2035 8323 2027 8309 2025 8298                                          
L  1 5   29     0   290   2902230499999    18                           
 2582 8724 2584 8716 2596 8697 2597 8678 2609 8651 2631 8627 2639 8627  
 2667 8676 2667 8700 2660 8714 2642 8784 2624 8830 2612 8838 2600 8832  
 2586 8813 2582 8794 2584 8727 2582 8724                                
L  1 5   30     0   300   3002230499999    13                           
 2943 6137 2963 6137 2969 6153 2975 6159 2979 6169 2977 6188 2969 6202  
 2955 6202 2933 6201 2929 6177 2941 6158 2935 6139 2943 6137            
L  1 5   31     0   310   3102230499999    11                           
 3274 6099 3276 6105 3288 6105 3296 6108 3306 6130 3282 6170 3254 6178  
 3252 6167 3254 6132 3262 6126 3274 6099                                
L  1 5   32     0   320   3202230499999    12                           
 3262 6208 3266 6191 3280 6186 3294 6162 3308 6154 3312 6165 3318 6173  
 3318 6224 3301 6235 3275 6243 3269 6235 3262 6208                      
L  1 5   33     0   330   3302230499999    18                           
 3620 4316 3622 4316 3620 4311 3618 4300 3628 4292 3650 4292 3662 4298  
 3670 4314 3678 4322 3680 4341 3670 4344 3646 4346 3644 4349 3632 4354  
 3622 4351 3620 4333 3622 4319 3620 4316                                
L  1 5   34     0   340   3402230499999    23                           
 3679 4163 3687 4157 3701 4138 3746 4117 3750 4101 3756 4093 3764 4096  
 3768 4118 3774 4131 3774 4142 3779 4153 3781 4169 3777 4196 3767 4210  
 3761 4245 3749 4253 3741 4255 3725 4247 3715 4212 3709 4206 3689 4198  
 3681 4176 3679 4163                                                    
L  1 5   35     0   351   3612230499999  1300                           
 242210000 2426 9997 2418 9949 2410 9927 2412 9908 2403 9886 2409 9870  
 2401 9846 2407 9816 2415 9802 2429 9805 2441 9803 2453 9770 2423 9743  
 2432 9724 2434 9700 2448 9675 2460 9665 2474 9649 2488 9646 2490 9641  
 2504 9641 2512 9660 2536 9676 2542 9674 2562 9685 2570 9698 2586 9709  
 2614 9739 2638 9732 2660 9691 2659 9670 2673 9656 2677 9632 2683 9618  
 2683 9599 2691 9581 2697 9554 2715 9546 2734 9543 2742 9524 2746 9522  
 2762 9522 2772 9530 2784 9533 2786 9565 2793 9584 2825 9585 2835 9601  
 2860 9582 2862 9577 2860 9561 2862 9544 2862 9528 2866 9520 2878 9515  
 2888 9501 2894 9501 2904 9507 2904 9520 2912 9531 2906 9548 2902 9545  
 2910 9561 2922 9553 2934 9556 2950 9562 2950 9583 2938 9621 2927 9626  
 2923 9632 2897 9650 2895 9669 2891 9707 2909 9696 2921 9678 2927 9675  
 2933 9664 2949 9664 2957 9651 2982 9646 2994 9635 3008 9641 3030 9635  
 3026 9662 2959 9719 2949 9740 2953 9746 2983 9741 2989 9730 3009 9727  
 3025 9722 3033 9730 3029 9757 3051 9733 3057 9720 3069 9714 3085 9733  
 3089 9755 3091 9823 3101 9842 3096 9861 3114 9877 3086 9923 3104 9937  
 3190 9981 3264 9984 3316 9971 3383 9934 3409 9913 3409 9902 3403 9875  
 3409 9864 3415 9861 3423 9845 3441 9851 3454 9843 3456 9819 3450 9786  
 3426 9799 3410 9799 3404 9788 3410 9753 3426 9742 3442 9740 3464 9746  
 3470 9724 3486 9697 3481 9664 3483 9659 3477 9640 3477 9618 3485 9597  
 3471 9586 3449 9575 3431 9583 3409 9615 3391 9626 3365 9623 3365 9596  
 3369 9579 3369 9563 3381 9539 3397 9523 3421 9507 3430 9493 3446 9485  
 3452 9467 3464 9456 3464 9450 3454 9437 3444 9442 3436 9458 3432 9461  
 3412 9453 3418 9436 3432 9420 3436 9412 3456 9391 3472 9394 3486 9402  
 3507 9348 3511 9294 3517 9278 3519 9243 3530 9218 3550 9208 3592 9213  
 3596 9189 3594 9181 3580 9167 3560 9140 3562 9118 3576 9105 3603 9092  
 3611 9081 3603 9051 3591 9029 3587 9029 3565 9045 3521 9023 3515 9010  
 3499 9004 3491 8966 3485 8952 3463 8963 3447 8963 3437 8936 3419 8925  
 3524 8804 3504 8777 3468 8738 3422 8787 3398 8767 3370 8794 3344 8816  
 3319 8821 3276 8799 3259 8809 3239 8817 3227 8869 3173 8882 3151 8873  
 3129 8876 3114 8903 3114 8908 3092 8948 3078 8962 3072 8978 3064 8994  
 3062 9008 3050 9021 3041 9040 3035 9045 3015 9075 2991 9085 2975 9085  
 2967 9069 2977 9018 2988 8999 3002 8988 3004 8969 3016 8958 3020 8942  
 3032 8932 3040 8913 3036 8896 3020 8891 3004 8896 2982 8912 2978 8920  
 2948 8944 2936 8960 2924 8966 2916 8963 2922 8928 2926 8917 2924 8898  
 2920 8890 2906 8882 2900 8860 2898 8844 2892 8843 2870 8822 2850 8819  
 2834 8862 2810 8859 2792 8851 2780 8831 2772 8772 2750 8780 2738 8799  
 2720 8842 2712 8847 2700 8833 2686 8809 2680 8782 2678 8733 2673 8687  
 2677 8671 2673 8652 2687 8600 2703 8579 2683 8568 2664 8546 2666 8522  
 2680 8500 2688 8468 2684 8411 2691 8389 2685 8349 2671 8340 2663 8324  
 2649 8308 2639 8253 2625 8245 2602 8193 2536 8174 2534 8168 2514 8171  
 2499 8168 2481 8173 2467 8165 2445 8162 2439 8165 2423 8167 2409 8156  
 2397 8167 2389 8167 2377 8159 2355 8158 2337 8145 2317 8134 2289 8133  
 2253 8138 2223 8157 2178 8216 2154 8254 2138 8267 2130 8267 2126 8259  
 2124 8243 2118 8232 2124 8213 2117 8164 2111 8107 2109 8088 2113 8072  
 2117 8037 2118 7985 2139 7858 2135 7826 2123 7785 2094 7644 2080 7598  
 2052 7549 2036 7521 2025 7486 2010 7510 2000 7518 1994 7537 1982 7543  
 1970 7483 1975 7475 1971 7456 1983 7429 1993 7426 1997 7432 2013 7421  
 2019 7421 2025 7413 2025 7410 2005 7397 1997 7380 1999 7367 2009 7361  
 2019 7343 2036 7343 2066 7324 2068 7300 2078 7284 2076 7267 2082 7248  
 2088 7219 2101 7205 2103 7192 2119 7165 2131 7157 2145 7106 2141 7089  
 2127 7095 2113 7086 2107 7078 2107 7062 2122 7054 2160 7049 2154 7035  
 2152 7008 2146 6995 2144 6968 2148 6941 2153 6897 2167 6862 2173 6832  
 2187 6816 2197 6800 2213 6795 2225 6801 2244 6784 2250 6771 2244 6744  
 2256 6695 2264 6676 2270 6668 2266 6649 2299 6633 2309 6625 2311 6604  
 2307 6590 2309 6577 2327 6571 2335 6582 2345 6585 2353 6599 2349 6588  
 2357 6572 2351 6572 2343 6547 2341 6523 2358 6510 2406 6513 2400 6507  
 2400 6480 2392 6467 2380 6426 2378 6401 2386 6396 2402 6391 2420 6396  
 2434 6407 2436 6413 2454 6424 2460 6437 2470 6432 2476 6400 2489 6394  
 2495 6378 2509 6368 2517 6373 2537 6352 2549 6346 2561 6357 2583 6349  
 2643 6353 2647 6347 2649 6323 2646 6299 2662 6269 2668 6266 2686 6286  
 2686 6307 2691 6321 2693 6345 2709 6345 2725 6354 2725 6348 2734 6332  
 2740 6259 2740 6235 2744 6205 2747 6159 2743 6140 2751 6116 2763 6097  
 2773 6094 2787 6105 2799 6108 2809 6124 2821 6127 2831 6141 2833 6195  
 2845 6211 2852 6228 2877 6231 2894 6255 2912 6245 2919 6226 2931 6218  
 2955 6221 2963 6226 2975 6221 2995 6202 3007 6205 3009 6208 3033 6205  
 3051 6222 3063 6214 3079 6211 3097 6200 3105 6209 3117 6236 3121 6260  
 3119 6282 3125 6312 3118 6352 3124 6379 3146 6399 3158 6401 3188 6399  
 3220 6389 3238 6375 3265 6316 3283 6313 3293 6300 3313 6287 3319 6287  
 3321 6295 3341 6311 3365 6303 3420 6234 3440 6191 3429 6109 3423 6101  
 3399 6103 3397 6052 3403 6030 3413 6014 3415 5990 3428 5952 3432 5950  
 3446 5947 3454 5963 3472 5966 3473 5982 3494 5977 3503 5991 3513 5994  
 3538 5956 3546 5926 3576 5886 3582 5867 3595 5851 3611 5846 3623 5865  
 3633 5868 3643 5854 3631 5816 3627 5816 3613 5797 3611 5770 3621 5765  
 3635 5770 3645 5784 3645 5803 3659 5835 3665 5792 3657 5752 3651 5738  
 3647 5719 3658 5708 3690 5728 3689 5746 3703 5776 3711 5752 3742 5715  
 3758 5701 3768 5685 3768 5655 3758 5606 3713 5495 3705 5484 3699 5460  
 3699 5438 3711 5419 3720 5414 3733 5427 3740 5403 3754 5398 3762 5376  
 3760 5349 3752 5295 3751 5271 3759 5263 3751 5222 3753 5203 3745 5187  
 3745 5162 3741 5138 3745 5124 3749 5122 3745 5108 3742 5051 3748 5032  
 3752 5030 3752 5016 3766 5000 3768 4973 3763 4946 3769 4924 3775 4862  
 3753 4835 3749 4808 3751 4789 3748 4783 3752 4702 3738 4669 3737 4613  
 3743 4583 3741 4553 3725 4485 3712 4444 3682 4406 3684 4374 3696 4360  
 3710 4352 3714 4344 3732 4339 3770 4353 3776 4345 3778 4318 3785 4291  
 3825 4240 3841 4235 3855 4238 3863 4251 3861 4281 3867 4303 3881 4330  
 3900 4357 3918 4365 3931 4352 3945 4350 3959 4328 3961 4268 3973 4266  
 3979 4288 3995 4312 3993 4299 4005 4291 4001 4255 4002 4215 4014 4215  
 4024 4231 4047 4291 4061 4294 4091 4297 4095 4273 4099 4270 4084 4248  
 4084 4224 4090 4170 4096 4151 4112 4156 4126 4173 4138 4216 4136 4222  
 4144 4235 4144 4254 4156 4265 4167 4309 4191 4328 4203 4341 4207 4360  
 4207 4385 4211 4412 4209 4436 4192 4477 4188 4479 4190 4493 4204 4501  
 4210 4520 4222 4531 4226 4550 4236 4556 4248 4572 4262 4575 4278 4559  
 4290 4553 4302 4556 4318 4548 4334 4551 4352 4551 4360 4562 4384 4573  
 4400 4593 4426 4661 4440 4674 4460 4688 4494 4688 4508 4694 4516 4710  
 4534 4721 4560 4749 4570 4751 4620 4719 4636 4709 4650 4714 4664 4731  
 4698 4728 4716 4745 4742 4778 4754 4813 4757 4862 4771 4894 4789 4894  
 4801 4886 4811 4873 4827 4870 4864 4871 4892 4877 4898 4874 4917 4926  
 4907 4936 4929 4977 4959 4980 5011 4973 5039 4957 5054 4941 5070 4887  
 5064 4851 5052 4830 5034 4813 5014 4786 5007 4764 5007 4742 5009 4737  
 5009 4718 5019 4686 5015 4661 5025 4615 5062 4591 5086 4578 5084 4548  
 5098 4478 5093 4456 5107 4438 5135 4427 5145 4408 5169 4406 5219 4401  
 5227 4404 5259 4388 5281 4396 5289 4391 5291 4385 5308 4369 5322 4334  
 5334 4321 5386 4262 5365 4232 5357 4197 5361 4151 5359 4145 5363 4110  
 5398 4056 5402 4040 5414 4021 5428 4011 5444 3965 5446 3943 5451 3922  
 5447 3900 5451 3886 5441 3846 5443 3829 5433 3808 5433 3794 5412 3726  
 5402 3704 5396 3688 5384 3666 5374 3642 5364 3628 5352 3604 5352 3598  
 5357 3544 5369 3509 5385 3477 5426 3431 5428 3431 5438 3418 5456 3394  
 5496 3389 5512 3400 5518 3400 5542 3411 5558 3430 5570 3427 5582 3441  
 5596 3438 5620 3447 5642 3439 5676 3412 5703 3369 5701 3356 5709 3337  
 5723 3323 5741 3278 5745 3275 5761 3243 5772 3210 5782 3191 5796 3189  
 5798 3183 5820 3157 5852 3157 5864 3173 5878 3182 5902 3179 5908 3168  
 5900 3149 5911 3066 5907 3052 5911 3011 5921 3009 5949 3066 5955 3088  
 5957 3107 5965 3115 5993 3096 6005 3102 6005 3118 5993 3137 5982 3188  
 5980 3240 5974 3267 5962 3299 5977 3315 6001 3337 6011 3329 6016 3318  
 6042 3297 6060 3327 6063 3354 6051 3370 6041 3373 6053 3403 6063 3403  
 6067 3419 6065 3438 6053 3481 6046 3519 6066 3514 6058 3549 6139 3525  
 6163 3439 6207 3426 6223 3434 6230 3394 6226 3391 6216 3377 6204 3366  
 6194 3339 6206 3299 6220 3272 6222 3250 6239 3240 6239 3226 6249 3218  
 6273 3210 6301 3192 6301 3175 6309 3159 6309 3140 6305 3119 6305 3100  
 6296 3094 6277 3097 6268 3080 6239 3077 6226 3066 6228 3050 6228 3028  
 6208 3009 6200 2993 6218 2980 6222 2971 6240 2969 6238 2923 6220 2915  
 6204 2914 6190 2917 6176 2914 6168 2903 6169 2868 6185 2852 6191 2855  
 6213 2831 6227 2825 6239 2828 6253 2823 6293 2818 6283 2804 6277 2791  
 6237 2790 6229 2779 6229 2766 6241 2747 6244 2739 6203 2736 6200 2725  
 6206 2714 6226 2698 6228 2685 6220 2668 6230 2655 6238 2655 6238 2639  
 6258 2628 6266 2625 6276 2626 6306 2618 6304 2601 6317 2593 6327 2583  
 6339 2577 6347 2567 6387 2532 6379 2526 6363 2534 6351 2537 6341 2545  
 6323 2550 6315 2537 6299 2528 6283 2547 6267 2544 6255 2533 6251 2514  
 6261 2479 6289 2477 6295 2474 6291 2463 6297 2439 6290 2385 6276 2366  
 6282 2352 6286 2347 6288 2325 6284 2312 6288 2304 6302 2306 6322 2326  
 6332 2345 6352 2358 6372 2364 6400 2362 6402 2359 6420 2356 6432 2343  
 6444 2343 6452 2322 6469 2324 6481 2311 6477 2276 6471 2265 6473 2243  
 6481 2211 6495 2203 6517 2200 6517 2181 6524 2168 6532 2165 6533 2192  
 6541 2209 6551 2212 6549 2228 6559 2247 6553 2260 6551 2287 6559 2287  
 6575 2301 6593 2307 6597 2315 6633 2329 6651 2332 6665 2340 6681 2335  
 6691 2338 6701 2330 6715 2327 6729 2333 6739 2319 6765 2309 6777 2301  
 6779 2293 6804 2268 6808 2247 6814 2244 6824 2223 6862 2201 6862 2196  
 6874 2191 6908 2191 6896 2237 6914 2237 6920 2243 6932 2235 6946 2219  
 6958 2213 6966 2197 6980 2195 6989 2170 7001 2168 7005 2160 7017 2149  
 7017 2133 7009 2122 7013 2108 7031 2098 7077 2087 7085 2090 7085 2096  
 7103 2104 7115 2104 7141 2085 7157 2083 7175 2091 7183 2137 7171 2148  
 7163 2164 7153 2175 7145 2188 7135 2196 7133 2199 7121 2207 7119 2223  
 7094 2255 7074 2261 7070 2263 7072 2293 7090 2304 7100 2323 7100 2345  
 7108 2375 7118 2369 7120 2364 7118 2321 7120 2299 7136 2283 7144 2264  
 7154 2253 7161 2224 7173 2213 7189 2208 7201 2197 7239 2176 7251 2173  
 7261 2138 7265 2111 7280 2081 7278 2054 7292 2017 7314 1990 7342 2009  
 7344 2031 7336 2085 7346 2085 7352 2077 7378 2074 7384 2099 7388 2099  
 7400 2093 7418 2096 7432 2110 7434 2118 7426 2164 7407 2221 7411 2251  
 7419 2248 7425 2229 7435 2213 7447 2181 7456 2167 7472 2127 7474 2062  
 7472 2048 7471 2000 7475 1978 7483 1964 7485 1937 7483 1910 7489 1891  
 7528 1811 7542 1797 7560 1797 7576 1808 7577 1901 7571 1957 7577 1960  
 7583 1952 7596 1882 7616 1836 7606 1806 7614 1774 7610 1757 7614 1757  
 7637 1733 7651 1731 7659 1723 7675 1715 7689 1710 7723 1699 7741 1734  
 7743 1751 7755 1772 7750 1789 7750 1808 7738 1845 7748 1864 7782 1830  
 7796 1827 7808 1841 7826 1876 7834 1860 7832 1841 7834 1811 7843 1798  
 7841 1782 7853 1774 7891 1806 7907 1793 7945 1802 7955 1840 7967 1848  
 7972 1864 7958 1878 7944 1869 7932 1872 7916 1926 7896 1958 7843 2004  
 7821 2041 7803 2063 7779 2076 7767 2092 7793 2100 7829 2085 7833 2079  
 7859 2061 7871 2047 7887 2042 7909 2026 7919 2015 7937 2018 7943 2034  
 7927 2080 7921 2107 7911 2123 7911 2142 7884 2231 7876 2239 7858 2236  
 7856 2250 7862 2258 7872 2285 7872 2315 7867 2345 7855 2350 7833 2382  
 7823 2396 7767 2425 7747 2446 7732 2473 7672 2540 7662 2559 7644 2581  
 7639 2602 7653 2616 7689 2635 7712 2592 7756 2533 7770 2517 7776 2504  
 7808 2485 7847 2475 7859 2461 7877 2445 7921 2429 7939 2432 7941 2440  
 7951 2446 7965 2446 7967 2427 7943 2408 7927 2386 7927 2370 7942 2348  
 7946 2313 7946 2283 7950 2259 7997 2159 8007 2149 8005 2143 7993 2135  
 7999 2119 8025 2068 8049 2065 8059 2073 8059 2090 8067 2155 8081 2160  
 8083 2166 8127 2174 8139 2185 8143 2204 8141 2226 8130 2266 8122 2315  
 8122 2372 8114 2383 8112 2402 8097 2423 8081 2477 8077 2509 8069 2520  
 8065 2536 8053 2552 8060 2566 8085 2569 8115 2561 8127 2559 8124 2588  
 8130 2618 8152 2632 8208 2643 8218 2641 8242 2660 8252 2690 8246 2709  
 8234 2722 8220 2728 8194 2727 8172 2722 8152 2732 8134 2737 8117 2756  
 8107 2778 8113 2797 8155 2797 8199 2814 8215 2811 8227 2814 8229 2817  
 8225 2868 8213 2879 8185 2890 8183 2903 8150 2962 8124 3032 8124 3046  
 8145 3106 8175 3149 8203 3171 8233 3190 8257 3193 8273 3180 8306 3134  
 8342 3094 8348 3075 8356 3067 8350 3062 8342 3021 8333 2999 8341 2994  
 8357 2997 8386 3049 8400 3049 8414 3054 8437 3038 8453 3039 8459 3033  
 8463 3014 8471 3001 8487 3001 8525 3012 8537 3029 8545 3045 8553 3072  
 8578 3118 8606 3135 8616 3151 8648 3162 8666 3173 8676 3187 8682 3203  
 8694 3222 8712 3228 8732 3231 8748 3226 8760 3218 8772 3196 8776 3180  
 8784 3172 8789 3159 8809 3153 8819 3137 8823 3116 8833 3102 8883 3081  
 8901 3068 8952 3060 8985 3079 8987 3104 9055 3105 8981 3223 8967 3217  
 8920 3282 8942 3320 8940 3331 8954 3352 8973 3420 8995 3453 9021 3475  
 9059 3486 9246 3502 9292 3508 9330 3527 9355 3565 9434 3761 9444 3802  
 9450 3896 9486 3916 9494 3924 9532 3940 9548 3962 9566 3965 9594 3960  
 9672 3928 9698 3915 9722 3896 9738 3875 9763 3854 9815 3824 9817 3784  
 9825 3778 9909 3785 9944 3769 9980 372610000 3715                      
L  1 9   36     9   361   3518888899999     5                           
10000 371510000    0    0    0    010000 242210000                      
L  1 9   37     9   351   3618888822304     3                           
 242210000100001000010000 3715                                          
A  122304    1 9885 3660   1                                            
   -1                                                                   
A  122304    2 8880 2434   1                                            
   -2                                                                   
A  122304    3 8929 2380   1                                            
   -3                                                                   
A  122304    4 9022 2296   1                                            
   -4                                                                   
A  122304    5 9165 3064   1                                            
   -5                                                                   
A  122304    6 9021 2711   1                                            
   -6                                                                   
A  122304    7 9208 2646   1                                            
   -7                                                                   
A  122304    8 9498 2502   1                                            
   -8                                                                   
A  122304    9 5442 3304   1                                            
   -9                                                                   
A  122304   10 5100 3358   1                                            
  -10                                                                   
A  122304   11 5286 3127   1                                            
  -11                                                                   
A  122304   12 5648 2900   1                                            
  -12                                                                   
A  122304   13 5205 3326   1                                            
  -13                                                                   
A  122304   14 6422 2294   1                                            
  -14                                                                   
A  122304   15 6589 2072   1                                            
  -15                                                                   
A  122304   16 6316 2210   1                                            
  -16                                                                   
A  122304   17 6170 2256   1                                            
  -17                                                                   
A  122304   18 5964 3009   1                                            
  -18                                                                   
A  122304   19 6204 2542   1                                            
  -19                                                                   
A  122304   20 6022 2973   1                                            
  -20                                                                   
A  122304   21 6040 2502   1                                            
  -21                                                                   
A  122304   22 7418 1839   1                                            
  -22                                                                   
A  122304   23 7452 1958   1                                            
  -23                                                                   
A  122304   24 6860 2110   1                                            
  -24                                                                   
A  122304   25 2711 9482   1                                            
  -25                                                                   
A  122304   26 2002 8137   1                                            
  -26                                                                   
A  122304   27 1969 7313   1                                            
  -27                                                                   
A  122304   28 2070 8284   1                                            
  -28                                                                   
A  122304   29 2620 8732   1                                            
  -29                                                                   
A  122304   30 2957 6169   1                                            
  -30                                                                   
A  122304   31 3277 6138   1                                            
  -31                                                                   
A  122304   32 3291 6198   1                                            
  -32                                                                   
A  122304   33 3650 4322   1                                            
  -33                                                                   
A  122304   34 3730 4174   1                                            
  -34                                                                   
A  199999   35 3658 1977  70                                            
   35   36    0    1    0    2    0    3    0    4    0    5    0    6  
    0    7    0    8    0    9    0   10    0   11    0   12    0   13  
    0   14    0   15    0   16    0   17    0   18    0   19    0   20  
    0   21    0   22    0   23    0   24    0   25    0   26    0   27  
    0   28    0   29    0   30    0   31    0   32    0   33    0   34  
A  122304   36 6831 5814   2                                            
   37  -35                                                              
H1 2    0   61    0    0  161 0507 0507                                 
L  2 2    1     0    00    00               3                           
 9501 7697 9478 7701 9356 7647                                          
L  2 4    2     0    00    00               2                           
 9230 8923 9183 8985                                                    
L  2 4    3     0    00    00              19                           
 9183 8985 8914 9284 8879 9363 8759 9479 8728 9535 8692 9699 8677 9753  
 8661 9785 8633 9796 8579 9782 8473 9748 8414 9767 8344 9832 8314 9905  
 8279 9922 8114 9860 8025 9758 7940 9743 7799 9810                      
L  2 4    4     0    00    00              21                           
 7799 9810 7781 9751 7778 9657 7708 9535 7534 9517 7492 9544 7371 9569  
 7283 9657 7176 9681 7154 9710 7041 9689 6979 9715 6876 9711 6826 9674  
 6728 9662 6646 9600 6546 9600 6456 9510 6377 9487 6321 9450 6260 9354  
L  2 4    5     0    00    00               8                           
 981610000 9766 9960 9736 9827 9734 9735 9709 9652 9639 9554 9623 9451  
 9591 9413                                                              
L  2 2    6     0    00    00              10                           
 3436 9975 3439 9954 3476 9880 3556 9872 3576 9857 3578 9808 3553 9742  
 3556 9644 3517 9572 3517 9519                                          
L  2 2    7     0    00    00               2                           
 3905 7733 4035 7742                                                    
L  2 3    8     0    00    00               2                           
 7628 3007 7562 3013                                                    
L  2 3    9     1    00    00               2                           
 7734 3006 7628 3007                                                    
L  2 4   10     0    00    00               3                           
 437510000 4338 9953 425510000                                          
L  2 4   11     0    00    00               2                           
 7799 9810 769010000                                                    
L  2 2   12     0    00    00               2                           
 344810000 3436 9975                                                    
L  2 4   13     0    00    00               3                           
 9501 7697 9486 7731 9331 7735                                          
L  2 4   14     0    00    00               5                           
 9183 8985 9355 9213 9500 9379 9521 9393 9591 9413                      
L  2 4   15     0    00    00               8                           
 9591 9413 9579 9316 9510 9248 9451 9246 9409 9213 9274 9042 9259 8960  
 9230 8923                                                              
L  2 4   16     0    00    00               2                           
 3436 9975 342110000                                                    
L  2 3   17     1    00    00               2                           
 6403 2901 6410 3059                                                    
L  2 3   18     0    00    00               5                           
 6410 3059 6423 3191 6411 3313 6432 3453 6425 3479                      
L  2 3   19     0    00    00               7                           
 5394 5845 5369 6039 5448 6211 5528 6306 5576 6344 5602 6412 5648 6432  
L  2 3   20     1    00    00               2                           
 5429 5746 5394 5845                                                    
L  2 2   21     1    00    00               3                           
 3787 7837 3836 7762 3905 7733                                          
L  2 2   22     1    00    00               2                           
 3517 9519 3522 9435                                                    
L  2 2   23     0    00    00               6                           
 3522 9435 3541 9348 3571 9318 3648 9312 3667 9292 3696 9168            
L  2 3   24     1    00    00               2                           
 6425 3479 6396 3624                                                    
L  2 3   25     0    00    00               5                           
 6396 3624 6386 3675 6360 3700 6294 3724 6238 3768                      
L  2 3   26     1    00    00               2                           
 6238 3768 6149 3837                                                    
L  2 3   27     0    00    00              16                           
 6149 3837 6095 3897 6099 3973 6160 4053 6184 4112 6170 4343 6142 4480  
 6150 4547 6099 4704 6121 4787 6068 5090 5984 5252 5970 5406 5939 5516  
 5825 5559 5761 5536                                                    
L  2 3   28     1    00    00               2                           
 5557 5600 5533 5624                                                    
L  2 3   29     0    00    00               3                           
 5533 5624 5449 5698 5429 5746                                          
L  2 3   30     0    00    00               5                           
 5711 5517 5597 5473 5572 5490 5586 5573 5557 5600                      
L  2 3   31     1    00    00               2                           
 5761 5536 5711 5517                                                    
L  2 2   32     0    00    00              23                           
 3611 8838 3559 8801 3504 8710 3502 8522 3452 8502 3453 8449 3424 8446  
 3388 8457 3389 8415 3437 8295 3477 8302 3537 8403 3588 8411 3634 8297  
 3665 8279 3677 8249 3630 8138 3623 8034 3702 7996 3749 8001 3801 7964  
 3780 7864 3787 7837                                                    
L  2 2   33     1    00    00               2                           
 3675 8928 3611 8838                                                    
L  2 2   34     0    00    00               3                           
 3705 9128 3721 9013 3675 8928                                          
L  2 2   35     1    00    00               2                           
 3696 9168 3705 9128                                                    
L  2 4   36     0    00    00               5                           
 9183 8985 9099 8869 9080 8791 9076 8741 9084 8696                      
L  2 2   37     0    00    00              15                           
 4035 7742 4157 7700 4214 7713 4281 7771 4351 7767 4437 7700 4519 7692  
 4590 7708 4756 7798 4873 7902 4940 7876 5134 7924 5179 7956 5463 7868  
 5625 7860                                                              
L  2 5   38     0    00    00              17                           
 4035 7742 3944 7576 3843 7560 3781 7591 3718 7537 3524 7529 3380 7459  
 3186 7444 3186 7327 3249 7242 3155 7118 3161 6963 3074 6932 3074 6862  
 3105 6800 3067 6676 3111 6458                                          
L  2 2   39     0    00    00              29                           
 7658 7497 7644 7400 7579 7348 7510 7244 7478 7150 7431 7139 7301 7229  
 7222 7252 7113 7255 7060 7282 7010 7349 6912 7424 6824 7368 6717 7186  
 6662 7129 6605 7159 6567 7159 6514 7092 6464 6964 6413 6900 6360 6873  
 6305 6783 6179 6781 6041 6638 5991 6631 5932 6570 5856 6537 5808 6480  
 5648 6432                                                              
L  2 5   40     0    00    00              16                           
 7658 7497 7499 7537 7405 7615 7355 7692 7217 7723 7136 7847 7086 7995  
 7035 8034 6960 8010 6798 7855 6716 7840 6566 7762 6478 7809 6284 7809  
 6109 7902 5990 7902                                                    
L  2 4   41     0    00    00              12                           
 6260 9354 6094 9576 6029 9623 5876 9690 5769 9794 5701 9790 5642 9817  
 5495 9828 5432 9796 5460 9862 5362 9933 533110000                      
L  2 2   42     0    00    00              13                           
 5625 7860 5662 7596 5628 7464 5642 7397 5697 7319 5821 7180 5838 7082  
 5864 7042 5853 6973 5748 6778 5634 6653 5663 6508 5648 6432            
L  2 5   43     0    00    00               2                           
 5625 7860 5990 7902                                                    
L  2 5   44     0    00    00               8                           
 5990 7902 5940 8274 6015 8414 6034 8561 6097 8654 6103 8817 6178 9066  
 6260 9354                                                              
L  2 5   45     0    00    00               7                           
 4983 5004 5170 5035 5258 5120 5264 5353 5396 5369 5396 5524 5533 5624  
L  2 2   46     0    00    00               4                           
 8352 7313 7915 7393 7744 7491 7658 7497                                
L  2 5   47     0    00    00              29                           
 8352 7313 8376 7121 8368 6856 8290 6782 8279 6739 8481 6625 8504 6706  
 8560 6693 8572 6602 8481 6360 8377 6109 8377 6034 8474 5988 8279 5700  
 8199 5306 8132 5056 8108 4843 7906 4540 7735 4533 7692 4479 7680 4320  
 7612 4116 7600 4025 7637 3767 7710 3668 7888 3577 8114 3433 8181 3320  
 8170 3224                                                              
L  2 3   48     0    00    00               5                           
 8170 3224 8089 3118 8042 3080 7913 3022 7734 3006                      
L  2 4   49     0    00    00               9                           
 8885 7959 8873 7996 8870 8123 8982 8251 8994 8300 8988 8379 9044 8469  
 9071 8548 9084 8696                                                    
L  2 5   50     0    00    00               4                           
 8885 7959 8818 7912 8737 7754 8740 7522                                
L  2 2   51     0    00    00               3                           
 8740 7522 8484 7341 8352 7313                                          
L  2 4   52     0    00    00               6                           
 9331 7735 9239 7738 9155 7680 9097 7661 9001 7701 8885 7959            
L  2 5   53     0    00    00               2                           
 9331 7735 9356 7647                                                    
L  2 2   54     0    00    00               8                           
 9356 7647 9315 7618 9250 7497 9218 7470 9059 7455 8921 7476 8824 7536  
 8740 7522                                                              
L  2 3   55     0    00    00              37                           
 7562 3013 7526 3037 7484 3139 7466 3145 7460 3045 7423 3046 7344 3098  
 7306 3157 7276 3164 7256 3145 7264 3041 7367 2914 7395 2851 7434 2853  
 7465 2798 7455 2768 7430 2756 7328 2820 7309 2882 7254 2910 7146 2919  
 7049 2857 7016 2858 6944 2932 6906 2926 6902 2865 6852 2823 6763 2815  
 6754 2757 6807 2618 6805 2575 6784 2539 6701 2532 6631 2575 6509 2594  
 6392 2742 6403 2901                                                    
L  2 5   56     0    00    00               3                           
 7562 3013 7609 2577 7702 2261                                          
L  2 5   57     0    00    00               5                           
 9084 8696 9091 8748 9110 8806 9148 8834 9230 8923                      
L  2 3   58     0    00    00              25                           
10000 4001 9963 4025 9927 4028 9773 3954 9718 3960 9590 4015 9543 4017  
 9494 3992 9444 3925 9434 3810 9352 3579 9326 3545 9277 3519 9037 3503  
 9001 3479 8894 3316 8816 3307 8741 3273 8701 3273 8630 3323 8525 3321  
 8438 3125 8408 3101 8294 3214 8170 3224                                
L  2 2   59     0    00    00               6                           
10000 7565 9887 7615 9797 7630 9674 7571 9617 7569 9501 7697            
L  2 5   60     0    00    00               6                           
 9356 7647 9538 7368 9630 7300 9844 7307 9911 730710000 7197            
L  2 5   61     0    00    00               2                           
10000 6896 9948 6837                                                    
H1 7    0    0    0    2    3 0507 0507                                 
P  7 6    1 7733 2033 0 1                                               
01 3 7733 2033              00  êŒòLçË                                  
P  753    2 8977 7700 0 0                                               
M 513877ê_éqå≥ìá              3   19   48   17    1  342                
H2 1   19   22   17    0  268 0507 0507                                 
N  1 1    1    0 3715 1 3   17  -22   21    0    0    0    0    0    0  
N  1 2    2 2639 5080 0 3    1   -3  -17    0    0    0    0    0    0  
N  1 1    3 616210000 1 3   19  -18   -1    0    0    0    0    0    0  
N  1 1    4 712510000 1 3   20  -19    2    0    0    0    0    0    0  
N  1 1    5 848810000 1 3   22  -20   -2    0    0    0    0    0    0  
N  1 1    6 249510000 1 3   18  -21    3    0    0    0    0    0    0  
N  1 2    7 9567 8793 0 2    4   -4    0    0    0    0    0    0    0  
N  1 2    8 6543 9853 0 2    5   -5    0    0    0    0    0    0    0  
N  1 2    9 6878 7910 0 2    6   -6    0    0    0    0    0    0    0  
N  1 2   10 7442 7716 0 2    7   -7    0    0    0    0    0    0    0  
N  1 2   11 7723 7754 0 2    8   -8    0    0    0    0    0    0    0  
N  1 2   12 8916 8405 0 2    9   -9    0    0    0    0    0    0    0  
N  1 2   13 2498 5168 0 2   10  -10    0    0    0    0    0    0    0  
N  1 2   14 2261 5225 0 2   11  -11    0    0    0    0    0    0    0  
N  1 2   15 4921 2760 0 2   12  -12    0    0    0    0    0    0    0  
N  1 2   16 4812 2875 0 2   13  -13    0    0    0    0    0    0    0  
N  1 2   17 3811 3192 0 2   14  -14    0    0    0    0    0    0    0  
N  1 2   18 3716 6581 0 2   15  -15    0    0    0    0    0    0    0  
N  1 2   19 3700 6708 0 2   16  -16    0    0    0    0    0    0    0  
L  1 5    1     0    20    312221999999   351                           
 2639 5080 2651 5086 2659 5135 2671 5181 2686 5222 2658 5289 2636 5308  
 2634 5329 2638 5337 2656 5327 2684 5319 2692 5343 2691 5373 2699 5376  
 2749 5395 2767 5404 2767 5425 2805 5480 2819 5483 2845 5456 2841 5432  
 2850 5375 2860 5361 2866 5380 2870 5405 2896 5394 2910 5438 2909 5446  
 2881 5473 2887 5486 2889 5559 2897 5576 2925 5606 2956 5625 2996 5642  
 3030 5661 3052 5677 3084 5686 3124 5713 3152 5771 3178 5776 3178 5765  
 3194 5766 3210 5755 3232 5766 3238 5839 3250 5842 3262 5839 3268 5864  
 3258 5891 3251 5958 3255 5991 3251 6032 3250 6086 3266 6213 3279 6267  
 3321 6379 3366 6466 3446 6551 3478 6573 3492 6559 3518 6543 3526 6552  
 3520 6576 3526 6587 3534 6581 3548 6568 3548 6563 3558 6555 3566 6557  
 3574 6576 3574 6606 3560 6636 3531 6671 3531 6687 3525 6733 3555 6744  
 3577 6747 3593 6731 3597 6731 3595 6761 3602 6837 3598 6877 3588 6912  
 3570 6928 3568 6955 3576 6980 3642 6994 3668 6983 3686 6962 3690 6962  
 3700 6973 3698 6981 3688 7000 3692 7019 3677 7070 3671 7078 3639 7167  
 3626 7183 3616 7210 3618 7229 3628 7221 3642 7194 3648 7200 3642 7240  
 3620 7278 3590 7302 3543 7318 3529 7334 3541 7353 3587 7351 3611 7375  
 3623 7397 3633 7403 3655 7387 3663 7390 3665 7414 3647 7427 3631 7462  
 3606 7486 3598 7519 3590 7521 3582 7532 3592 7546 3592 7565 3578 7573  
 3578 7592 3594 7635 3617 7684 3643 7722 3657 7717 3671 7704 3693 7685  
 3705 7685 3707 7688 3687 7725 3677 7731 3683 7750 3677 7769 3679 7804  
 3685 7812 3711 7818 3705 7834 3688 7847 3700 7866 3800 7992 3894 8074  
 3939 8126 3987 8156 4075 8190 4253 8229 4285 8241 4293 8249 4285 8270  
 4291 8284 4327 8290 4319 8317 4281 8360 4275 8373 4274 8403 4288 8436  
 4332 8496 4346 8512 4382 8526 4416 8553 4482 8641 4527 8679 4561 8698  
 4575 8698 4600 8691 4626 8688 4630 8694 4633 8726 4631 8764 4683 8767  
 4755 8814 4799 8844 4819 8855 4875 8861 4968 8841 4998 8819 5006 8792  
 5006 8779 5020 8760 5027 8698 5043 8682 5073 8679 5091 8682 5113 8704  
 5131 8737 5141 8729 5157 8726 5159 8740 5169 8756 5191 8745 5211 8754  
 5251 8779 5249 8789 5224 8816 5192 8837 5186 8837 5176 8859 5184 8875  
 5196 8884 5208 8884 5216 8908 5254 8909 5272 8944 5266 8949 5260 8963  
 5283 8998 5299 9006 5317 9012 5327 8999 5350 8980 5366 8975 5377 9023  
 5387 9024 5402 9010 5432 9024 5448 9019 5422 8994 5438 8992 5466 8992  
 5500 9000 5522 9014 5522 9041 5562 9028 5574 9042 5570 9069 5556 9090  
 5503 9130 5489 9152 5471 9163 5451 9187 5416 9246 5368 9297 5325 9329  
 5295 9337 5281 9353 5261 9385 5217 9425 5202 9449 5184 9471 5160 9490  
 5142 9519 5124 9538 5128 9560 5157 9598 5167 9601 5214 9590 5226 9588  
 5306 9586 5336 9564 5362 9562 5364 9573 5360 9603 5350 9621 5386 9679  
 5423 9758 5453 9785 5475 9788 5531 9767 5546 9737 5550 9713 5550 9664  
 5564 9637 5570 9610 5603 9562 5643 9557 5667 9590 5699 9603 5733 9596  
 5759 9580 5773 9558 5781 9537 5764 9507 5780 9488 5798 9431 5806 9420  
 5846 9407 5868 9391 5913 9367 5915 9343 5899 9281 5871 9275 5823 9253  
 5819 9231 5835 9223 5860 9204 5896 9202 5922 9192 5924 9186 5898 9164  
 5906 9132 5928 9116 5964 9100 6007 9090 6047 9103 6073 9125 6098 9164  
 6118 9172 6122 9191 6112 9212 6104 9239 6088 9253 6078 9266 6064 9274  
 6064 9293 6068 9301 6065 9331 6067 9339 6089 9361 6119 9388 6127 9408  
 6111 9418 6077 9412 6059 9426 6035 9431 6011 9414 5989 9371 5967 9384  
 5961 9414 5914 9476 5946 9519 5962 9525 5998 9496 6030 9490 6064 9507  
 6074 9531 6086 9540 6088 9548 6116 9537 6120 9532 6130 9529 6162 9595  
 6160 9619 6166 9649 6143 9676 6157 9692 6167 9714 6163 9776 6139 9811  
 6153 9819 6189 9828 6203 9844 6206 9874 6220 9907 6224 9928 6188 9993  
 616210000                                                              
L  1 5    2     0    41    512221999999   363                           
 712510000 7156 9995 7152 9987 7132 9965 7104 9945 7078 9948 7058 9940  
 7032 9909 7029 9872 7025 9872 7011 9847 7015 9820 7007 9793 7011 9763  
 7016 9693 7026 9652 7028 9631 7036 9617 7040 9571 7037 9544 7031 9541  
 6991 9506 6971 9478 6963 9465 6949 9448 6941 9421 6931 9410 6921 9394  
 6915 9372 6915 9337 6908 9288 6906 9259 6900 9248 6898 9226 6900 9218  
 6894 9196 6897 9142 6913 9058 6939 9013 6944 8994 6956 8986 6960 8964  
 6974 8945 6980 8926 6974 8907 6956 8875 6936 8858 6945 8831 6945 8801  
 6941 8791 6933 8785 6911 8793 6901 8782 6895 8731 6905 8717 6911 8685  
 6907 8682 6889 8690 6849 8717 6835 8722 6823 8714 6805 8713 6809 8686  
 6813 8676 6823 8670 6821 8662 6807 8651 6832 8619 6834 8595 6822 8597  
 6814 8586 6812 8567 6810 8492 6819 8454 6795 8426 6791 8418 6765 8423  
 6755 8375 6741 8377 6731 8361 6729 8261 6732 8225 6722 8193 6730 8158  
 6742 8134 6760 8117 6781 8107 6821 8094 6861 8105 6865 8110 6913 8149  
 6941 8155 6973 8155 6999 8163 7021 8169 7053 8161 7083 8164 7115 8156  
 7125 8137 7130 8054 7152 8035 7174 8041 7180 8049 7240 8079 7298 8066  
 7338 8056 7370 8040 7383 8024 7379 7961 7467 7946 7507 7955 7553 7985  
 7577 8007 7595 8050 7565 8088 7563 8099 7574 8131 7584 8269 7569 8342  
 7635 8367 7641 8411 7677 8362 7677 8338 7701 8336 7716 8325 7698 8306  
 7764 8225 7804 8283 7798 8301 7788 8296 7782 8307 7798 8323 7808 8315  
 7818 8318 7834 8296 7848 8261 7848 8251 7838 8229 7851 8172 7849 8148  
 7853 8132 7881 8099 7917 8100 7955 8133 7991 8136 8013 8125 8028 8114  
 8044 8131 8053 8150 8077 8169 8101 8172 8124 8129 8132 8094 8146 8080  
 8144 8059 8160 8045 8184 8038 8194 8046 8198 8065 8212 8076 8232 8081  
 8283 8039 8291 8025 8297 8022 8315 8033 8335 8023 8365 8020 8375 8010  
 8403 7999 8429 8005 8453 8024 8471 8046 8495 8062 8525 8038 8541 8030  
 8545 8079 8541 8122 8545 8141 8537 8166 8546 8179 8599 8172 8618 8250  
 8626 8264 8626 8275 8644 8313 8646 8345 8629 8402 8629 8432 8625 8453  
 8609 8472 8613 8475 8639 8475 8665 8473 8677 8478 8689 8519 8689 8554  
 8686 8603 8670 8668 8664 8725 8674 8730 8686 8746 8679 8768 8671 8814  
 8685 8820 8691 8849 8713 8863 8735 8855 8745 8872 8747 8896 8755 8937  
 8752 8961 8779 8956 8791 8937 8783 8894 8773 8872 8773 8839 8789 8818  
 8788 8772 8792 8723 8772 8707 8774 8701 8802 8680 8810 8680 8824 8694  
 8884 8705 8975 8690 8989 8693 8977 8663 8981 8655 9001 8641 9013 8620  
 9017 8609 9037 8596 9067 8599 9077 8626 9081 8602 9101 8607 9115 8602  
 9114 8561 9126 8548 9146 8537 9166 8535 9174 8478 9190 8473 9202 8487  
 9204 8508 9196 8524 9204 8546 9230 8557 9252 8590 9258 8606 9256 8641  
 9241 8685 9225 8717 9217 8752 9201 8782 9178 8803 9154 8811 9148 8816  
 9102 8829 9080 8845 9068 8905 9069 8918 9093 8962 9093 9000 9091 9013  
 9065 9072 9074 9156 9072 9165 9036 9183 9020 9215 9017 9242 9029 9262  
 9055 9259 9071 9275 9083 9305 9085 9341 9073 9351 9095 9368 9107 9387  
 9107 9408 9123 9419 9147 9420 9151 9439 9138 9458 9144 9468 9168 9482  
 9192 9480 9211 9485 9214 9488 9212 9502 9204 9518 9194 9547 9226 9548  
 9234 9551 9234 9569 9224 9588 9204 9650 9193 9669 9167 9688 9133 9693  
 9119 9701 9099 9730 9089 9738 9075 9728 9067 9714 9061 9714 9055 9722  
 9063 9746 9112 9804 9118 9836 9120 9866 9116 9874 9106 9885 9082 9879  
 9054 9852 9040 9827 9034 9822 9014 9816 8992 9830 8968 9840 8962 9826  
 8918 9780 8900 9769 8888 9734 8888 9726 8838 9709 8784 9651 8765 9616  
 8759 9613 8739 9613 8718 9632 8686 9677 8684 9710 8652 9704 8638 9685  
 8630 9682 8612 9698 8612 9706 8630 9728 8643 9766 8607 9769 8541 9725  
 8523 9725 8513 9751 8509 9779 8515 9800 8551 9822 8629 9842 8637 9872  
 8631 9904 8622 9923 8602 9934 8590 9928 8571 9882 8545 9849 8527 9854  
 8524 9871 8552 9909 8550 9941 8542 9963 8526 9995 848810000            
L  1 3    3     0    61    202221922304   117                           
 249510000 2514 9996 2518 9971 2508 9947 2492 9925 2467 9898 2395 9843  
 2347 9780 2323 9731 2312 9677 2274 9563 2269 9465 2239 9403 2221 9351  
 2194 9299 2188 9264 2190 9231 2186 9180 2153 9093 2147 9055 2143 9009  
 2172 8947 2186 8904 2198 8850 2199 8804 2189 8760 2161 8703 2094 8564  
 2088 8524 2097 8437 2091 8388 2081 8345 2080 8285 2058 8207 2054 8166  
 2041 8123 2021 8095 1971 8068 1941 8035 1921 8002 1883 7967 1840 7901  
 1802 7876 1794 7868 1778 7860 1734 7862 1693 7856 1655 7834 1624 7801  
 1614 7782 1592 7696 1574 7660 1540 7633 1523 7614 1523 7584 1539 7543  
 1567 7517 1590 7482 1614 7457 1634 7428 1638 7401 1658 7379 1705 7356  
 1727 7340 1727 7312 1701 7217 1702 7198 1728 7177 1756 7137 1813 7059  
 1837 6991 1848 6951 1852 6918 1828 6864 1782 6793 1782 6785 1807 6764  
 1897 6678 1986 6657 2002 6676 2018 6698 2028 6704 2084 6674 2138 6675  
 2174 6673 2232 6684 2248 6676 2277 6612 2289 6541 2307 6523 2340 6455  
 2364 6434 2380 6399 2393 6350 2399 6307 2430 6212 2450 6175 2474 6151  
 2480 6113 2471 6069 2431 5990 2427 5952 2409 5920 2395 5898 2424 5825  
 2414 5741 2423 5706 2465 5620 2500 5580 2446 5487 2428 5444 2428 5427  
 2453 5395 2576 5274 2602 5226 2620 5175 2639 5080                      
L  1 5    4     0    70    702221999999    19                           
 9567 8793 9547 8828 9537 8853 9521 8871 9521 8893 9515 8898 9493 8890  
 9492 8925 9476 8933 9470 8928 9468 8917 9457 8906 9439 8873 9459 8811  
 9459 8795 9497 8771 9554 8750 9566 8756 9567 8793                      
L  1 5    5     0    80    802221999999    16                           
 6543 9853 6555 9869 6567 9878 6571 9894 6567 9940 6557 9956 6537 9964  
 6515 9961 6507 9947 6501 9923 6507 9855 6515 9842 6530 9826 6540 9829  
 6546 9842 6543 9853                                                    
L  1 5    6     0    90    902221999999    25                           
 6878 7910 6882 7908 6900 7924 6912 7924 6930 7941 6944 7946 6948 7960  
 6956 7973 6964 7987 6976 7995 6978 8003 6973 8052 6965 8079 6949 8106  
 6935 8103 6929 8081 6925 8035 6900 7986 6896 7986 6886 7970 6868 7970  
 6868 7956 6874 7948 6870 7929 6878 7910                                
L  1 5    7     0   100   1002221999999    16                           
 7442 7716 7449 7713 7473 7716 7497 7733 7504 7752 7508 7784 7506 7819  
 7498 7849 7473 7903 7467 7906 7417 7897 7401 7881 7394 7845 7400 7764  
 7416 7735 7442 7716                                                    
L  1 5    8     0   110   1102221999999    14                           
 7723 7754 7723 7751 7735 7751 7741 7789 7737 7814 7724 7849 7716 7892  
 7694 7930 7684 7932 7680 7908 7684 7886 7686 7859 7695 7797 7723 7754  
L  1 5    9     0   120   1202221999999    18                           
 8916 8405 8942 8403 8962 8397 8978 8436 8976 8449 8956 8476 8930 8486  
 8926 8505 8901 8521 8873 8516 8865 8502 8855 8494 8851 8477 8834 8461  
 8850 8429 8888 8413 8912 8413 8916 8405                                
L  1 5   10     0   130   1302230499999    16                           
 2498 5168 2506 5168 2502 5198 2512 5236 2494 5265 2479 5282 2471 5282  
 2466 5271 2458 5241 2448 5260 2438 5262 2444 5230 2458 5214 2470 5192  
 2484 5187 2498 5168                                                    
L  1 5   11     0   140   1402230499999    12                           
 2261 5225 2269 5233 2279 5277 2259 5312 2237 5336 2225 5336 2219 5328  
 2221 5309 2237 5274 2237 5249 2249 5244 2261 5225                      
L  1 5   12     0   150   1502230499999    12                           
 4921 2760 4904 2795 4912 2833 4910 2844 4898 2841 4880 2808 4866 2795  
 4866 2778 4876 2757 4899 2738 4909 2735 4921 2760                      
L  1 5   13     0   160   1602230499999    16                           
 4812 2875 4816 2848 4826 2837 4840 2829 4852 2816 4864 2811 4874 2814  
 4874 2830 4870 2854 4841 2946 4831 2959 4827 2959 4815 2954 4805 2945  
 4803 2924 4812 2875                                                    
L  1 5   14     0   170   1702230499999    16                           
 3811 3192 3817 3198 3821 3208 3837 3219 3843 3233 3851 3244 3849 3268  
 3853 3287 3845 3295 3831 3298 3817 3295 3795 3284 3795 3257 3801 3243  
 3795 3222 3811 3192                                                    
L  1 5   15     0   180   1802221999999    11                           
 3716 6581 3704 6613 3688 6637 3682 6637 3658 6612 3662 6594 3674 6588  
 3698 6553 3711 6551 3716 6556 3716 6581                                
L  1 5   16     0   190   1902221999999    16                           
 3700 6708 3687 6718 3659 6726 3643 6734 3611 6709 3589 6704 3585 6698  
 3591 6677 3604 6658 3624 6639 3640 6634 3652 6639 3666 6653 3674 6672  
 3698 6691 3700 6708                                                    
L  1 5   17     0    11    202230499999   204                           
    0 3715   16 3707   34 3704   44 3715   54 3715   60 3721   60 3734  
   72 3764   75 3789   79 3818   81 3843   71 3878  121 3949  176 4063  
  188 4109  183 4231  188 4293  204 4323  232 4335  306 4335  359 4339  
  393 4355  424 4388  452 4429  496 4546  502 4554  532 4565  574 4557  
  624 4536  620 4520  638 4493  664 4469  676 4488  716 4486  730 4491  
  822 4541  866 4552  880 4550  917 4529  971 4483 1005 4475 1019 4462  
 1023 4446 1041 4449 1096 4428 1102 4433 1126 4433 1156 4442 1180 4458  
 1204 4461 1208 4467 1206 4480 1189 4532 1193 4553 1171 4580 1186 4659  
 1160 4667 1124 4666 1098 4669 1080 4685 1074 4717 1084 4750 1103 4788  
 1133 4823 1151 4837 1199 4857 1245 4854 1273 4849 1274 4833 1270 4825  
 1270 4803 1274 4782 1284 4763 1298 4747 1310 4755 1344 4750 1340 4733  
 1330 4706 1335 4671 1323 4666 1329 4644 1339 4633 1341 4620 1353 4609  
 1351 4595 1365 4585 1379 4590 1403 4629 1413 4599 1425 4591 1430 4575  
 1442 4575 1449 4613 1459 4621 1467 4640 1453 4662 1449 4680 1459 4746  
 1456 4781 1444 4810 1450 4813 1456 4811 1472 4813 1490 4814 1514 4838  
 1518 4860 1534 4865 1540 4876 1554 4879 1556 4909 1540 4914 1532 4930  
 1557 4966 1561 4993 1585 4988 1589 4991 1595 5010 1601 5002 1613 4999  
 1629 5015 1633 5037 1647 5048 1649 5064 1625 5061 1603 5077 1591 5094  
 1567 5096 1541 5088 1539 5063 1541 5036 1515 5052 1487 5049 1471 5052  
 1455 5049 1437 5035 1423 5021 1421 5008 1409 4989 1393 4991 1379 4983  
 1346 5039 1334 5083 1310 5096 1333 5180 1324 5337 1330 5386 1346 5435  
 1389 5530 1415 5582 1453 5642 1513 5702 1556 5735 1616 5757 1695 5772  
 1713 5772 1763 5756 1791 5735 1801 5713 1796 5634 1810 5618 1830 5583  
 1836 5559 1832 5537 1847 5519 1859 5500 1859 5473 1863 5451 1877 5459  
 1879 5446 1887 5435 1907 5430 1917 5430 1919 5435 1913 5454 1933 5457  
 1935 5487 1931 5538 1937 5552 1952 5579 1970 5588 1976 5609 2004 5626  
 2036 5621 2069 5605 2163 5508 2197 5498 2238 5498 2266 5482 2282 5455  
 2306 5426 2332 5407 2338 5434 2342 5443 2361 5386 2403 5332 2449 5308  
 2465 5327 2481 5295 2502 5287 2520 5252 2546 5193 2591 5139 2619 5099  
 2639 5080                                                              
L  1 9   18     9    61    318888822219     2                           
 249510000 616210000                                                    
L  1 9   19     9    31    418888899999     2                           
 616210000 712510000                                                    
L  1 9   20     9    41    518888822219     2                           
 712510000 848810000                                                    
L  1 9   21     9    11    618888822304     3                           
    0 3715    010000 249510000                                          
L  1 9   22     9    51    118888899999     5                           
 848810000100001000010000    0    0    0    0 3715                      
A  199999    1 5069 6612  31                                            
   17    1   19    2   22    0   16    0   15    0   14    0   13    0  
   12    0   11    0   10    0    9    0    8    0    7    0    6    0  
    5    0    4                                                         
A  122304    2  891 6792   3                                            
   21    3  -17                                                         
A  122219    3 2551 7583   3                                            
   -3   18   -1                                                         
A  122219    4 8025 8984   2                                            
   20   -2                                                              
A  122219    5 9496 8840   1                                            
   -4                                                                   
A  122219    6 6537 9896   1                                            
   -5                                                                   
A  122219    7 6944 8006   1                                            
   -6                                                                   
A  122219    8 7452 7810   1                                            
   -7                                                                   
A  122219    9 7708 7840   1                                            
   -8                                                                   
A  122219   10 8902 8458   1                                            
   -9                                                                   
A  122304   11 2479 5224   1                                            
  -10                                                                   
A  122304   12 2256 5280   1                                            
  -11                                                                   
A  122304   13 4887 2788   1                                            
  -12                                                                   
A  122304   14 4835 2884   1                                            
  -13                                                                   
A  122304   15 3825 3246   1                                            
  -14                                                                   
A  122219   16 3687 6594   1                                            
  -15                                                                   
A  122219   17 3639 6684   1                                            
  -16                                                                   
H1 2    0   26    0    0   69 0507 0507                                 
L  2 2    1     0    00    00              23                           
 1009 7424  985 7756  996 7843 1081 7922 1122 8012 1276 8129 1323 8129  
 1373 8182 1493 9017 1535 9077 1702 9179 1741 9250 1893 9393 2164 9487  
 2201 9489 2352 9436 2428 9436 2721 9566 2800 9642 3084 9672 3189 9630  
 3242 9578 3304 9488                                                    
L  2 3    2     0    00    00               3                           
 1237 6669 1168 6783 1069 7182                                          
L  2 4    3     0    00    00              13                           
 8250 9371 8187 9323 8160 9276 8105 9277 8030 9404 8006 9508 7914 9540  
 7793 9383 7716 9343 7632 9334 7555 9393 7461 9309 7427 9233            
L  2 4    4     0    00    00              11                           
 1237 6669 1256 6586 1182 6383 1176 6196 1200 6141 1258 6112 1638 6230  
 1673 6215 1680 6185 1640 6042 1632 5858                                
L  2 3    5     0    00    00              16                           
 1237 6669 1109 6585 1092 6522 1097 6400 1059 6324 1054 6143 1038 5989  
 1041 5926 1114 5693 1117 5606 1085 5358 1141 5178 1269 5105 1323 5026  
 1340 4954 1333 4929                                                    
L  2 4    6     0    00    00               2                           
 614510000 6163 9964                                                    
L  2 3    7     1    00    00               2                           
 1333 4929 1297 4877                                                    
L  2 2    8     1    00    00               2                           
 4883 9908 4898 9941                                                    
L  2 2    9     0    00    00               2                           
 4898 9941 492410000                                                    
L  2 3   10     0    00    00               2                           
 1069 7182 1009 7424                                                    
L  2 5   11     0    00    00               9                           
 1069 7182 1259 7272 1433 7172 1559 7058 1986 7044 2171 7101 2286 7101  
 2448 7201 2598 7201                                                    
L  2 2   12     0    00    00              14                           
 3702 8914 3732 8887 3987 8975 4323 8926 4449 9100 4452 9197 4475 9218  
 4517 9216 4570 9179 4609 9179 4746 9339 4737 9501 4762 9701 4883 9908  
L  2 5   13     0    00    00              13                           
 2598 7201 2633 7501 2610 7773 2517 7888 2506 8245 2575 8346 2586 8474  
 2690 8489 2771 8417 2933 8431 3187 8217 3417 8102 3660 8317            
L  2 5   14     0    00    00              15                           
 2598 7201 2806 7058 2933 6886 3048 6714 3187 6629 3337 6486 3463 6657  
 3475 6972 3440 7344 3556 7659 3625 7845 3764 7988 3752 8145 3706 8231  
 3660 8317                                                              
L  2 5   15     0    00    00               6                           
 3660 8317 3614 8517 3498 8617 3475 8746 3533 8846 3702 8914            
L  2 5   16     0    00    00               9                           
 571510000 5607 9842 5436 9815 5322 9673 5243 9657 5177 9678 5120 9825  
 5006 9885 4883 9908                                                    
L  2 5   17     0    00    00               3                           
 338710000 3361 9590 3304 9488                                          
L  2 2   18     0    00    00               5                           
 3304 9488 3355 9414 3520 9285 3562 9222 3702 8914                      
L  2 5   19     0    00    00               7                           
 8972 8962 8944 9100 8843 9222 8752 9265 8507 9525 8430 9534 8250 9371  
L  2 5   20     0    00    00               4                           
 7938 8265 7872 8355 7756 8355 7615 8527                                
L  2 4   21     0    00    00               9                           
 7427 9233 7349 9316 7367 9418 7309 9519 7281 9557 7299 9622 7261 9676  
 7350 9941 745210000                                                    
L  2 5   22     0    00    00               4                           
 7480 8013 7519 8117 7536 8347 7615 8527                                
L  2 5   23     0    00    00               5                           
 7615 8527 7515 8650 7512 8880 7421 8966 7427 9233                      
L  2 3   24     0    00    00              20                           
 1297 4877 1260 4867 1162 4883 1070 4804 1017 4681  890 4598  804 4592  
  740 4527  679 4525  522 4585  489 4565  446 4454  398 4386  327 4354  
  200 4341  173 4299  165 4064   91 3964   60 3963    0 4001            
L  2 2   25     0    00    00              10                           
 1009 7424  860 7378  528 7472  451 7474  394 7442  301 7319  246 7294  
  217 7309    1 7565    0 7565                                          
L  2 5   26     0    00    00               4                           
    0 7197   89 7087   76 6981    0 6896                                
H1 7    0    0    0    1    2 0507 0507                                 
P  7 6    1 8377 8201 0 1                                               
01 3 8377 8201              00  í‹ñÿçË                                  
