M 564100î÷èÈïxâ™              5    5   41    4    1  164                
H2 1    5    7    4    0   74 0507 0507                                 
N  1 1    1 2426    0 1 3    1    5   -7    0    0    0    0    0    0  
N  1 2    2 3104 4399 0 3    4    2   -1    0    0    0    0    0    0  
N  1 1    3    0 4618 1 3   -2    6   -5    0    0    0    0    0    0  
N  1 2    4 2984 1251 0 2    3   -3    0    0    0    0    0    0    0  
N  1 1    5 326910000 1 3    7   -6   -4    0    0    0    0    0    0  
L  1 5    1     0    11    20 754399999   147                           
 2426    0 2422  126 2440  193 2445  247 2460  293 2474  350 2490  393  
 2515  425 2524  460 2529  523 2538  555 2560  571 2605  576 2637  566  
 2664  566 2691  582 2687  601 2635  617 2624  633 2624  641 2640  690  
 2649  690 2669  679 2673  687 2673  701 2689  765 2692  800 2685  830  
 2669  863 2683  895 2701  900 2728  884 2760  871 2773  876 2784  865  
 2800  838 2816  841 2823  854 2823  873 2843  919 2846  954 2841  995  
 2830 1043 2839 1076 2848 1138 2868 1162 2871 1192 2902 1246 2905 1278  
 2900 1308 2898 1364 2903 1367 2900 1370 2860 1375 2839 1386 2808 1410  
 2803 1427 2790 1513 2794 1540 2817 1607 2822 1664 2820 1697 2824 1775  
 2847 1948 2906 2120 2920 2209 2938 2282 2954 2320 2961 2347 2949 2423  
 2974 2493 2997 2520 3015 2514 3056 2512 3060 2506 3083 2514 3054 2571  
 3042 2611 3045 2655 3056 2728 3052 2773 3056 2784 3083 2838 3099 2841  
 3108 2838 3131 2819 3169 2814 3172 2822 3158 2906 3165 2989 3172 2997  
 3181 3032 3199 3073 3201 3076 3233 3076 3249 3065 3278 3054 3296 3057  
 3305 3084 3303 3146 3290 3154 3222 3146 3229 3170 3231 3194 3226 3200  
 3249 3240 3263 3246 3292 3238 3317 3216 3326 3213 3360 3235 3385 3283  
 3403 3281 3419 3291 3403 3332 3403 3354 3394 3364 3380 3362 3365 3348  
 3351 3343 3331 3362 3326 3399 3313 3440 3243 3410 3234 3410 3215 3419  
 3197 3446 3186 3481 3175 3548 3161 3575 3159 3602 3184 3626 3186 3635  
 3168 3689 3164 3734 3119 3807 3126 3848 3130 3932 3126 3991 3119 4013  
 3112 4015 3110 4107 3117 4183 3101 4253 3097 4364 3102 4369 3104 4399  
L  1 4    2     0    20    31 7543 7545    86                           
 3104 4399 3066 4388 3007 4361 2973 4401 2944 4445 2912 4483 2867 4520  
 2810 4553 2797 4547 2776 4496 2761 4518 2722 4553 2672 4591 2627 4631  
 2584 4634 2573 4626 2528 4648 2496 4683 2417 4653 2367 4642 2318 4659  
 2216 4718 2175 4729 2130 4726 2101 4721 1997 4734 1967 4775 1943 4824  
 1904 4861 1879 4864 1857 4853 1814 4845 1732 4859 1696 4859 1687 4856  
 1683 4835 1687 4797 1705 4751 1698 4694 1676 4654 1662 4616 1648 4562  
 1583 4541 1540 4478 1537 4470 1524 4457 1515 4454 1438 4492 1422 4519  
 1404 4570 1388 4587 1343 4616 1212 4646 1167 4649 1126 4657 1117 4668  
 1095 4676 1065 4646 1054 4649 1006 4698  972 4690  939 4673  898 4676  
  853 4620  778 4584  748 4531  726 4525  642 4560  615 4552  574 4523  
  522 4555  461 4585  418 4582  387 4525  357 4504  344 4509  312 4574  
  267 4569  235 4580  213 4631  199 4680  179 4704  131 4685   84 4645  
   16 4618    0 4618                                                    
L  1 5    3     0    40    40 754399999    11                           
 2984 1251 2968 1254 2954 1240 2945 1224 2945 1210 2952 1170 2970 1165  
 2970 1159 2991 1173 2995 1200 2984 1251                                
L  1 5    4     0    20    51 754599999   105                           
 3104 4399 3113 4418 3120 4445 3115 4466 3115 4539 3120 4571 3107 4714  
 3109 4836 3107 4882 3114 4990 3109 5030 3112 5079 3121 5133 3119 5190  
 3146 5303 3144 5343 3164 5357 3176 5360 3198 5376 3198 5397 3169 5400  
 3155 5408 3142 5443 3144 5451 3155 5451 3155 5446 3210 5487 3239 5486  
 3257 5497 3253 5511 3244 5516 3194 5514 3144 5505 3140 5516 3146 5535  
 3153 5541 3167 5568 3165 5573 3149 5578 3101 5576 3092 5578 3074 5632  
 3065 5692 3054 5735 3054 5749 3041 5832 3025 5913 3003 6064 3005 6113  
 3001 6240 3012 6467 3010 6515 3026 6553 3033 6666 3028 6720 3031 6820  
 3042 6958 3065 7069 3067 7117 3065 7274 3059 7333 3048 7395 3027 7563  
 3003 7582 2996 7606 3003 7671 2994 7700 2982 7725 2976 7800 2976 7838  
 2980 7879 2981 7930 2976 7987 2974 8127 2967 8200 2956 8292 2954 8367  
 2961 8510 2979 8670 2975 8786 2982 8834 2982 8886 2978 8915 2980 8942  
 3003 9004 3003 9045 2971 9250 2967 9326 2981 9544 2972 9696 2974 9831  
 2979 9901 2995 9920 3013 9952 3009 9979 3015 9982 3047 9979 3058 9971  
 3065 9947 3079 9947 3090 9965 3108 9971 3142 9974 3237 9974 326910000  
L  1 9    5     9    11    3188888 7543     3                           
 2426    0    0    0    0 4618                                          
L  1 9    6     9    31    5188888 7545     3                           
    0 4618    010000 326910000                                          
L  1 9    7     9    51    118888899999     4                           
 326910000100001000010000    0 2426    0                                
A  199999    1 6556 5078   5                                            
    1    4    7    0    3                                               
A  1 7543    2 1498 2519   3                                            
    5   -2   -1                                                         
A  1 7545    3 1533 7116   3                                            
    2    6   -4                                                         
A  1 7543    4 2970 1206   1                                            
   -3                                                                   
H1 2    0   29    0    0   71 0507 0507                                 
L  2 4    1     0    00    00               4                           
    0 9408   76 9492  126 9507  190 9502                                
L  2 2    2     0    00    00               2                           
 1446    0 1416  122                                                    
L  2 4    3     0    00    00               8                           
 1002 3486 1116 3524 1416 3509 1531 3472 1698 3389 2043 3354 2278 3469  
 2485 3491                                                              
L  2 4    4     0    00    00               5                           
  669    0  619  102  688  159  801  124  909  132                      
L  2 4    5     0    00    00               7                           
    0 1885  286 1523  357 1045  428  897  650  745  662  548  909  132  
L  2 4    6     0    00    00               3                           
 1416  122 1714   93 1833    0                                          
L  2 2    7     0    00    00               3                           
 1416  122 1222 1164 1002 3486                                          
L  2 4    8     0    00    00               2                           
  909  132 1416  122                                                    
L  2 4    9     0    00    00              12                           
 2425 5775 2387 5934 2247 5992 2103 6001 1977 6094 1924 6223 1786 6373  
 1632 6495 1493 6546 1247 6747 1096 6928  551 7163                      
L  2 4   10     0    00    00               7                           
  190 9502  277 9487  402 9566  564 9682  969 9705 1145 9733 1402 9746  
L  2 4   11     0    00    00               2                           
  551 7163    0 7483                                                    
L  2 2   12     0    00    00               7                           
  551 7163  460 7325  375 7681   58 8353   20 8580   28 8770  190 9502  
L  2 4   13     0    00    00               6                           
 2253    0 2251   22 2051   25 2010  188 2009  229 2058  512            
L  2 4   14     0    00    00              16                           
 2058  512 2308  440 2327  434 2341  420 2353  401 2360  389 2380  372  
 2403  365 2421  368 2429  380 2432  543 2435  559 2447  595 2461  645  
 2466  702 2470  718                                                    
L  2 4   15     0    00    00              15                           
 2470  718 2510  831 2514  876 2508  935 2513 1250 2464 1419 2352 2142  
 2391 2527 2257 2732 2217 2955 2139 3043 2199 3129 2228 3231 2338 3293  
 2485 3491                                                              
L  2 5   16     0    00    00               7                           
 2058  512 2097  630 2071  727 2154  935 2229  892 2375  762 2470  718  
L  2 4   17     0    00    00               7                           
 2859 4663 2519 4965 2508 5235 2410 5379 2437 5508 2449 5608 2425 5775  
L  2 4   18     0    00    00               4                           
 2859 4663 2939 4612 2962 4544 2978 4411                                
L  2 4   19     0    00    00               4                           
 2978 4411 2987 4328 3011 4231 3022 4205                                
L  2 4   20     0    00    00               7                           
 2485 3491 2632 3554 2892 3900 2977 3981 3015 4062 3028 4137 3022 4205  
L  2 5   21     0    00    00               3                           
 2978 4411 2878 4532 2859 4663                                          
L  2 5   22     0    00    00               3                           
 3022 4205 3024 4355 2978 4411                                          
L  2 4   23     0    00    00               7                           
    0 3468  147 3306  311 3329  569 3255  862 3372  950 3427 1002 3486  
L  2 2   24     0    00    00               3                           
 1002 3486  984 3796 1003 4217                                          
L  2 2   25     0    00    00               6                           
 1003 4217 1004 4235  943 6137  819 6692  762 6843  551 7163            
L  2 2   26     0    00    00              15                           
 1003 4217  686 4218  649 4207  555 4130  491 4111  468 4113  444 4123  
  317 4230  296 4244  264 4250  201 4251  137 4241   93 4226   40 4205  
    0 4194                                                              
L  2 4   27     0    00    00              39                           
 1402 9746 1487 9476 1641 9315 1786 9315 1946 9205 2111 9151 2313 8992  
 2385 8850 2473 8805 2501 8768 2486 8671 2751 8458 2785 8457 2830 8464  
 2800 8322 2796 8240 2787 8219 2775 8056 2750 7811 2699 7692 2682 7571  
 2672 7282 2605 6996 2596 6806 2671 6711 2761 6671 2813 6626 2950 6602  
 2996 6533 2986 6356 2937 6318 2828 6326 2815 6074 2738 6031 2698 6027  
 2678 5970 2609 5916 2604 5836 2425 5775                                
L  2 2   28     0    00    00               2                           
  190 9502  40710000                                                    
L  2 4   29     0    00    00               4                           
 1402 9746 1372 9836 1279 9999 127910000                                
H1 3    0    3    0    0    8 0507 0507                                 
L  3 1    1     0    00    00              20                           
 2033    0 1969  242 1907  514 1889  560 1849  661 1761  789 1715  841  
 1637  905 1550  956 1460  989 1374  993 1251  988  863  937  763  932  
  718  940  624  979  569 1012  346 1161  129 1314    0 1458            
L  3 1    2     0    00    00               2                           
    0 9788  182 9941                                                    
L  3 1    3     1    00    00               2                           
  182 9941  24910000                                                    
H1 5    0    2    0    0    5 0507 0507                                 
L  5 1    1     0    00    00              10                           
 3041 5832 2938 5919 2262 5713 1913 5894 1594 5926 1358 6228 1069 6321  
  571 6258  259 6137    0 6122                                          
L  5 1    2     0    00    00               7                           
 2460  293 1976  542 1558  597  835  663  346  684  134  666    0 1059  
H1 7    0    0    0    1    1 0507 0507                                 
P  753    1  888 1100 0 0                                               
M 564110î÷èÈëoót              5    8   41    5    2  180                
H2 1    8   12    5    0   96 0507 0507                                 
N  1 1    1 3269    0 1 3    7   10  -12    0    0    0    0    0    0  
N  1 2    2 3050  861 0 3    1    4   -7    0    0    0    0    0    0  
N  1 2    3 3183  865 0 3   -6   -1    2    0    0    0    0    0    0  
N  1 2    4 3211  871 0 3    3    6   -2    0    0    0    0    0    0  
N  1 2    5 3211 5606 0 3    8    5   -3    0    0    0    0    0    0  
N  1 1    6    0  676 1 3   -4    9  -10    0    0    0    0    0    0  
N  1 1    7    0 6850 1 3   -5   11   -9    0    0    0    0    0    0  
N  1 1    8 336010000 1 3   12  -11   -8    0    0    0    0    0    0  
L  1 5    1     0    20    30 754699999     5                           
 3050  861 3050  872 3074  878 3166  887 3183  865                      
L  1 5    2     0    30    40 754599999    11                           
 3183  865 3183  835 3189  770 3197  757 3488  457 3496  471 3524  444  
 3540  471 3405  600 3219  792 3211  871                                
L  1 5    3     0    40    50 754699999    65                           
 3211  871 3204  892 3196 1001 3197 1041 3195 1085 3198 1228 3192 1285  
 3084 1284 3064 1292 3064 1297 3047 1310 3043 1310 3043 1316 3031 1337  
 3019 1332 3047 1451 3048 1495 3046 1527 3044 1614 3033 1678 3035 1697  
 3033 1700 3033 1738 3058 1849 3062 1958 3053 2047 3063 2109 3095 2315  
 3099 2405 3122 2559 3122 2597 3131 2668 3147 2695 3175 3015 3191 3107  
 3250 3219 3258 3251 3254 3248 3258 3276 3290 3322 3301 3349 3305 3379  
 3295 3436 3282 3563 3288 3593 3289 3690 3287 3725 3310 3874 3312 3926  
 3327 3991 3329 4018 3323 4051 3310 4248 3300 4264 3239 4399 3216 4472  
 3198 4499 3188 4536 3185 4734 3199 5013 3196 5148 3205 5241 3206 5484  
 3210 5541 3211 5606                                                    
L  1 4    4     0    20    61 7545 7546    91                           
 3050  861 3042  858 2916  862 2840  856 2708  852 2650  857 2553  853  
 2503  855 2225  841 2064  845 1968  844 1922  852 1840  845 1818  832  
 1796  788 1718  801 1720  822 1750  839 1754  861 1711  901 1669  925  
 1619  965 1593  983 1570 1013 1542 1037 1484 1053 1464 1071 1447 1128  
 1429 1155 1395 1184 1322 1235 1286 1248 1252 1253 1170 1250 1116 1252  
 1086 1268 1031 1313  965 1337  933 1358  907 1388  882 1433  864 1458  
  816 1517  797 1568  781 1622  769 1649  746 1667  720 1678  668 1713  
  642 1710  634 1691  622 1647  604 1628  599 1609  597 1577  599 1482  
  606 1449  626 1425  628 1417  618 1387  570 1335  540 1316  486 1305  
  456 1288  424 1258  401 1222  401 1182  411 1114  407 1084  388 1038  
  384 1006  382  949  371  870  355  832  345  818  271  742  239  722  
  211  700  196  681  190  665  188  641  180  632  178  638  135  683  
   93  699   75  702   69  683   55  677   33  674   27  677    0  676  
L  1 4    5     0    50    71 7546 7547   127                           
 3211 5606 3109 5589 3069 5588 3035 5580 2973 5555 2945 5538 2949 5487  
 2960 5452 2942 5438 2840 5383 2826 5369 2836 5342 2850 5313 2847 5256  
 2857 5207 2851 5180 2839 5153 2883 5113 2897 5121 2915 5126 2928 5110  
 2938 5073 2926 5062 2848 5012 2806 4966 2788 4982 2762 5014 2726 5049  
 2677 5116 2659 5170 2646 5224 2624 5278 2598 5313 2543 5353 2545 5361  
 2583 5410 2581 5456 2540 5545 2518 5583 2475 5623 2463 5628 2435 5652  
 2425 5674 2413 5722 2406 5784 2390 5811 2348 5851 2337 5881 2303 5911  
 2267 5970 2229 5972 2174 5966 2150 5979 2130 6033 2098 6055 2031 6076  
 2003 6070 1976 6045 1972 6034 1940 6015 1905 6042 1869 6060 1827 6041  
 1795 6035 1775 6054 1753 6124 1728 6140 1698 6137 1672 6145 1640 6180  
 1596 6215 1591 6258 1597 6288 1597 6312 1585 6334 1576 6423 1572 6428  
 1540 6439 1512 6455 1368 6651 1358 6653 1342 6645 1312 6637 1296 6626  
 1292 6593 1295 6553 1283 6517 1219 6454 1189 6449 1141 6432 1123 6413  
 1091 6450 1073 6485 1068 6515 1072 6550 1064 6574 1066 6593 1064 6629  
 1027 6677 1037 6753 1031 6766  999 6766  967 6752  901 6746  857 6735  
  823 6715  780 6712  742 6725  728 6733  692 6738  664 6722  646 6730  
  622 6759  569 6786  549 6821  515 6872  477 6901  422 6895  360 6862  
  308 6862  260 6867  210 6850  156 6838  130 6849   88 6859   46 6859  
    0 6850                                                              
L  1 4    6     0    40    30 7545 7546     2                           
 3211  871 3183  865                                                    
L  1 5    7     0    11    20 754599999    44                           
 3269    0 3302   38 3366   87 3451  156 3575  244 3593  269 3668  407  
 3686  416 3698  429 3694  440 3676  443 3664  432 3630  377 3585  290  
 3549  284 3485  235 3304   84 3304   62 3256   10 3200   10 3197  110  
 3200  248 3198  270 3202  335 3202  392 3209  470 3245  468 3245  492  
 3239  495 3205  492 3205  516 3177  524 3143  526 3105  523 3091  507  
 3057  504 3050  520 3055  701 3045  720 3043  736 3045  777 3043  823  
 3050  842 3050  861                                                    
L  1 5    8     0    50    81 754799999    63                           
 3211 5606 3218 5839 3225 5885 3238 6091 3267 6265 3312 6498 3367 6734  
 3390 6802 3416 6902 3475 7082 3532 7231 3556 7275 3605 7343 3633 7370  
 3679 7357 3704 7341 3714 7339 3726 7344 3753 7431 3741 7439 3733 7425  
 3720 7363 3627 7397 3615 7413 3654 7592 3652 7617 3642 7638 3621 7663  
 3569 7719 3488 7905 3473 7951 3449 8013 3434 8061 3426 8207 3413 8299  
 3411 8348 3398 8421 3392 8524 3385 8564 3382 8713 3385 8859 3381 8870  
 3382 9046 3390 9138 3407 9185 3403 9212 3407 9293 3401 9317 3396 9417  
 3383 9509 3393 9547 3409 9545 3407 9561 3383 9620 3371 9642 3350 9712  
 3340 9728 3340 9758 3350 9793 3355 9845 3341 9923 3354 9996 336010000  
L  1 9    9     9    61    7188888 7546     2                           
    0  676    0 6850                                                    
L  1 9   10     9    11    6188888 7545     3                           
 3269    0    0    0    0  676                                          
L  1 9   11     9    71    8188888 7547     3                           
    0 6850    010000 336010000                                          
L  1 9   12     9    81    118888899999     4                           
 336010000100001000010000    0 3269    0                                
A  199999    1 6599 4995   6                                            
    7    1    2    3    8   12                                          
A  1 7545    2 1060  859   3                                            
   10   -4   -7                                                         
A  1 7546    3 1646 3752   6                                            
    4    9   -5   -3    6   -1                                          
A  1 7545    4 3319  660   2                                            
   -6   -2                                                              
A  1 7547    5 1815 7485   3                                            
    5   11   -8                                                         
H1 2    0   22    0    0   57 0507 0507                                 
L  2 2    1     0    00    00               3                           
    0 9136  139 9100  418 9085                                          
L  2 4    2     0    00    00               6                           
 1108 4570 1559 4936 1828 5355 2304 5520 2528 5451 2585 5392            
L  2 4    3     0    00    00               6                           
    0 7290   64 7420   55 7502   95 7750  180 7778    0 8210            
L  2 2    4     0    00    00              10                           
    0 2064  284 2384  443 2519  489 2600  522 2736  547 2985  571 3079  
  647 3173  639 3271  964 3325                                          
L  2 4    5     0    00    00               3                           
 1319 8912 1135 9010  418 9085                                          
L  2 4    6     0    00    00               6                           
    0 4403  618 4317  830 4412  894 4460  931 4457 1108 4570            
L  2 2    7     0    00    00               2                           
  964 3325 1108 4570                                                    
L  2 4    8     0    00    00               9                           
 2585 5392 2617 5387 2670 5406 2658 6543 2613 7324 2673 7746 2709 7872  
 2685 8561 2646 8710                                                    
L  2 2    9     0    00    00               9                           
 1108 4570 1110 4780  816 7374  726 7652  701 7780  704 8153  691 8269  
  453 8915  418 9085                                                    
L  2 4   10     0    00    00               6                           
 2646 8710 2278 8678 1756 8688 1639 8755 1579 8765 1319 8912            
L  2 4   11     0    00    00              17                           
 2409 2555 2405 2611 2413 2699 2484 2857 2494 2994 2464 3169 2406 3351  
 2410 3393 2521 3387 2552 3466 2586 3660 2561 3732 2513 4705 2583 4708  
 2594 4836 2544 5297 2585 5392                                          
L  2 4   12     0    00    00               2                           
 2409 2555 2460 2490                                                    
L  2 4   13     0    00    00               2                           
 2392 2416 2460 2490                                                    
L  2 4   14     0    00    00              13                           
 2460 2490 2864 2931 2911 2969 2973 3076 3002 3142 3029 3285 3026 3349  
 3009 3878 2989 4187 2970 4458 2961 4514 2930 4577 2755 4840            
L  2 5   15     0    00    00               2                           
 2392 2416 2409 2555                                                    
L  2 4   16     0    00    00              10                           
 1789 9963 1778 9883 1747 9780 1654 9669 1585 9545 1572 9420 1528 9317  
 1474 9244 1423 9237 1319 8912                                          
L  2 2   17     0    00    00               9                           
  407    0  922 1185 1140 1756 1167 1955 1164 2145 1130 2336  995 2810  
  947 3032  964 3325                                                    
L  2 4   18     0    00    00              30                           
 1279    0 1243  142 1457  956 1520  918 1640  745 1670  771 1684  779  
 1713  787 1744  792 1802  810 1841  827 1867  834 1898  834 1914  832  
 1930  827 1936  819 1986  827 2001  832 2008  838 2015  855 2023  923  
 2058 1160 2046 1283 2067 1383 2048 1524 2119 2010 2172 2178 2235 2262  
 2294 2305 2392 2416                                                    
L  2 2   19     0    00    00               4                           
  418 9085  316 9615  249 9767  11610000                                
L  2 4   20     0    00    00               8                           
 2646 8710 2905 8732 3016 8894 3019 9283 3033 9321 3123 9401 3160 9701  
 313410000                                                              
L  2 5   21     0    00    00               2                           
 179410000 1789 9963                                                    
L  2 4   22     0    00    00               2                           
 177810000 1789 9963                                                    
H1 3    0    4    0    0   11 0507 0507                                 
L  3 1    1     0    00    00              25                           
  273   21  377  145  440  256  484  371  509  557  509  683  485  819  
  395 1140  359 1300  351 1599  332 1926  413 2399  431 2508  579 3396  
  651 3856  686 3964  735 4073  855 4337  908 4457 1016 4714 1026 4840  
 1013 4933  934 5697  876 6186  837 6690                                
L  3 1    2     1    00    00               2                           
  837 6690  804 6813                                                    
L  3 1    3     0    00    00               6                           
  804 6813  780 6890  280 7800  170 8006   86 8145    0 8266            
L  3 1    4     1    00    00               2                           
  249    0  273   21                                                    
H1 5    0    3    0    0    8 0507 0507                                 
L  5 1    1     0    00    00               3                           
 3569 7719 2854 8154 2007 8001                                          
L  5 1    2     0    00    00               9                           
 2007 8001 1931 7987 1630 8589 1209 8666 1123 8802 1107 8922 1002 9216  
  794 9356    0 9362                                                    
L  5 1    3     0    00    00              13                           
 2007 8001 1929 7601 1507 7528 1383 7671 1312 7962 1142 8045  831 7917  
  781 8048  847 8289  796 8439  663 8483  426 8377    0 7819            
H1 7    0    0    0    2    3 0507 0507                                 
P  7 4    1 2854 8154 0 1                                               
01 3 2854 8154              00  êøåÀêÏ                                  
P  753    2 1266 3566 0 0                                               
M 564120íÀå¥                  3    6   45    4    0  148                
H2 1    6    9    4    0   60 0507 0507                                 
N  1 1    1 3360    0 1 3    4    7   -9    0    0    0    0    0    0  
N  1 2    2 3054 1286 0 3    1    2   -4    0    0    0    0    0    0  
N  1 2    3 2376 8585 0 3    5   -3   -1    0    0    0    0    0    0  
N  1 1    4    0  626 1 3    6   -7   -2    0    0    0    0    0    0  
N  1 1    5    0 8684 1 3    8   -6    3    0    0    0    0    0    0  
N  1 1    6 230510000 1 3    9   -8   -5    0    0    0    0    0    0  
L  1 5    1     0    20    30 756399999    76                           
 3054 1286 3040 1457 3033 1546 3031 1608 2996 1713 2984 1778 2972 1889  
 2963 2051 2954 2119 2944 2159 2924 2294 2912 2337 2884 2399 2860 2494  
 2835 2618 2825 2686 2781 2886 2767 2980 2753 3137 2742 3188 2742 3234  
 2730 3331 2726 3537 2728 3653 2726 3715 2728 3826 2736 3888 2747 3920  
 2745 3958 2731 4009 2724 4066 2724 4123 2713 4234 2710 4342 2680 4347  
 2664 4396 2622 4609 2612 4814 2610 5020 2592 5184 2590 5282 2583 5403  
 2588 5517 2581 5663 2576 5719 2586 5806 2581 5981 2593 6041 2598 6127  
 2591 6173 2544 6338 2537 6357 2474 6630 2458 6751 2439 6832 2437 6900  
 2428 6967 2414 7027 2419 7124 2412 7264 2414 7418 2419 7488 2412 7561  
 2415 7618 2426 7675 2429 7740 2427 7845 2429 7991 2436 8039 2404 8148  
 2387 8283 2373 8364 2362 8485 2367 8520 2381 8574 2376 8585            
L  1 3    2     0    20    41 7547 7563    59                           
 3054 1286 3035 1284 2997 1273 2929 1246 2795 1208 2567 1174 2400 1141  
 2350 1139 2301 1144 2280 1136 2117 1037 1993 1018 1795 1005 1769  999  
 1713  999 1652 1005 1548  975 1485 1005 1454  986 1400  916 1369  884  
 1329  875 1282  886 1252  905 1226  905 1184  868 1167  870 1141  897  
 1120  943 1104 1054 1085 1089 1059 1084 1012 1060  913 1033  859  971  
  817  949  796  919  767  903  720  892  676  876  659  863  607  785  
  539  717  518  674  466  609  438  590  388  588  337  580  250  534  
  235  537  172  588  132  591   73  594   47  564   38  559   36  561  
   24  604   10  623    0  626                                          
L  1 3    3     0    51    30 7206 7563    49                           
    0 8684    2 8674   61 8609   89 8598  120 8606  153 8609  343 8565  
  397 8554  442 8538  473 8514  501 8481  508 8468  522 8462  534 8468  
  623 8471  651 8481  734 8541  790 8624  882 8681  918 8697  943 8692  
  979 8657 1012 8643 1040 8627 1077 8594 1124 8575 1162 8581 1183 8643  
 1205 8691 1226 8716 1275 8729 1346 8772 1447 8818 1494 8845 1534 8861  
 1579 8869 1635 8864 1682 8837 1725 8804 1755 8775 1765 8748 1798 8734  
 1910 8704 1969 8699 2103 8707 2179 8691 2233 8655 2329 8609 2376 8585  
L  1 5    4     0    11    20 754799999    26                           
 3360    0 3362   22 3360   44 3348   81 3303  138 3294  160 3273  225  
 3264  238 3261  279 3254  325 3252  373 3245  411 3229  435 3224  471  
 3191  565 3175  638 3163  657 3151  695 3144  743 3133  906 3117  930  
 3098 1022 3096 1060 3086 1092 3084 1168 3054 1286                      
L  1 5    5     0    30    61 720699999    14                           
 2376 8585 2362 8658 2355 8739 2334 8839 2332 8866 2337 9152 2326 9306  
 2305 9460 2300 9576 2291 9738 2291 9817 2305 9965 2298 9998 230510000  
L  1 9    6     9    41    5188888 7563     2                           
    0  626    0 8684                                                    
L  1 9    7     9    11    4188888 7547     3                           
 3360    0    0    0    0  626                                          
L  1 9    8     9    51    6188888 7206     3                           
    0 8684    010000 230510000                                          
L  1 9    9     9    61    118888899999     4                           
 230510000100001000010000    0 3360    0                                
A  199999    1 6305 5024   4                                            
    4    1    5    9                                                    
A  1 7547    2 1832  642   3                                            
    7   -2   -4                                                         
A  1 7563    3 1309 4700   4                                            
    2    6    3   -1                                                    
A  1 7206    4 1166 9225   3                                            
   -3    8   -5                                                         
H1 2    0   33    0    0   78 0507 0507                                 
L  2 4    1     0    00    00               3                           
  760 5790  822 5685 1167 5287                                          
L  2 2    2     0    00    00               4                           
  676 6257  450 6894  434 6974  459 7259                                
L  2 2    3     0    00    00               3                           
  760 5790  740 6048  676 6257                                          
L  2 4    4     0    00    00               2                           
    0 7437  267 7338                                                    
L  2 4    5     0    00    00               4                           
    0 6508  103 6519  545 6252  676 6257                                
L  2 4    6     0    00    00               5                           
 2862 1842 2849 1837 2840 1828 2821 1799 2687 1526                      
L  2 4    7     0    00    00              23                           
 2687 1526 2668 1581 2662 1772 2613 1857 2601 1946 2441 2356 2272 2278  
 2165 2283 2069 2245 1675 3023 1673 3062 1613 3190 1514 3165 1393 3439  
 1350 3451 1300 3544 1292 3622  877 3551  774 3589  888 3829 1023 4043  
 1079 4328 1062 4625                                                    
L  2 4    8     0    00    00               4                           
 1167 5287 1108 4935 1059 4795 1062 4625                                
L  2 4    9     0    00    00              22                           
 1167 5287 1279 5372 1391 5418 1328 5740 1349 5830 1385 5866 1474 5883  
 1823 6159 1881 6272 2023 6192 2050 6223 2256 6283 2352 6424 2398 6454  
 2389 6712 2318 6898 2286 7706 2233 8196 2160 8192 2133 8327 1956 8301  
 1842 8233                                                              
L  2 4   10     0    00    00               2                           
  267 7338  459 7259                                                    
L  2 5   11     0    00    00               2                           
    0 2094   94 2090                                                    
L  2 2   12     0    00    00              15                           
   94 2090   89 2158  100 2297  183 2528  448 2916  483 3001  498 3094  
  445 3651  480 3761  732 4133  844 4361  892 4640  884 4763  783 5256  
  760 5790                                                              
L  2 4   13     0    00    00               6                           
  459 7259  498 7241  565 7239  594 7252  636 7283  942 7650            
L  2 4   14     0    00    00               6                           
  942 7650 1282 8012 1316 8146 1504 8287 1764 8306 1842 8233            
L  2 5   15     0    00    00               3                           
  267 7338  377 7628  942 7650                                          
L  2 4   16     0    00    00               2                           
 2893 1842 2896 1803                                                    
L  2 4   17     0    00    00               2                           
 2893 1842 2893 1874                                                    
L  2 4   18     0    00    00               2                           
 2862 1842 2879 1842                                                    
L  2 4   19     0    00    00               2                           
 2879 1842 2893 1842                                                    
L  2 4   20     0    00    00               2                           
 2879 1842 2878 1858                                                    
L  2 4   21     0    00    00               8                           
 2878 1858 2855 1961 2667 2466 2647 2531 2634 2614 2640 2725 2667 2837  
 2689 2885                                                              
L  2 4   22     0    00    00              14                           
 1062 4625 1146 4566 1338 4498 1432 4448 1580 4438 1702 4287 1798 4260  
 1952 4340 2060 4330 2182 4254 2548 3666 2633 3460 2617 3176 2689 2885  
L  2 4   23     0    00    00               3                           
 2689 2885 2932 1913 2893 1874                                          
L  2 5   24     0    00    00               2                           
 2893 1874 2878 1858                                                    
L  2 5   25     0    00    00               2                           
 2878 1858 2862 1842                                                    
L  2 5   26     0    00    00               2                           
 2896 1803 2862 1842                                                    
L  2 4   27     0    00    00               8                           
 2687 1526 2584 1380 2536 1221 2470 1078 2286  769 2219  515 2233  438  
 1970  308                                                              
L  2 2   28     0    00    00               6                           
  116    0   58  129   48  345  116  726  124 1712   94 2090            
L  2 4   29     0    00    00               7                           
 3134    0 3106  326 3046  486 2984 1576 2970 1624 2917 1713 2896 1803  
L  2 5   30     0    00    00               3                           
 1970  308 1810  120 1794    0                                          
L  2 4   31     0    00    00               3                           
 1970  308 1720  202 1778    0                                          
L  2 2   32     0    00    00               7                           
  459 7259  627 8046  989 8757 1045 8905 1060 9110  996 9773  92610000  
L  2 4   33     0    00    00               8                           
 1842 8233 1877 8364 1866 8668 1947 9081 1946 9305 1911 9709 1918 9779  
 200410000                                                              
H1 3    0    3    0    0    7 0507 0507                                 
L  3 1    1     0    00    00               5                           
    0 7408    9 7476   29 7719   69 8243   97 8473                      
L  3 1    2     1    00    00               4                           
   97 8473  100 8505  116 8594  144 8699                                
L  3 1    3     0    00    00              11                           
  144 8699  254 8959  272 9063  276 9160  256 9361  262 9485  286 9621  
  315 9673  348 9726  393 9841  42810000                                
M 564130ëÂ·P                  5    2   18    2    1   67                
H2 1    2    3    2    0   25 0507 0507                                 
N  1 1    1 2305    0 1 3    1    2   -3    0    0    0    0    0    0  
N  1 1    2 185510000 1 3    3   -2   -1    0    0    0    0    0    0  
L  1 5    1     0    11    21 720699999    96                           
 2305    0 2314   41 2329  276 2346  347 2383  469 2395  561 2400  675  
 2397  798 2398  921 2410 1180 2424 1422 2421 1515 2445 1616 2461 1701  
 2465 1795 2483 1942 2459 2016 2426 2098 2402 2194 2399 2227 2341 2469  
 2325 2566 2326 2603 2314 2646 2287 2882 2258 2937 2230 3022 2195 3107  
 2178 3200 2168 3307 2138 3447 2124 3564 2123 3724 2117 3817 2101 3941  
 2099 4062 2084 4175 2080 4271 2086 4387 2096 4485 2100 4581 2100 4781  
 2097 4819 2073 4859 2089 4891 2115 4976 2123 5055 2124 5167 2113 5321  
 2125 5443 2165 5886 2201 5996 2211 6134 2231 6274 2245 6331 2238 6377  
 2227 6419 2217 6484 2224 6684 2209 6742 2175 6803 2168 6825 2175 6950  
 2172 6971 2194 7115 2197 7153 2156 7270 2136 7316 2101 7369 2085 7412  
 2048 7490 2018 7579 1977 7728 1942 7904 1913 7968 1896 8045 1850 8216  
 1845 8268 1832 8321 1808 8394 1741 8711 1719 8905 1721 8991 1736 9076  
 1734 9118 2467 9326 2444 9463 2501 9661 2461 9864 2448 9860 2486 9662  
 2425 9476 2058 9376 1948 9949 1870 9937 185510000                      
L  1 9    2     9    11    2188888 7206     4                           
 2305    0    0    0    010000 185510000                                
L  1 9    3     9    21    118888899999     4                           
 185510000100001000010000    0 2305    0                                
A  199999    1 6059 4998   2                                            
    1    3                                                              
A  1 7206    2 1059 5000   2                                            
    2   -1                                                              
H1 2    0   12    0    0   28 0507 0507                                 
L  2 4    1     0    00    00               8                           
  767 2174  798 2105  957 1958  957 1545 1618  868 1968  743 2042  639  
 2237  527                                                              
L  2 4    2     0    00    00               6                           
    0 2856   85 2863  350 2805  449 2714  664 2642  819 2720            
L  2 3    3     0    00    00               7                           
    0 7597   46 7593  361 7643  847 7620 1040 7733 1179 7758 1269 7834  
L  2 4    4     0    00    00               5                           
    0 6130  216 6118  292 6366 1150 6085 1579 6114                      
L  2 2    5     0    00    00               3                           
  767 2174  840 2466  819 2720                                          
L  2 4    6     0    00    00              16                           
 2237  527 2270  601 2228  812 2274 1150 2206 1315 2320 1637 2064 2935  
 2071 3200 2043 3377 1971 3516 1876 3611 1603 3836 1584 3917 1586 5424  
 1602 5618 1579 6114                                                    
L  2 2    7     0    00    00               4                           
  819 2720  781 2853  317 3824    0 4182                                
L  2 4    8     0    00    00               3                           
 1579 6114 1834 6134 2045 5862                                          
L  2 4    9     0    00    00               8                           
 1579 6114 1561 6566 1484 6867 1487 7325 1518 7572 1449 7667 1350 7735  
 1269 7834                                                              
L  2 2   10     0    00    00               5                           
  926    0  682  490  538  981  550 1447  767 2174                      
L  2 4   11     0    00    00               3                           
 2004    0 2172  434 2237  527                                          
L  2 3   12     0    00    00               6                           
 1269 7834 1167 7988 1120 8091  876 8990  397 9563  43910000            
H1 3    0    1    0    0    2 0507 0507                                 
L  3 1    1     0    00    00               4                           
  428    0  420  139  162  925    0 1429                                
H1 5    0    2    0    0    5 0507 0507                                 
L  5 1    1     0    00    00               6                           
 2371  426 1354  930 1052 1187  724 1168  256 1448    0 1614            
L  5 1    2     0    00    00               8                           
 2245 6331 2107 6418 1988 6388 1749 6844 1479 6796 1093 6696  281 6974  
    0 6914                                                              
H1 7    0    0    0    1    2 0507 0507                                 
P  7 4    1 2107 6418 0 1                                               
01 3 2107 6418              00  êVìcêÏ                                  
M 564140ìÏäCòV                4    8   17    4    1   87                
H2 1    8   11    4    0   65 0507 0507                                 
N  1 1    1 1855    0 1 3    6    9  -11    0    0    0    0    0    0  
N  1 2    2 1814  154 0 3    1    4   -6    0    0    0    0    0    0  
N  1 2    3 1178 6252 0 3    7   -5   -1    0    0    0    0    0    0  
N  1 2    4 1560   19 0 2   -3    2    0    0    0    0    0    0    0  
N  1 1    5    0  189 1 3    8   -9   -2    0    0    0    0    0    0  
N  1 2    6 1538  120 0 2   -4    3    0    0    0    0    0    0    0  
N  1 1    7    0 7000 1 3    5   10   -8    0    0    0    0    0    0  
N  1 1    8  58010000 1 3   11  -10   -7    0    0    0    0    0    0  
L  1 5    1     0    20    30 756299999    75                           
 1814  154 1789  244 1520  182 1518  206 1485  320 1472  398 1439  555  
 1422  690 1406  777 1395  869 1367  966 1338 1110 1338 1126 1325 1177  
 1316 1359 1307 1467 1308 1593 1307 1646 1313 1721 1324 1781 1329 1849  
 1337 1879 1361 1926 1572 1911 1652 1979 1655 1988 1645 2005 1568 1943  
 1563 1936 1341 1962 1326 1975 1283 2018 1246 2076 1218 2146 1192 2225  
 1216 2301 1178 2533 1169 2635 1171 2754 1165 2946 1171 2995 1165 3047  
 1156 3255 1156 3422 1149 3498 1154 3685 1163 3777 1163 3974 1167 4109  
 1178 4180 1180 4350 1191 4477 1216 4648 1231 4742 1246 4861 1288 4891  
 1299 4907 1275 4923 1255 4953 1231 5118 1233 5167 1205 5170 1187 5213  
 1176 5329 1178 5335 1176 5429 1163 5527 1159 5662 1165 5805 1161 5846  
 1181 6070 1196 6149 1196 6214 1189 6241 1178 6252                      
L  1 3    2     0    40    51 7206 7562    53                           
 1560   19 1476   55 1391   79 1226   98 1215  104 1178  161 1164  171  
 1158  188 1162  288 1142  347 1112  388 1070  404 1019  407 1004  399  
  967  366  936  347  876  264  859  218  861  212  837  193  758  175  
  652  104  641  112  633  131  602  223  573  278  564  286  549  315  
  545  367  551  440  551  491  545  564  531  616  520  629  494  640  
  470  643  441  624  422  583  404  567  382  559  378  535  380  524  
  375  500  303  226  296  153  294   83  276   56  167   21  149   21  
  127   35  107   78   61  143    0  189                                
L  1 3    3     1    60    40 7206 7562     2                           
 1538  120 1560   19                                                    
L  1 3    4     0    20    60 7206 7562     2                           
 1814  154 1538  120                                                    
L  1 3    5     0    71    30 7209 7562    21                           
    0 7000    4 7003   50 6956   74 6940  145 6937  171 6916  202 6875  
  274 6564  303 6477  325 6445  384 6383  486 6331  567 6309  701 6258  
  699 6177  703 6179  732 6179  886 6217 1077 6252 1152 6254 1178 6252  
L  1 5    6     0    11    20 720699999     2                           
 1855    0 1814  154                                                    
L  1 5    7     0    30    81 720999999    63                           
 1178 6252 1198 6341 1205 6422 1216 6484 1218 6592 1225 6671 1240 6730  
 1242 6792 1238 6952 1233 6990 1227 7198 1231 7320 1245 7404 1256 7431  
 1245 7498 1240 7596 1245 7655 1242 7693 1220 7755 1207 7901 1194 7923  
 1194 7983 1198 8039 1187 8066 1187 8112 1176 8185 1183 8277 1174 8402  
 1104 8754 1084 8867 1064 8935 1058 8992 1042 9040 1031 9168 1005 9216  
  996 9224  968 9306  928 9384  941 9595  924 9633  891 9649  884 9625  
  877 9622  858 9676  842 9665  825 9647  809 9647  787 9633  761 9625  
  704 9647  690 9658  675 9690  682 9725  699 9741  686 9758  660 9752  
  649 9760  642 9817  624 9863  605 9890  591 9974  583 9985  58010000  
L  1 9    8     9    51    7188888 7562     2                           
    0  189    0 7000                                                    
L  1 9    9     9    11    5188888 7206     3                           
 1855    0    0    0    0  189                                          
L  1 9   10     9    71    8188888 7209     3                           
    0 7000    010000  58010000                                          
L  1 9   11     9    81    118888899999     4                           
  58010000100001000010000    0 1855    0                                
A  199999    1 5619 5072   4                                            
    6    1    7   11                                                    
A  1 7206    2 1034  320   5                                            
    9   -2   -3   -4   -6                                               
A  1 7562    3  575 3510   6                                            
    4    3    2    8    5   -1                                          
A  1 7209    4  594 8088   3                                            
   -5   10   -7                                                         
H1 2    0    5    0    0   14 0507 0507                                 
L  2 4    1     0    00    00               3                           
    0 1508  270 1239  567 1168                                          
L  2 3    2     0    00    00               5                           
  567 1168  652 1769  713 2609  740 3814  687 4465                      
L  2 4    3     0    00    00               3                           
    0 4394  375 4369  687 4465                                          
L  2 3    4     0    00    00               3                           
  439    0  445   64  567 1168                                          
L  2 3    5     0    00    00              31                           
  687 4465  679 4556  715 4631  789 4694  833 4878  928 5102 1081 5266  
 1017 5692 1013 6197  901 6370  766 6742  611 6901  604 6944  633 7121  
  756 7201  787 7296  801 7443  836 7596  767 7649  713 7819  725 7911  
  644 8341  681 8511  677 8647  651 8777  362 9167  378 9420  338 9496  
  285 9522  194 9727  17610000                                          
H1 5    0    1    0    0    2 0507 0507                                 
L  5 1    1     0    00    00               6                           
 1326 1975  994 2004  763 2071  321 2116   75 1835    0 1771            
H1 7    0    0    0    1    2 0507 0507                                 
P  7 4    1  763 2071 0 1                                               
01 3  763 2071              00  ê^ñÏêÏ                                  
M 564150ëäîníÜë∫              2    2    4    2    0   21                
H2 1    2    3    2    0   17 0507 0507                                 
N  1 1    1  580    0 1 3    1    2   -3    0    0    0    0    0    0  
N  1 1    2    0 1286 1 3    3   -2   -1    0    0    0    0    0    0  
L  1 5    1     0    11    21 720999999    40                           
  580    0  579    7  558   41  562   65  587  115  585  176  588  195  
  536  206  516  222  492  269  486  319  461  408  454  474  454  496  
  437  524  378  558  340  592  319  663  300  757  285  890  282 1003  
  286 1111  297 1116  320 1100  340 1081  348 1085  344 1108  318 1148  
  304 1191  302 1209  257 1218  183 1224  125 1246  114 1258  109 1255  
   96 1223   65 1220   43 1233   17 1261    0 1286                      
L  1 9    2     9    11    2188888 7209     3                           
  580    0    0    0    0 1286                                          
L  1 9    3     9    21    118888899999     5                           
    0 1286    010000100001000010000    0  580    0                      
A  199999    1 5000 4355   2                                            
    1    3                                                              
A  1 7209    2  163  642   2                                            
    2   -1                                                              
H1 2    0    1    0    0    2 0507 0507                                 
L  2 3    1     0    00    00               2                           
  176    0    0   86                                                    
