M 594200ëÂí∆                  1   16   21   12    0  130                
H2 1   16   21   12    0  129 0506 0506                                 
N  1 1    1 341410000 1 3   -1  -21   16    0    0    0    0    0    0  
N  1 1    2 322410000 1 3   21  -20    1    0    0    0    0    0    0  
N  1 2    3 2992 9781 0 2    2   -2    0    0    0    0    0    0    0  
N  1 1    4 204810000 1 3   19  -18    3    0    0    0    0    0    0  
N  1 1    5 319510000 1 3   20  -19   -3    0    0    0    0    0    0  
N  1 1    6    0 1603 1 3    4   15  -16    0    0    0    0    0    0  
N  1 1    7    0 1812 1 3    5  -15   -4    0    0    0    0    0    0  
N  1 1    8    0 7592 1 3   14   -5    6    0    0    0    0    0    0  
N  1 1    9    0 8020 1 3   -6    7  -14    0    0    0    0    0    0  
N  1 1   10    0 8789 1 3   17   -7    8    0    0    0    0    0    0  
N  1 1   11  87110000 1 3   18  -17   -8    0    0    0    0    0    0  
N  1 2   12 1232 9390 0 2    9   -9    0    0    0    0    0    0    0  
N  1 2   13  605 8802 0 2   10  -10    0    0    0    0    0    0    0  
N  1 2   14  833 8937 0 2   11  -11    0    0    0    0    0    0    0  
N  1 2   15  715 8421 0 2   12  -12    0    0    0    0    0    0    0  
N  1 2   16  356 8884 0 2   13  -13    0    0    0    0    0    0    0  
L  1 5    1     0    21    11 348299999    19                           
 322410000 3220 9959 3222 9905 3229 9859 3264 9859 3293 9854 3298 9876  
 3293 9908 3295 9941 3300 9946 3300 9951 3318 9962 3352 9917 3352 9909  
 3359 9911 3373 9925 3380 9939 3409 9966 341410000                      
L  1 5    2     0    30    30 348299999    11                           
 2992 9781 2999 9786 3001 9803 2997 9824 2994 9824 2931 9810 2931 9805  
 2944 9781 2945 9756 2974 9767 2992 9781                                
L  1 5    3     0    41    51 348299999   104                           
 204810000 2057 9965 2067 9949 2065 9903 2067 9895 2089 9947 2094 9949  
 2099 9906 2097 9895 2081 9873 2076 9852 2085 9841 2070 9814 2056 9803  
 2070 9773 2113 9787 2091 9749 2093 9738 2120 9749 2123 9760 2132 9744  
 2155 9720 2180 9717 2196 9739 2202 9763 2214 9785 2221 9774 2232 9766  
 2246 9785 2250 9764 2246 9748 2241 9742 2230 9685 2240 9666 2260 9712  
 2276 9718 2283 9713 2285 9677 2297 9656 2331 9610 2315 9602 2320 9588  
 2347 9583 2354 9578 2379 9575 2407 9586 2434 9595 2445 9611 2461 9603  
 2461 9598 2475 9582 2498 9576 2514 9566 2512 9558 2528 9539 2551 9531  
 2558 9544 2553 9547 2585 9545 2624 9550 2676 9594 2674 9583 2658 9561  
 2654 9545 2674 9551 2733 9600 2744 9616 2731 9559 2738 9551 2761 9568  
 2783 9600 2813 9625 2802 9557 2807 9557 2829 9587 2840 9628 2815 9668  
 2787 9682 2776 9682 2755 9690 2774 9703 2806 9714 2808 9752 2814 9750  
 2837 9720 2844 9720 2858 9774 2876 9726 2883 9720 2913 9721 2933 9737  
 2935 9772 2910 9815 2855 9820 2839 9826 2846 9831 2919 9834 3017 9849  
 3102 9855 3165 9883 3190 9907 3206 9945 3206 9983 319510000            
L  1 5    4     0    61    71 321199999     8                           
    0 1603    1 1619   34 1679   37 1706   50 1733   45 1747   32 1750  
    0 1812                                                              
L  1 9    5     9    71    818888899999     2                           
    0 1812    0 7592                                                    
L  1 5    6     0    81    91 348299999    68                           
    0 7592   33 7587  100 7571  115 7593  136 7606  158 7636  165 7653  
  167 7680  181 7718  197 7745  221 7799  233 7810  244 7840  244 7894  
  250 7946  263 7997  261 8006  224 8027  211 8027  156 8005  138 7994  
  188 8040  227 8046  236 8057  274 8084  281 8092  272 8103  238 8081  
  231 8073  253 8138  237 8157  253 8163  283 8166  312 8217  303 8233  
  269 8228  278 8249  337 8274  335 8304  337 8353  320 8418  290 8477  
  292 8483  311 8499  310 8507  276 8509  256 8493  206 8482  146 8462  
  135 8441  131 8403  147 8332  152 8284  143 8254  141 8256  118 8256  
  104 8234   98 8169  100 8148   94 8134   92 8110   82 8099   83 8072  
   78 8061   58 8036   30 8036    8 8028    0 8020                      
L  1 9    7     9    91   1018888899999     2                           
    0 8020    0 8789                                                    
L  1 5    8     0   101   111 348299999    95                           
    0 8789   12 8786   32 8792   37 8843   46 8879   48 8903   43 8935  
   22 8962   13 8981   35 9019   74 9079   97 9093  124 9101  147 9099  
  161 9072  211 9010  239 8999  252 9013  262 9005  273 8973  298 8957  
  305 8978  314 8989  339 8973  358 8954  383 8941  401 8955  415 8971  
  426 8977  442 8996  497 8961  543 8950  568 8929  575 8918  607 8913  
  650 8916  680 8906  705 8906  717 8914  721 8949  705 8998  714 9041  
  704 9095  706 9128  713 9155  733 9185  742 9223  742 9269  762 9323  
  753 9356  752 9380  782 9429  820 9467  861 9495  900 9509  918 9509  
  943 9520  966 9498  976 9499 1024 9483 1045 9412 1049 9364 1063 9348  
 1081 9364 1090 9410 1107 9351 1120 9354 1127 9378 1131 9419 1120 9467  
 1115 9497 1122 9516 1151 9522 1156 9530 1156 9560 1162 9611 1155 9641  
 1127 9692 1086 9741 1065 9743 1026 9759 1010 9781 1003 9802 1012 9821  
 1033 9813 1051 9816 1051 9832 1033 9862 1014 9856  980 9878  918 9902  
  902 9915  890 9961  874 9988  87110000                                
L  1 5    9     0   120   120 348299999    19                           
 1232 9390 1225 9392 1223 9417 1211 9436 1211 9444 1197 9457 1181 9446  
 1163 9449 1141 9389 1139 9351 1143 9337 1180 9265 1190 9235 1217 9238  
 1237 9262 1246 9290 1246 9319 1253 9384 1232 9390                      
L  1 5   10     0   130   130 348299999    13                           
  605 8802  615 8794  621 8794  635 8832  660 8843  637 8886  628 8886  
  616 8873  594 8856  582 8842  587 8826  601 8805  605 8802            
L  1 5   11     0   140   140 348299999    10                           
  833 8937  842 8937  849 8961  819 8977  798 8974  776 8961  785 8944  
  810 8920  817 8937  833 8937                                          
L  1 5   12     0   150   150 348299999     9                           
  715 8421  717 8418  726 8429  731 8462  717 8470  697 8456  681 8440  
  683 8415  715 8421                                                    
L  1 5   13     0   160   160 348299999    13                           
  356 8884  358 8879  374 8868  393 8868  411 8852  434 8849  436 8858  
  418 8876  415 8903  401 8914  353 8938  351 8897  356 8884            
L  1 9   14     9    81    9188888 3482     2                           
    0 7592    0 8020                                                    
L  1 9   15     9    61    7188888 3211     2                           
    0 1603    0 1812                                                    
L  1 9   16     9    11    618888899999     5                           
 341410000100001000010000    0    0    0    0 1603                      
L  1 9   17     9   101   11188888 3482     3                           
    0 8789    010000  87110000                                          
L  1 9   18     9   111    418888899999     2                           
  87110000 204810000                                                    
L  1 9   19     9    41    5188888 3482     2                           
 204810000 319510000                                                    
L  1 9   20     9    51    218888899999     2                           
 319510000 322410000                                                    
L  1 9   21     9    21    1188888 3482     2                           
 322410000 341410000                                                    
A  1 3482    1 3258 9926   2                                            
   -1   21                                                              
A  199999    2 5057 7592  22                                            
   16    4    5    6    7    8   18    3   20    1    0   13    0   12  
    0   11    0   10    0    9    0    2                                
A  1 3482    3 2969 9790   1                                            
   -2                                                                   
A  1 3482    4 2553 9765   2                                            
   19   -3                                                              
A  1 3211    5   21 1716   2                                            
   15   -4                                                              
A  1 3482    6  125 8040   2                                            
   14   -6                                                              
A  1 3482    7  380 9392   2                                            
   17   -8                                                              
A  1 3482    8 1195 9346   1                                            
   -9                                                                   
A  1 3482    9  617 8839   1                                            
  -10                                                                   
A  1 3482   10  814 8950   1                                            
  -11                                                                   
A  1 3482   11  705 8442   1                                            
  -12                                                                   
A  1 3482   12  384 8894   1                                            
  -13                                                                   
M 594210â‡òIÉñäx              2   21   28   16    0  308                
H2 1   21   27   16    0  290 0506 0506                                 
N  1 1    1 3414    0 1 3    1  -27  -18    0    0    0    0    0    0  
N  1 1    2 3224    0 1 3   27   -1  -26    0    0    0    0    0    0  
N  1 1    3 2048    0 1 3   25   -7  -24    0    0    0    0    0    0  
N  1 1    4 3195    0 1 3   26    2  -25    0    0    0    0    0    0  
N  1 1    5    0 3735 1 3    3  -19   -2    0    0    0    0    0    0  
N  1 1    6    0 7424 1 3   20   -3    4    0    0    0    0    0    0  
N  1 2    7 1131 9656 0 3    5  -17   -4    0    0    0    0    0    0  
N  1 1    8 208910000 1 3   22  -21   -5    0    0    0    0    0    0  
N  1 1    9 211910000 1 3   23  -22    6    0    0    0    0    0    0  
N  1 1   10 218110000 1 3   18  -23   -6    0    0    0    0    0    0  
N  1 1   11  871    0 1 3   24    7   19    0    0    0    0    0    0  
N  1 2   12 5113 5404 0 2    8   -8    0    0    0    0    0    0    0  
N  1 2   13 4447 7422 0 2    9   -9    0    0    0    0    0    0    0  
N  1 2   14 4748 5002 0 2   10  -10    0    0    0    0    0    0    0  
N  1 2   15 4919 5001 0 2   11  -11    0    0    0    0    0    0    0  
N  1 2   16 4170 3586 0 2   12  -12    0    0    0    0    0    0    0  
N  1 2   17 3824 3436 0 2   13  -13    0    0    0    0    0    0    0  
N  1 2   18 2026 9804 0 2   14  -14    0    0    0    0    0    0    0  
N  1 2   19 1236 8152 0 2   15  -15    0    0    0    0    0    0    0  
N  1 2   20 1383 8091 0 2   16  -16    0    0    0    0    0    0    0  
N  1 1   21  78510000 1 3   21  -20   17    0    0    0    0    0    0  
L  1 5    1     0    11    21 348299999    16                           
 3414    0 3418    9 3426   15 3426   20 3408   45 3386   50 3374   33  
 3372   25 3358   28 3354   33 3328   46 3298   54 3270   40 3230   37  
 3224   16 3224    0                                                    
L  1 5    2     0    41    51 348299999   840                           
 3195    0 3190    2 3180    2 3172   31 3161   80 3165  123 3189  142  
 3193  161 3193  183 3201  199 3211  199 3221  221 3210  237 3210  251  
 3266  295 3276  273 3289  227 3319  220 3347  244 3364  304 3374  328  
 3382  353 3372  372 3348  404 3322  406 3300  414 3283  430 3283  436  
 3363  588 3351  599 3316  612 3302  626 3326  650 3354  661 3386  651  
 3386  640 3404  627 3447  605 3475  606 3501  625 3550  696 3554  718  
 3564  720 3578  748 3640  740 3664  727 3666  721 3677  676 3683  676  
 3707  722 3743  728 3767  728 3773  725 3777  674 3785  663 3829  691  
 3858  818 3848  840 3822  872 3804  875 3798  891 3809  923 3805  942  
 3791  956 3761  942 3727  939 3725  936 3711  985 3689 1011 3665 1006  
 3641  989 3607  997 3606 1019 3646 1106 3658 1146 3658 1157 3643 1214  
 3649 1238 3593 1273 3587 1286 3591 1300 3640 1374 3652 1401 3668 1406  
 3692 1436 3702 1453 3704 1480 3716 1515 3725 1564 3743 1608 3715 1618  
 3687 1621 3651 1601 3609 1603 3611 1612 3643 1653 3649 1663 3642 1696  
 3638 1699 3626 1720 3606 1714 3598 1698 3586 1693 3582 1711 3570 1730  
 3554 1719 3544 1689 3522 1705 3490 1705 3466 1710 3468 1726 3480 1762  
 3482 1773 3471 1802 3503 1824 3533 1895 3533 1930 3527 1933 3499 1916  
 3507 1943 3493 1938 3489 1930 3477 1932 3490 1957 3500 1987 3492 1995  
 3470 1989 3454 1981 3452 1970 3424 1980 3382 1961 3370 1961 3344 1953  
 3312 1936 3306 1936 3310 1941 3320 1963 3368 2004 3388 2029 3376 2034  
 3366 2031 3375 2077 3367 2083 3346 2047 3328 2028 3332 2042 3341 2074  
 3347 2099 3363 2123 3371 2132 3409 2143 3473 2195 3499 2230 3499 2249  
 3452 2273 3438 2289 3466 2295 3504 2295 3530 2307 3534 2312 3528 2331  
 3504 2366 3480 2374 3453 2425 3451 2436 3467 2444 3455 2468 3455 2476  
 3461 2466 3473 2449 3512 2420 3540 2401 3586 2361 3616 2348 3626 2351  
 3634 2373 3620 2408 3642 2416 3678 2422 3702 2449 3724 2490 3741 2547  
 3717 2587 3717 2606 3703 2617 3691 2649 3650 2660 3626 2681 3600 2697  
 3596 2697 3586 2729 3666 2722 3692 2736 3700 2760 3684 2779 3662 2784  
 3632 2781 3618 2776 3558 2767 3527 2769 3513 2786 3481 2796 3419 2774  
 3405 2776 3335 2770 3353 2795 3393 2819 3417 2844 3441 2861 3447 2874  
 3431 2882 3404 2903 3426 2912 3444 2912 3448 2917 3436 2944 3442 2947  
 3490 2929 3494 2953 3480 3010 3468 3015 3432 2990 3418 3009 3398 3028  
 3379 3055 3345 3079 3331 3084 3323 3100 3329 3133 3339 3133 3409 3093  
 3417 3090 3441 3096 3445 3126 3409 3155 3399 3158 3377 3174 3364 3214  
 3366 3239 3392 3304 3414 3326 3448 3324 3462 3326 3474 3340 3480 3335  
 3486 3316 3496 3300 3524 3281 3542 3281 3595 3263 3603 3258 3613 3266  
 3624 3290 3630 3317 3696 3391 3700 3445 3712 3467 3728 3465 3754 3459  
 3770 3484 3777 3508 3773 3522 3797 3563 3835 3577 3913 3591 3945 3616  
 3967 3621 3983 3600 4024 3579 4028 3587 4007 3635 4019 3646 4039 3639  
 4103 3642 4123 3672 4209 3719 4221 3735 4217 3754 4211 3762 4197 3792  
 4166 3802 4148 3832 4160 3859 4150 3891 4112 3918 4123 3959 4117 3986  
 4117 4010 4113 4026 4141 4062 4159 4078 4175 4100 4199 4103 4193 4136  
 4168 4152 4140 4162 4144 4214 4150 4241 4154 4276 4159 4336 4163 4344  
 4161 4371 4147 4403 4145 4427 4141 4436 4146 4465 4170 4509 4238 4591  
 4262 4594 4264 4586 4300 4651 4318 4670 4343 4714 4355 4738 4409 4796  
 4431 4845 4447 4864 4487 4886 4530 4932 4564 4960 4578 4979 4590 4982  
 4612 4966 4622 5001 4648 5028 4644 5058 4638 5058 4630 5082 4631 5134  
 4635 5169 4633 5177 4637 5215 4651 5248 4679 5275 4716 5321 4718 5332  
 4740 5357 4764 5398 4776 5401 4788 5382 4822 5369 4840 5380 4810 5398  
 4790 5430 4820 5463 4844 5472 4890 5464 4882 5421 4890 5415 4906 5426  
 4922 5413 4971 5392 4997 5403 5005 5414 5002 5422 4980 5451 4926 5489  
 4942 5500 4946 5527 4968 5546 4990 5552 4996 5546 5044 5582 5055 5612  
 5045 5615 5019 5614 5009 5609 4969 5619 4913 5654 4923 5667 4944 5727  
 4942 5738 4952 5760 4982 5752 5006 5774 5006 5787 4978 5803 4974 5811  
 4998 5828 5024 5828 5054 5853 5070 5839 5088 5840 5100 5867 5116 5886  
 5110 5910 5092 5929 5085 5951 5097 5978 5089 5991 5065 5994 5059 6013  
 5047 6034 4997 6069 5006 6093 5050 6096 5060 6110 5098 6124 5126 6149  
 5132 6149 5144 6171 5166 6171 5188 6209 5204 6214 5206 6228 5198 6244  
 5176 6268 5154 6273 5128 6262 5110 6246 5074 6237 5080 6262 5078 6267  
 5063 6273 5033 6272 5019 6253 4997 6242 4937 6239 4941 6263 4939 6269  
 4957 6280 4969 6293 4965 6320 4969 6326 5011 6329 5017 6326 5039 6351  
 5055 6389 5055 6397 5049 6402 5001 6396 4996 6413 4976 6434 4966 6437  
 4940 6431 4916 6412 4884 6384 4874 6392 4870 6392 4866 6414 4848 6422  
 4846 6444 4832 6454 4828 6473 4820 6484 4836 6495 4835 6508 4843 6530  
 4831 6546 4781 6551 4739 6578 4723 6583 4719 6591 4705 6602 4684 6629  
 4680 6648 4682 6680 4668 6710 4665 6766 4661 6772 4647 6758 4617 6750  
 4612 6728 4600 6639 4602 6609 4592 6587 4567 6557 4550 6554 4536 6559  
 4514 6605 4508 6608 4526 6616 4522 6668 4501 6730 4517 6751 4507 6776  
 4499 6789 4499 6803 4503 6805 4517 6792 4525 6803 4525 6825 4502 6878  
 4490 6889 4490 6895 4506 6914 4506 6919 4464 6930 4442 6908 4430 6905  
 4416 6929 4402 6942 4390 6961 4349 6982 4323 7001 4323 7042 4335 7053  
 4355 7056 4371 7064 4363 7094 4341 7112 4321 7096 4305 7090 4270 7155  
 4286 7169 4286 7179 4270 7196 4240 7214 4224 7233 4243 7287 4237 7295  
 4251 7341 4273 7323 4289 7334 4313 7380 4333 7372 4347 7391 4353 7426  
 4387 7386 4407 7384 4413 7387 4425 7403 4415 7419 4403 7424 4371 7459  
 4386 7492 4396 7522 4414 7535 4414 7554 4426 7560 4442 7579 4444 7598  
 4416 7609 4406 7635 4413 7649 4429 7663 4415 7692 4415 7701 4437 7706  
 4443 7712 4449 7742 4437 7760 4423 7793 4404 7814 4348 7805 4332 7824  
 4310 7827 4306 7805 4288 7786 4272 7775 4264 7748 4259 7737 4235 7731  
 4221 7677 4215 7677 4207 7642 4187 7617 4185 7609 4176 7541 4162 7522  
 4130 7519 4101 7524 4081 7532 4037 7531 4031 7529 3999 7566 3995 7566  
 3973 7582 3965 7585 3947 7579 3912 7620 3896 7609 3889 7587 3891 7573  
 3873 7578 3868 7595 3850 7597 3838 7581 3837 7570 3822 7575 3790 7580  
 3740 7596 3730 7618 3702 7636 3638 7655 3626 7635 3624 7625 3608 7606  
 3588 7603 3588 7608 3574 7613 3568 7611 3562 7600 3536 7589 3530 7551  
 3496 7526 3502 7499 3492 7477 3490 7450 3492 7447 3424 7414 3410 7433  
 3414 7457 3404 7476 3394 7481 3404 7492 3376 7500 3362 7497 3358 7489  
 3330 7497 3306 7499 3280 7507 3257 7521 3243 7521 3197 7539 3191 7550  
 3197 7590 3221 7620 3229 7653 3214 7656 3194 7672 3164 7682 3150 7679  
 3126 7649 3126 7636 3130 7628 3120 7614 3085 7595 3085 7559 3075 7554  
 3067 7521 3057 7508 3047 7502 2997 7429 3003 7407 2995 7404 2944 7366  
 2946 7328 2902 7276 2882 7230 2880 7213 2885 7192 2873 7148 2865 7143  
 2847 7124 2845 7113 2833 7097 2839 7089 2835 7086 2821 7094 2813 7088  
 2819 7072 2823 7069 2809 7045 2783 7018 2760 6982 2728 6963 2684 6922  
 2660 6908 2640 6902 2606 6907 2559 6920 2537 6907 2520 6888 2508 6860  
 2508 6852 2534 6852 2564 6858 2558 6845 2562 6820 2568 6812 2548 6769  
 2540 6769 2524 6760 2522 6763 2512 6755 2504 6738 2482 6730 2440 6738  
 2414 6724 2388 6732 2378 6729 2356 6685 2345 6653 2339 6609 2341 6580  
 2339 6547 2356 6501 2378 6469 2364 6453 2342 6434 2320 6431 2306 6441  
 2298 6438 2284 6422 2254 6414 2238 6400 2228 6370 2204 6356 2166 6348  
 2110 6350 2084 6331 2070 6325 2050 6309 2004 6259 2002 6251 1982 6229  
 1968 6221 1985 6208 1959 6175 1937 6169 1899 6174 1875 6155 1865 6128  
 1845 6128 1827 6109 1823 6109 1785 6087 1759 6089 1739 6067 1711 6072  
 1703 6069 1677 6045 1661 6015 1661 6004 1643 5979 1629 5968 1603 5941  
 1593 5922 1576 5889 1540 5857 1528 5840 1504 5816 1460 5796 1450 5796  
 1416 5788 1402 5771 1402 5766 1390 5741 1344 5746 1330 5762 1300 5751  
 1296 5740 1266 5716 1260 5694 1232 5648 1229 5607 1201 5585 1173 5536  
 1131 5508 1081 5497  997 5455  993 5450 1003 5385 1002 5323  988 5277  
  976 5258  935 5165  885 5113  835 5026  833 5029  813 5012  792 4977  
  780 4969  752 4936  744 4911  726 4881  704 4840  696 4800  671 4753  
  635 4718  635 4710  619 4672  596 4547  574 4468  551 4416  525 4403  
  515 4378  513 4362  517 4292  515 4273  522 4224  520 4199  526 4200  
  526 4202  540 4189  550 4110  549 4070  535 3986  511 3972  485 3969  
  483 3966  500 3907  524 3913  530 3910  538 3837  533 3772  551 3767  
  529 3672  548 3604  554 3555  572 3520  587 3483  617 3429  623 3405  
  621 3399  632 3296  640 3280  644 3277  657 3186  653 3183  661 3085  
  651 3080  625 3128  613 3161  605 3155  607 3150  601 3147  537 3117  
  521 3116  509 3122  495 3119  470 3154  450 3197  472 3219  421 3302  
  407 3335  375 3307  375 3310  343 3369  323 3396  308 3423  286 3444  
  226 3487  208 3511  177 3565  159 3584  145 3611   54 3694    0 3735  
L  1 9    3     9    51    618888899999     2                           
    0 3735    0 7424                                                    
L  1 5    4     0    61    70 348299999   161                           
    0 7424  111 7385  133 7366  161 7329  220 7270  260 7240  326 7176  
  361 7147  391 7147  425 7134  431 7115  453 7102  475 7113  481 7110  
  497 7113  555 7146  561 7146  607 7163  657 7152  687 7177  725 7191  
  743 7186  757 7175  770 7143  792 7116  810 7084  825 7000  861 6968  
  883 6941  924 6909  954 6860  976 6839  960 6806  954 6774  971 6744  
  983 6741  999 6771 1023 6793 1073 6802 1141 6830 1153 6841 1172 6873  
 1130 6914 1174 6955 1184 6968 1178 6995 1139 7019 1137 7025 1187 7039  
 1201 7066 1219 7137 1219 7169 1234 7199 1266 7224 1268 7248 1258 7262  
 1230 7269 1200 7266 1194 7277 1214 7302 1214 7323 1193 7345 1197 7377  
 1191 7410 1203 7421 1209 7453 1199 7475 1180 7529 1178 7553 1180 7588  
 1188 7610 1174 7623 1170 7623 1165 7650 1181 7659 1187 7683 1195 7689  
 1183 7705 1167 7715 1151 7756 1145 7761 1139 7783 1140 7796 1154 7810  
 1152 7843 1166 7862 1160 7881 1152 7883 1150 7902 1152 7935 1149 7962  
 1131 8024 1133 8054 1113 8094 1098 8110 1058 8177 1044 8221 1045 8250  
 1057 8288 1055 8348 1065 8375 1077 8394 1070 8421 1084 8448 1122 8441  
 1145 8422 1151 8422 1175 8411 1189 8425 1190 8468 1182 8490 1166 8493  
 1162 8520 1142 8525 1136 8519 1122 8538 1106 8538 1092 8519 1078 8521  
 1051 8613 1025 8645 1019 8656 1033 8675 1048 8724 1042 8757 1032 8765  
 1038 8794 1042 8800 1046 8827 1059 8871 1053 8911 1039 8965 1026 9025  
 1026 9041 1044 9114 1087 9196 1101 9209 1121 9218 1141 9215 1151 9232  
 1139 9272 1155 9275 1177 9270 1189 9300 1207 9303 1235 9335 1237 9373  
 1253 9376 1255 9371 1285 9379 1299 9379 1297 9409 1289 9420 1280 9450  
 1244 9509 1183 9587 1173 9624 1155 9632 1153 9630 1135 9629 1131 9656  
L  1 5    5     0    70    81 320299999    62                           
 1131 9656 1127 9675 1132 9719 1142 9768 1168 9822 1186 9838 1212 9855  
 1232 9847 1254 9845 1278 9850 1296 9840 1318 9859 1344 9854 1360 9835  
 1382 9816 1386 9816 1417 9795 1469 9774 1497 9771 1499 9774 1527 9769  
 1547 9774 1557 9769 1575 9777 1593 9770 1601 9772 1633 9819 1649 9830  
 1663 9808 1675 9754 1694 9727 1734 9725 1766 9714 1774 9704 1766 9660  
 1773 9622 1777 9609 1797 9590 1825 9585 1861 9564 1883 9564 1891 9616  
 1933 9638 1953 9624 1981 9633 1987 9654 1961 9665 1962 9719 1946 9768  
 1928 9795 1885 9838 1877 9865 1879 9894 1885 9905 1907 9911 1953 9909  
 1989 9925 2017 9931 2027 9928 2045 9950 2055 9977 208910000            
L  1 5    6     0    91   101 320299999     6                           
 211910000 2127 9992 2137 9973 2159 9962 2177 9973 218110000            
L  1 5    7     0   111    31 348299999   113                           
  871    0  869    1  877   28  873   31  863   55  859   85  862  144  
  858  155  858  182  836  223  834  236  869  326  887  334  905  351  
  911  345  923  326  929  329  951  367  945  394  933  410  939  416  
  932  467  922  492  924  519  906  573  924  611  935  649  959  679  
 1039  753 1083  780 1215  836 1301  845 1351  835 1345  799 1363  778  
 1383  784 1394  762 1416  759 1452  722 1444  692 1428  695 1400  692  
 1370  678 1364  670 1370  659 1378  664 1412  673 1436  668 1454  671  
 1480  682 1484  717 1492  731 1502  717 1510  666 1514  658 1510  652  
 1513  628 1517  625 1579  645 1617  648 1625  629 1617  626 1615  610  
 1633  610 1643  605 1667  611 1691  589 1703  565 1707  551 1694  538  
 1710  535 1704  532 1698  511 1718  506 1728  508 1732  492 1722  470  
 1726  443 1730  443 1758  417 1767  392 1765  384 1751  365 1755  343  
 1785  309 1801  325 1815  322 1825  301 1832  268 1856  269 1846  225  
 1856  201 1886  177 1876  139 1885  128 1895  126 1919  139 1959  151  
 1964  167 1974  167 1987  159 2015  162 2015  146 2001  127 2017  119  
 2035  133 2067  119 2061  106 2055   84 2069   68 2059   30 2046    3  
 2048    0                                                              
L  1 5    8     0   120   120 348299999    15                           
 5113 5404 5119 5401 5125 5415 5137 5423 5141 5431 5167 5440 5169 5445  
 5163 5461 5159 5464 5153 5461 5119 5461 5091 5447 5075 5431 5107 5401  
 5113 5404                                                              
L  1 5    9     0   130   130 348299999    17                           
 4447 7422 4437 7419 4441 7403 4437 7389 4453 7368 4466 7322 4480 7317  
 4498 7298 4518 7320 4520 7328 4536 7342 4535 7366 4525 7380 4515 7382  
 4497 7396 4477 7398 4447 7422                                          
L  1 5   10     0   140   140 348299999    11                           
 4748 5002 4760 5008 4758 5054 4750 5065 4736 5059 4694 5021 4700 4991  
 4719 4978 4721 4983 4742 4994 4748 5002                                
L  1 5   11     0   150   150 348299999     9                           
 4919 5001 4923 5029 4909 5036 4879 5015 4879 5004 4887 4982 4907 4972  
 4919 4977 4919 5001                                                    
L  1 5   12     0   160   160 348299999    19                           
 4170 3586 4180 3597 4218 3600 4228 3605 4214 3621 4186 3624 4184 3621  
 4148 3629 4079 3625 4049 3620 4049 3614 4066 3595 4098 3569 4148 3548  
 4156 3548 4160 3553 4156 3572 4168 3575 4170 3586                      
L  1 5   13     0   170   170 348299999     9                           
 3824 3436 3826 3458 3806 3498 3790 3490 3770 3460 3770 3441 3800 3425  
 3818 3422 3824 3436                                                    
L  1 5   14     0   180   180 320299999    18                           
 2026 9804 2024 9806 2004 9809 1986 9790 1962 9776 1974 9727 1993 9690  
 2003 9684 2011 9706 2021 9714 2043 9696 2047 9698 2057 9726 2060 9753  
 2058 9774 2044 9793 2040 9793 2026 9804                                
L  1 5   15     0   190   190 348299999    15                           
 1236 8152 1216 8155 1206 8146 1182 8143 1180 8138 1193 8108 1193 8098  
 1209 8087 1215 8087 1219 8082 1235 8084 1263 8112 1251 8125 1253 8144  
 1236 8152                                                              
L  1 5   16     0   200   200 348299999     9                           
 1383 8091 1363 8086 1345 8061 1341 8042 1363 8040 1397 8059 1405 8086  
 1401 8094 1383 8091                                                    
L  1 3   17     0   211    70 3202 3482    12                           
  78510000  784 9945  812 9905  838 9889  923 9871  965 9869 1003 9858  
 1023 9834 1027 9802 1042 9767 1068 9726 1131 9656                      
L  1 9   18     9   101    118888899999     4                           
 218110000100001000010000    0 3414    0                                
L  1 9   19     9   111    5188888 3482     3                           
  871    0    0    0    0 3735                                          
L  1 9   20     9    61   21188888 3482     3                           
    0 7424    010000  78510000                                          
L  1 9   21     9   211    8188888 3202     2                           
  78510000 208910000                                                    
L  1 9   22     9    81    918888899999     2                           
 208910000 211910000                                                    
L  1 9   23     9    91   10188888 3202     2                           
 211910000 218110000                                                    
L  1 9   24     9   111    319999988888     2                           
  871    0 2048    0                                                    
L  1 9   25     9    31    41 348288888     2                           
 2048    0 3195    0                                                    
L  1 9   26     9    41    219999988888     2                           
 3195    0 3224    0                                                    
L  1 9   27     9    21    11 348288888     2                           
 3224    0 3414    0                                                    
A  199999    1 7588 6267  27                                            
    1  -26    2    3    4    5   22    6   18    0   16    0   15    0  
   14    0   13    0   12    0   11    0   10    0    9    0    8       
A  1 3482    2 3297   26   2                                            
  -27   -1                                                              
A  1 3482    3 2302 3966   4                                            
   -7   19   -2  -25                                                    
A  199999    4 1348  418   2                                            
  -24    7                                                              
A  1 3482    5  533 8376   3                                            
   20   17   -4                                                         
A  1 3202    6 1804 9780   3                                            
  -17   21   -5                                                         
A  1 3202    7 2155 9982   2                                            
   23   -6                                                              
A  1 3482    8 5110 5432   1                                            
   -8                                                                   
A  1 3482    9 4495 7360   1                                            
   -9                                                                   
A  1 3482   10 4727 5020   1                                            
  -10                                                                   
A  1 3482   11 4899 5004   1                                            
  -11                                                                   
A  1 3482   12 4123 3588   1                                            
  -12                                                                   
A  1 3482   13 3798 3460   1                                            
  -13                                                                   
A  1 3202   14 2014 9746   1                                            
  -14                                                                   
A  1 3482   15 1223 8118   1                                            
  -15                                                                   
A  1 3482   16 1374 8066   1                                            
  -16                                                                   
H1 2    0    1    0    0   16 0506 0506                                 
L  2 3    1     0    00    00             105                           
 143810000 1444 9923 1432 9921 1408 9963 1345 9939 1285 9945 1247 9899  
 1187 9900 1132 9856 1090 9850 1000 9886  897 9884  888 9866  924 9812  
  982 9767 1051 9689 1048 9665 1009 9665 1005 9618 1024 9583 1020 9566  
 1002 9566  981 9585  959 9641  991 9686  984 9697  926 9670  922 9634  
  943 9584  930 9576  916 9593  907 9580  914 9538  939 9531  957 9467  
  999 9469 1003 9442  971 9430  892 9419  873 9387  884 9325  856 9274  
  877 9139  870 9123  758 9124  775 9067  723 9025  772 8990  798 8949  
  857 8924  834 8776  795 8742  826 8656  829 8587  811 8574  726 8612  
  691 8595  691 8485  732 8428  726 8385  626 8380  611 8346  635 8311  
  615 8293  562 8311  543 8285  547 8219  585 8207  560 8148  564 8122  
  627 8108  606 8017  624 8001  702 8044  714 7997  761 7971  773 7895  
  804 7853  776 7817  710 7843  682 7834  665 7805  674 7748  654 7689  
  610 7667  594 7622  559 7610  546 7467  485 7437  475 7485  427 7546  
  379 7491  357 7491  338 7531  278 7534  304 7569  224 7560  189 7619  
  154 7602  119 7632   82 7602   46 7632   20 7631   17 7667    0 7679  
M 594220ÉgÉhÉñçË              3   16   21   14    1  282                
H2 1   16   19   14    0  244 0506 0506                                 
N  1 1    1 2089    0 1 3    1  -17   18    0    0    0    0    0    0  
N  1 1    2 2119    0 1 3   19   -1  -18    0    0    0    0    0    0  
N  1 1    3 2181    0 1 3  -14    2  -19    0    0    0    0    0    0  
N  1 1    4 267410000 1 3   14  -16   -2    0    0    0    0    0    0  
N  1 1    5    0 1113 1 3   16  -15    3    0    0    0    0    0    0  
N  1 1    6  785    0 1 3   17   -3   15    0    0    0    0    0    0  
N  1 2    7 2611 1031 0 2    4   -4    0    0    0    0    0    0    0  
N  1 2    8 2794 1341 0 2    5   -5    0    0    0    0    0    0    0  
N  1 2    9 2759 1077 0 2    6   -6    0    0    0    0    0    0    0  
N  1 2   10 4832 2114 0 2    7   -7    0    0    0    0    0    0    0  
N  1 2   11 4974 2028 0 2    8   -8    0    0    0    0    0    0    0  
N  1 2   12 4630 3195 0 2    9   -9    0    0    0    0    0    0    0  
N  1 2   13 5021 8009 0 2   10  -10    0    0    0    0    0    0    0  
N  1 2   14 4907 8159 0 2   11  -11    0    0    0    0    0    0    0  
N  1 2   15 5827 6298 0 2   12  -12    0    0    0    0    0    0    0  
N  1 2   16 5896 5755 0 2   13  -13    0    0    0    0    0    0    0  
L  1 5    1     0    11    21 320299999     4                           
 2089    0 2101   17 2110   14 2119    0                                
L  1 5    2     0    31    41 320299999   999                           
 2181    0 2182   17 2189   52 2192   73 2224   81 2236   81 2250   92  
 2264  138 2294  192 2294  197 2303  197 2315  170 2329  162 2343  160  
 2350  194 2333  219 2322  224 2324  235 2343  262 2347  262 2357  248  
 2373  259 2385  281 2396  316 2427  342 2440  372 2438  388 2422  394  
 2401  394 2389  402 2375  429 2350  450 2306  455 2299  488 2306  520  
 2320  541 2348  558 2348  579 2364  582 2396  576 2406  620 2420  625  
 2475  612 2482  633 2485  698 2501  684 2531  649 2543  630 2543  620  
 2548  614 2571  609 2573  625 2571  644 2582  668 2585  684 2599  708  
 2610  770 2629  819 2638  859 2608  859 2590  843 2543  840 2531  846  
 2522  859 2529  883 2555  926 2555  932 2576  975 2599 1034 2629 1080  
 2634 1104 2622 1144 2650 1174 2657 1222 2657 1255 2648 1268 2627 1268  
 2620 1295 2653 1327 2669 1365 2678 1421 2671 1464 2667 1467 2660 1483  
 2650 1524 2660 1548 2653 1596 2660 1615 2690 1661 2702 1669 2711 1669  
 2723 1677 2727 1701 2716 1709 2695 1704 2695 1728 2706 1750 2753 1776  
 2758 1787 2741 1814 2737 1868 2739 1887 2737 1903 2783 1914 2797 1927  
 2802 1938 2844 1986 2846 2008 2832 2059 2790 2083 2767 2110 2746 2126  
 2730 2150 2711 2161 2669 2204 2625 2261 2616 2301 2623 2406 2630 2425  
 2642 2433 2653 2433 2691 2473 2704 2500 2707 2530 2714 2557 2709 2562  
 2705 2581 2712 2597 2756 2626 2784 2632 2809 2643 2844 2667 2884 2713  
 2874 2756 2865 2772 2870 2783 2874 2826 2900 2863 2907 2922 2921 2952  
 2944 3027 2949 3062 2947 3108 2961 3132 2954 3165 3010 3221 3021 3237  
 3028 3227 3098 3272 3110 3254 3133 3267 3279 3377 3303 3388 3340 3399  
 3363 3394 3431 3356 3452 3351 3454 3353 3482 3337 3524 3324 3551 3302  
 3575 3305 3593 3321 3612 3348 3677 3378 3803 3394 3838 3394 3875 3372  
 3928 3313 3949 3284 3977 3286 4012 3257 4023 3230 4049 3203 4096 3139  
 4121 3114 4130 3090 4158 3039 4195 2988 4228 2931 4242 2899 4295 2827  
 4302 2800 4304 2759 4309 2754 4349 2749 4388 2735 4391 2730 4435 2727  
 4425 2703 4432 2679 4451 2684 4493 2668 4488 2633 4502 2614 4532 2601  
 4546 2598 4549 2601 4579 2585 4579 2560 4597 2550 4618 2552 4635 2539  
 4637 2512 4623 2466 4623 2453 4641 2453 4641 2423 4665 2345 4676 2316  
 4690 2305 4746 2275 4795 2265 4806 2273 4858 2289 4855 2305 4839 2313  
 4848 2327 4869 2343 4890 2335 4937 2337 4972 2351 4985 2378 4990 2432  
 4999 2445 5072 2518 5076 2537 5097 2542 5127 2534 5137 2550 5132 2574  
 5153 2607 5176 2620 5204 2631 5214 2647 5204 2663 5211 2685 5267 2749  
 5270 2779 5265 2787 5246 2803 5244 2798 5209 2782 5200 2782 5184 2792  
 5163 2784 5135 2779 5095 2779 5086 2773 5058 2773 5049 2779 5053 2798  
 5063 2814 5058 2822 5037 2816 5007 2824 4998 2835 5012 2859 5028 2865  
 5030 2884 5007 2886 4993 2897 5012 2916 5030 2919 5033 2929 4979 2919  
 4944 2919 4935 2937 4935 2951 4921 2967 4898 3007 4888 3015 4879 3042  
 4851 3034 4849 3040 4856 3056 4837 3074 4802 3064 4765 3042 4761 3045  
 4761 3074 4747 3085 4747 3091 4786 3136 4775 3144 4747 3147 4719 3139  
 4668 3117 4635 3096 4612 3104 4579 3136 4575 3136 4547 3171 4549 3193  
 4530 3209 4498 3220 4477 3233 4475 3238 4482 3257 4572 3271 4591 3268  
 4631 3279 4649 3298 4658 3322 4665 3330 4684 3333 4707 3349 4698 3360  
 4670 3362 4652 3357 4533 3405 4517 3427 4491 3486 4480 3502 4438 3532  
 4449 3572 4468 3602 4491 3626 4512 3628 4538 3615 4559 3596 4573 3553  
 4582 3534 4610 3502 4626 3491 4659 3494 4661 3502 4656 3518 4701 3540  
 4689 3556 4717 3564 4733 3599 4810 3516 4826 3535 4868 3559 4889 3561  
 4898 3540 4898 3505 4931 3489 4949 3494 4961 3527 4989 3513 5001 3527  
 5003 3553 4996 3588 4996 3621 4982 3658 4961 3688 4963 3704 4984 3710  
 5022 3701 5056 3680 5061 3683 5068 3736 5073 3742 5087 3726 5108 3726  
 5156 3696 5175 3694 5189 3707 5198 3731 5217 3696 5236 3675 5268 3686  
 5291 3680 5331 3677 5343 3683 5350 3702 5336 3734 5336 3745 5391 3726  
 5408 3739 5429 3772 5424 3774 5419 3828 5433 3826 5452 3777 5445 3753  
 5454 3731 5459 3696 5468 3688 5484 3653 5522 3667 5547 3707 5550 3734  
 5554 3750 5547 3801 5526 3826 5526 3858 5513 3901 5494 3914 5489 3922  
 5496 3933 5517 3949 5534 3968 5550 3974 5552 3990 5508 4000 5501 3995  
 5471 3995 5464 3998 5459 4014 5508 4062 5517 4084 5517 4103 5499 4132  
 5503 4135 5552 4135 5573 4146 5559 4167 5603 4167 5627 4173 5650 4192  
 5648 4210 5636 4218 5601 4227 5543 4232 5536 4245 5543 4256 5613 4313  
 5618 4318 5625 4342 5622 4350 5611 4364 5604 4393 5615 4409 5611 4423  
 5571 4469 5562 4493 5539 4514 5534 4533 5546 4536 5583 4528 5606 4539  
 5648 4504 5681 4504 5692 4512 5697 4504 5720 4485 5729 4488 5757 4512  
 5774 4531 5771 4536 5776 4568 5818 4539 5839 4542 5848 4547 5862 4579  
 5855 4611 5848 4625 5846 4644 5864 4649 5865 4655 5837 4695 5818 4703  
 5804 4716 5809 4730 5825 4733 5837 4727 5888 4730 5916 4687 5932 4684  
 5951 4703 5946 4722 5925 4746 5902 4751 5848 4749 5830 4759 5827 4765  
 5839 4797 5876 4840 5879 4846 5874 4881 5869 4889 5837 4889 5830 4886  
 5844 4934 5874 4916 5900 4913 5939 4942 5956 4961 5967 4988 5995 5010  
 6014 5029 6046 5096 6049 5120 6037 5123 6026 5131 6019 5155 6070 5225  
 6084 5257 6081 5279 6056 5303 6065 5311 6079 5365 6082 5395 6077 5424  
 6061 5454 6040 5470 5982 5440 5942 5429 5919 5424 5882 5400 5877 5378  
 5875 5333 5877 5319 5867 5263 5833 5198 5828 5193 5816 5190 5828 5244  
 5842 5279 5847 5311 5833 5367 5842 5419 5861 5454 5877 5470 5891 5515  
 5935 5521 5942 5545 5940 5564 5926 5569 5889 5596 5872 5618 5891 5626  
 5896 5642 5873 5666 5880 5688 5884 5693 5877 5707 5861 5709 5847 5725  
 5854 5741 5873 5836 5859 5833 5831 5801 5826 5803 5808 5865 5808 5897  
 5852 5941 5873 5973 5892 6027 5889 6032 5875 6043 5833 6056 5824 6056  
 5803 6040 5789 6016 5782 6010 5752 6040 5719 6048 5712 6067 5724 6096  
 5726 6126 5747 6164 5761 6172 5810 6132 5836 6123 5866 6132 5889 6145  
 5892 6164 5889 6183 5882 6183 5841 6226 5827 6220 5820 6212 5801 6231  
 5803 6253 5794 6314 5764 6344 5750 6352 5703 6400 5750 6409 5766 6403  
 5769 6414 5797 6441 5806 6460 5829 6489 5827 6506 5820 6511 5801 6516  
 5778 6508 5764 6519 5776 6535 5780 6551 5797 6562 5799 6575 5790 6581  
 5771 6605 5760 6629 5799 6635 5804 6632 5832 6629 5850 6637 5864 6675  
 5867 6691 5871 6699 5871 6750 5855 6767 5839 6775 5790 6791 5816 6801  
 5825 6815 5830 6839 5813 6858 5792 6866 5806 6879 5804 6906 5792 6917  
 5732 6939 5762 6955 5779 6960 5776 6974 5767 6984 5739 6992 5723 7038  
 5727 7103 5718 7143 5686 7173 5625 7199 5614 7191 5595 7156 5567 7127  
 5553 7132 5546 7164 5558 7202 5548 7237 5535 7261 5528 7264 5483 7234  
 5453 7264 5444 7264 5427 7250 5425 7245 5451 7207 5469 7172 5469 7143  
 5460 7127 5451 7121 5406 7164 5399 7148 5399 7116 5392 7113 5360 7143  
 5353 7145 5339 7143 5318 7153 5283 7148 5244 7148 5225 7132 5171 7113  
 5141 7099 5118 7094 5102 7070 5085 7054 5076 7029 5060 7005 5032 6994  
 4997 6935 4997 6930 4973 6916 4950 6906 4920 6911 4908 6924 4876 6951  
 4857 6989 4848 7045 4850 7086 4864 7099 4869 7113 4881 7121 4929 7193  
 4962 7183 4999 7202 5013 7253 5011 7312 5002 7317 4997 7315 4964 7266  
 4948 7234 4941 7237 4941 7245 4967 7293 4969 7317 4981 7339 4995 7355  
 4995 7398 4986 7414 4979 7419 4974 7444 4981 7457 4974 7481 4965 7500  
 4941 7524 4907 7540 4883 7516 4844 7489 4865 7535 4869 7559 4865 7565  
 4846 7551 4834 7554 4813 7573 4781 7591 4793 7624 4783 7675 4774 7704  
 4779 7718 4800 7721 4821 7731 4809 7748 4802 7750 4790 7783 4762 7780  
 4755 7804 4737 7817 4744 7850 4758 7877 4795 7866 4830 7863 4846 7866  
 4884 7931 4898 7949 4916 7960 4930 8001 4905 8009 4888 8003 4877 8033  
 4881 8046 4893 8060 4905 8095 4930 8105 4942 8105 4965 8130 4965 8140  
 4947 8165 4940 8154 4928 8146 4907 8140 4888 8130 4863 8092 4853 8084  
 4828 8084 4805 8100 4756 8111 4751 8130 4760 8138 4784 8194 4830 8189  
 4891 8221 4914 8237 4961 8302 4963 8329 4954 8342 4921 8358 4896 8356  
 4889 8364 4884 8383 4898 8401 4952 8396 4961 8412 4961 8436 4935 8469  
 4931 8469 4917 8458 4914 8450 4898 8442 4879 8442 4861 8447 4854 8442  
 4840 8417 4812 8412 4798 8407 4772 8377 4765 8382 4761 8396 4796 8444  
 4800 8477 4840 8506 4852 8512 4880 8565 4880 8568 4798 8611 4777 8619  
 4754 8611 4705 8624 4677 8624 4652 8630 4642 8600 4603 8619 4582 8616  
 4568 8589 4565 8562 4568 8536 4556 8509 4549 8466 4523 8439 4516 8425  
 4512 8479 4514 8552 4519 8584 4510 8605 4505 8608 4489 8608 4468 8592  
 4451 8557 4447 8525 4449 8484 4440 8431 4428 8420 4412 8433 4400 8476  
 4363 8476 4321 8438 4309 8438 4298 8455 4305 8508 4319 8554 4323 8586  
 4316 8605 4300 8608 4281 8621 4261 8624 4258 8621 4247 8635 4207 8616  
 4205 8611 4235 8594 4228 8586 4184 8581 4170 8581 4167 8589 4156 8592  
 4132 8584 4109 8570 4093 8573 4032 8535 4009 8527 3979 8492 3956 8468  
 3942 8468 3923 8484 3907 8489 3883 8484 3853 8454 3848 8408 3841 8406  
 3816 8408 3793 8433 3779 8468 3767 8484 3732 8513 3707 8524 3679 8527  
 3662 8502 3665 8489 3655 8478 3555 8526 3546 8535 3471 8521 3448 8508  
 3420 8470 3395 8408 3390 8405 3369 8408 3339 8421 3320 8443 3311 8437  
 3309 8427 3313 8408 3311 8397 3288 8386 3255 8357 3225 8349 3201 8367  
 3208 8376 3225 8429 3229 8483 3236 8499 3253 8513 3262 8537 3281 8542  
 3295 8540 3302 8529 3332 8524 3348 8529 3357 8585 3348 8596 3341 8612  
 3341 8849 3355 8892 3355 8903 3332 8906 3297 8897 3239 8865 3216 8838  
 3225 8857 3248 8889 3248 8897 3234 8895 3232 8900 3248 8935 3246 8946  
 3225 8954 3209 8951 3197 8943 3190 8932 3179 8924 3167 8927 3169 8938  
 3183 8957 3162 8959 3146 8951 3137 8924 3139 8922 3127 8911 3104 8900  
 3102 8903 3116 8948 3113 8956 3062 8919 3062 8884 3069 8849 3090 8843  
 3102 8696 3097 8655 3083 8644 3043 8623 3008 8615 3006 8609 3011 8574  
 3020 8566 3008 8556 2932 8531 2894 8531 2850 8545 2832 8555 2825 8569  
 2813 8612 2804 8633 2785 8652 2750 8671 2738 8674 2713 8671 2685 8663  
 2655 8684 2634 8682 2624 8676 2613 8692 2594 8730 2562 8778 2594 8846  
 2606 8846 2639 8838 2659 8840 2671 8854 2678 8875 2673 8897 2664 8908  
 2648 8910 2615 8932 2599 8910 2592 8881 2583 8862 2573 8870 2562 8902  
 2559 8945 2569 8977 2553 9002 2553 9007 2497 8983 2462 8975 2424 9007  
 2406 9050 2399 9074 2408 9136 2439 9233 2469 9287 2476 9311 2527 9405  
 2581 9462 2618 9537 2637 9564 2658 9580 2667 9599 2665 9626 2669 9655  
 2665 9677 2637 9701 2620 9736 2625 9809 2634 9849 2658 9881 2676 9900  
 2686 9919 2688 9938 2665 9976 2669 9994 267410000                      
L  1 3    3     0    51    61 3202 3482    30                           
    0 1113   11 1092   30 1070   88  976  114  946  132  917  151  898  
  174  885  211  871  248  850  293  766  321  731  379  648  441  608  
  465  578  490  538  511  516  539  471  555  433  555  425  583  417  
  634  411  685  385  730  336  746  307  746  258  774  140  788  105  
  795   62  785    0                                                    
L  1 5    4     0    70    70 320299999    11                           
 2611 1031 2611 1015 2622 1010 2641 1015 2645 1026 2659 1039 2669 1074  
 2662 1077 2648 1066 2632 1047 2611 1031                                
L  1 5    5     0    80    80 320299999    14                           
 2794 1341 2801 1325 2811 1333 2813 1357 2818 1389 2832 1416 2827 1438  
 2818 1443 2806 1443 2776 1435 2764 1411 2776 1392 2799 1370 2794 1341  
L  1 5    6     0    90    90 320299999    10                           
 2759 1077 2745 1064 2736 1045 2727  994 2745  999 2757 1012 2769 1037  
 2776 1066 2773 1077 2759 1077                                          
L  1 5    7     0   100   100 320299999    10                           
 4832 2114 4829 2098 4818 2090 4813 2074 4818 2060 4867 2074 4876 2084  
 4864 2119 4853 2128 4832 2114                                          
L  1 5    8     0   110   110 320299999    18                           
 4974 2028 4971 2025 4950 2031 4948 2039 4932 2050 4922 2050 4913 2055  
 4904 2052 4885 2012 4892 2004 4913 1996 4939 1982 4950 1988 4955 1998  
 4962 2007 4974 2007 4981 2020 4974 2028                                
L  1 5    9     0   120   120 320299999    10                           
 4630 3195 4623 3203 4591 3195 4579 3185 4582 3174 4593 3163 4605 3158  
 4630 3160 4635 3169 4630 3195                                          
L  1 5   10     0   130   130 320299999     9                           
 5021 8009 5014 7995 5012 7966 5028 7950 5042 7952 5051 7960 5056 7971  
 5030 8009 5021 8009                                                    
L  1 5   11     0   140   140 320299999    14                           
 4907 8159 4905 8178 4884 8175 4870 8181 4856 8167 4837 8162 4823 8148  
 4823 8138 4830 8135 4847 8111 4854 8113 4886 8143 4902 8151 4907 8159  
L  1 5   12     0   150   150 320299999    27                           
 5827 6298 5817 6293 5815 6277 5822 6274 5848 6263 5859 6250 5892 6223  
 5896 6223 5908 6215 5922 6199 5938 6194 5968 6196 5985 6207 5989 6218  
 5985 6226 5969 6234 5959 6234 5943 6242 5985 6277 5987 6290 5959 6296  
 5915 6288 5908 6290 5876 6288 5862 6296 5855 6293 5827 6298            
L  1 5   13     0   160   160 320299999    23                           
 5896 5755 5887 5755 5880 5741 5889 5731 5896 5707 5901 5704 5917 5690  
 5966 5677 5975 5682 5989 5699 5989 5723 5996 5731 5998 5758 5989 5771  
 5980 5795 5940 5790 5931 5771 5938 5766 5942 5755 5931 5739 5915 5752  
 5905 5750 5896 5755                                                    
L  1 9   14     9    41    318888899999     4                           
 267410000100001000010000    0 2181    0                                
L  1 9   15     9    61    5188888 3482     3                           
  785    0    0    0    0 1113                                          
L  1 9   16     9    51    4188888 3202     3                           
    0 1113    010000 267410000                                          
L  1 9   17     9    61    11 320288888     2                           
  785    0 2089    0                                                    
L  1 9   18     9    11    219999988888     2                           
 2089    0 2119    0                                                    
L  1 9   19     9    21    31 320288888     2                           
 2119    0 2181    0                                                    
A  199999    1 2104    8   2                                            
    1  -18                                                              
A  1 3202    2 2987 4994   6                                            
  -17   -3   16   -2  -19   -1                                          
A  199999    3 7948 5640  22                                            
    2   14    0   13    0   12    0   11    0   10    0    9    0    8  
    0    7    0    6    0    5    0    4                                
A  1 3482    4  240  554   2                                            
    3   15                                                              
A  1 3202    5 2643 1043   1                                            
   -4                                                                   
A  1 3202    6 2801 1384   1                                            
   -5                                                                   
A  1 3202    7 2751 1036   1                                            
   -6                                                                   
A  1 3202    8 4848 2094   1                                            
   -7                                                                   
A  1 3202    9 4934 2018   1                                            
   -8                                                                   
A  1 3202   10 4607 3180   1                                            
   -9                                                                   
A  1 3202   11 5032 7978   1                                            
  -10                                                                   
A  1 3202   12 4858 8146   1                                            
  -11                                                                   
A  1 3202   13 5906 6246   1                                            
  -12                                                                   
A  1 3202   14 5940 5736   1                                            
  -13                                                                   
H1 2    0    2    0    0   33 0506 0506                                 
L  2 3    1     0    00    00             198                           
 183810000 1867 9900 1945 9811 1999 9629 2031 9589 2021 9544 2089 9263  
 2062 9197 2064 9166 2160 9095 2198 9107 2209 9092 2200 9039 2060 8817  
 2098 8680 2166 8642 2215 8481 2108 8195 2102 8124 2151 7938 2152 7872  
 2050 7662 2057 7427 2024 7297 2032 7076 2079 6985 2122 6972 2141 6931  
 2117 6878 2197 6707 2273 6649 2292 6569 2437 6468 2526 6297 2597 6213  
 2684 5997 2756 5922 2882 5585 2910 5400 2945 5343 3003 5300 3087 5191  
 3094 5148 3082 5122 3008 5090 3010 5032 2976 4995 3012 4935 3014 4897  
 3067 4824 3055 4764 3064 4730 3108 4723 3144 4667 3133 4625 3162 4547  
 3208 4521 3232 4323 3228 4258 3333 4185 3356 4119 3334 4114 3289 4189  
 3276 4190 3263 4130 3240 4105 3214 4104 3203 4132 3174 4149 3169 4206  
 3155 4216 3112 4151 3124 4113 3112 4025 3079 4003 3106 3946 3085 3898  
 3033 3906 3022 3879 3060 3846 3056 3796 3019 3767 3018 3707 3003 3682  
 3011 3594 2999 3568 3011 3496 2985 3469 2950 3467 2922 3520 2899 3532  
 2864 3470 2847 3471 2831 3514 2817 3515 2764 3437 2711 3455 2693 3444  
 2755 3300 2796 3280 2854 3187 2888 3023 2806 2986 2746 2858 2761 2778  
 2735 2715 2651 2629 2670 2581 2669 2520 2643 2477 2472 2476 2397 2515  
 2340 2566 2304 2635 2265 2608 2321 2423 2246 2343 2219 2283 2222 2247  
 2360 2256 2396 2198 2403 2110 2456 2124 2505 2056 2544 2094 2563 2013  
 2586 1994 2631 2021 2648 2001 2623 1940 2580 1947 2553 1934 2536 1853  
 2576 1805 2579 1764 2557 1737 2495 1732 2414 1702 2412 1730 2501 1781  
 2492 1803 2423 1800 2368 1749 2333 1641 2338 1539 2362 1501 2377 1426  
 2419 1332 2430 1207 2359 1158 2344 1059 2316 1034 2312 1009 2351  963  
 2345  931 2289  935 2257  923 2258  889 2279  864 2356  827 2356  802  
 2250  819 2202  799 2228  711 2184  679 2184  634 2119  553 2123  481  
 2099  450 2024  454 1999  380 1972  380 1932  455 1908  462 1873  403  
 1845  394 1778  432 1751  399 1750  327 1714  288 1744  247 1744  187  
 1787  130 1778   95 1668   92 1656   69 1686   43 1713   67 1796   61  
 1785   36 1730   36 1704    2 1635   31 1619   12 1594   12 1560   48  
 1450   38 1438    0                                                    
L  2 5    2     0    00    00              12                           
  23710000  192 9956  193 9934  249 9901  285 9850  283 9760  262 9690  
  288 9673  351 9711  333 9895  353 9950  41610000                      
H1 7    0    0    0    1    2 0506 0506                                 
P  7 6    1 5956 5307 0 1                                               
01 4 5956 5307              00  ÉgÉhÉñçË                                
M 594230ï¬à…çË                3   17   22   17    1  232                
H2 1   17   18   17    0  203 0506 0506                                 
N  1 1    1 2674    0 1 3    1   18  -17    0    0    0    0    0    0  
N  1 1    2    0 5313 1 3   -1   17  -18    0    0    0    0    0    0  
N  1 2    3 2651 7232 0 2    2   -2    0    0    0    0    0    0    0  
N  1 2    4 2627 5673 0 2    3   -3    0    0    0    0    0    0    0  
N  1 2    5 2604 5787 0 2    4   -4    0    0    0    0    0    0    0  
N  1 2    6 2573 6162 0 2    5   -5    0    0    0    0    0    0    0  
N  1 2    7 2613 5511 0 2    6   -6    0    0    0    0    0    0    0  
N  1 2    8 3142 1512 0 2    7   -7    0    0    0    0    0    0    0  
N  1 2    9 3303 2970 0 2    8   -8    0    0    0    0    0    0    0  
N  1 2   10 3058 2963 0 2    9   -9    0    0    0    0    0    0    0  
N  1 2   11 3004 2998 0 2   10  -10    0    0    0    0    0    0    0  
N  1 2   12 2358 8456 0 2   11  -11    0    0    0    0    0    0    0  
N  1 2   13 2423 8432 0 2   12  -12    0    0    0    0    0    0    0  
N  1 2   14 1677 8423 0 2   13  -13    0    0    0    0    0    0    0  
N  1 2   15 1931 8395 0 2   14  -14    0    0    0    0    0    0    0  
N  1 2   16 2379 5255 0 2   15  -15    0    0    0    0    0    0    0  
N  1 2   17 2386 4329 0 2   16  -16    0    0    0    0    0    0    0  
L  1 5    1     0    11    21 320299999   688                           
 2674    0 2672   19 2662   41 2683   92 2726  138 2754  135 2761  151  
 2756  154 2826  222 2836  278 2857  305 2852  343 2840  351 2766  384  
 2715  422 2673  465 2652  525 2638  603 2641  627 2659  646 2669  700  
 2713  757 2730  770 2755  805 2772  821 2767  851 2739  862 2721  884  
 2684  962 2681  992 2691 1102 2703 1132 2754 1208 2796 1245 2810 1253  
 2860 1302 2899 1326 2916 1353 2976 1410 3039 1431 3035 1450 3023 1469  
 3016 1474 2981 1480 2939 1477 2881 1442 2811 1426 2769 1426 2713 1448  
 2694 1486 2606 1548 2599 1557 2578 1549 2527 1649 2513 1668 2437 1843  
 2351 2146 2347 2176 2347 2265 2357 2322 2373 2343 2375 2357 2373 2419  
 2364 2503 2378 2554 2390 2573 2458 2648 2483 2643 2511 2659 2537 2707  
 2558 2726 2635 2737 2686 2707 2710 2669 2754 2693 2761 2704 2733 2742  
 2731 2766 2743 2769 2770 2739 2798 2728 2817 2750 2822 2769 2829 2769  
 2864 2796 2883 2785 2917 2752 2927 2752 2962 2766 3004 2771 3036 2798  
 3046 2814 3030 2830 3018 2830 2948 2852 2967 2879 2953 2890 2915 2893  
 2890 2866 2859 2879 2822 2880 2815 2896 2787 2974 2788 3009 2795 3042  
 2776 3055 2781 3080 2764 3093 2769 3128 2765 3134 2727 3126 2727 3145  
 2739 3147 2744 3188 2779 3236 2786 3252 2786 3261 2781 3263 2770 3244  
 2765 3244 2767 3293 2779 3339 2772 3339 2744 3301 2725 3290 2723 3296  
 2662 3274 2639 3253 2574 3202 2564 3277 2555 3288 2506 3194 2523 3294  
 2541 3340 2530 3367 2520 3364 2490 3345 2467 3351 2443 3334 2420 3305  
 2413 3240 2385 3210 2366 3232 2338 3213 2303 3240 2273 3235 2271 3230  
 2243 3243 2205 3281 2152 3349 2143 3424 2150 3451 2187 3508 2153 3540  
 2132 3546 2106 3568 2104 3605 2134 3640 2160 3657 2193 3667 2207 3667  
 2269 3678 2291 3699 2288 3708 2237 3710 2232 3716 2249 3716 2281 3732  
 2286 3748 2260 3759 2242 3781 2197 3746 2158 3727 2137 3754 2132 3767  
 2130 3808 2198 3837 2216 3867 2228 3873 2212 3937 2205 3946 2207 3978  
 2224 3975 2231 3983 2240 4026 2229 4048 2203 4062 2177 4054 2163 4097  
 2182 4097 2205 4118 2210 4143 2199 4197 2187 4197 2182 4202 2197 4283  
 2218 4334 2220 4348 2187 4345 2190 4372 2197 4378 2199 4399 2216 4429  
 2258 4486 2258 4534 2253 4548 2230 4551 2197 4510 2176 4513 2158 4543  
 2158 4570 2149 4651 2133 4697 2112 4716 2042 4710 2030 4721 2021 4781  
 2044 4829 2065 4848 2086 4840 2098 4848 2124 4818 2179 4802 2201 4826  
 2212 4856 2233 4840 2243 4867 2264 4896 2266 4907 2210 4896 2205 4902  
 2250 4926 2264 4937 2269 4991 2292 4983 2294 4991 2285 5007 2290 5012  
 2287 5023 2262 5010 2250 5023 2266 5039 2264 5047 2250 5061 2236 5042  
 2234 5048 2206 5058 2162 5061 2145 5080 2143 5110 2138 5115 2169 5137  
 2153 5161 2108 5161 2099 5164 2087 5194 2097 5226 2127 5232 2197 5237  
 2213 5245 2316 5263 2330 5274 2419 5301 2477 5349 2526 5382 2545 5425  
 2547 5444 2538 5522 2531 5538 2504 5555 2471 5536 2429 5547 2420 5547  
 2410 5579 2385 5595 2375 5596 2334 5650 2313 5701 2366 5741 2369 5763  
 2343 5768 2318 5760 2299 5760 2348 5790 2357 5812 2336 5841 2327 5839  
 2222 5831 2215 5823 2215 5836 2227 5861 2229 5904 2222 5912 2190 5920  
 2141 5923 2134 5928 2136 5991 2164 6026 2220 6028 2253 6052 2258 6063  
 2272 6055 2279 6082 2291 6098 2316 6095 2328 6103 2353 6098 2365 6063  
 2384 6036 2400 6041 2435 6041 2456 6036 2470 6071 2496 6057 2505 6044  
 2512 6041 2526 6071 2540 6079 2559 6068 2566 6057 2577 6065 2587 6111  
 2580 6124 2510 6157 2480 6162 2468 6152 2445 6187 2435 6206 2419 6206  
 2417 6222 2445 6227 2450 6241 2443 6319 2450 6373 2441 6381 2441 6373  
 2410 6387 2366 6401 2340 6387 2333 6376 2324 6395 2326 6420 2312 6428  
 2306 6449 2352 6457 2369 6455 2392 6460 2401 6465 2399 6506 2387 6527  
 2397 6560 2374 6579 2346 6579 2325 6584 2320 6576 2297 6560 2280 6603  
 2301 6633 2315 6619 2343 6625 2350 6646 2369 6654 2376 6654 2399 6679  
 2428 6722 2442 6768 2472 6781 2512 6770 2526 6778 2524 6816 2526 6832  
 2496 6819 2468 6824 2454 6859 2442 6860 2409 6873 2386 6865 2349 6884  
 2298 6898 2286 6898 2279 6903 2298 6906 2354 6935 2396 6935 2410 6957  
 2431 7000 2419 7005 2440 7027 2442 7022 2456 7022 2473 7038 2480 7032  
 2498 7038 2487 7062 2485 7075 2527 7110 2522 7129 2527 7143 2532 7183  
 2525 7205 2527 7216 2522 7248 2513 7281 2516 7310 2506 7313 2485 7311  
 2467 7327 2467 7338 2483 7410 2460 7419 2439 7408 2427 7386 2399 7381  
 2395 7392 2357 7427 2350 7419 2339 7424 2280 7408 2283 7438 2269 7473  
 2253 7492 2250 7503 2222 7508 2225 7538 2234 7546 2239 7579 2265 7608  
 2265 7619 2286 7635 2288 7651 2337 7684 2351 7684 2374 7705 2382 7716  
 2400 7727 2412 7800 2410 7805 2365 7770 2368 7802 2352 7835 2340 7838  
 2319 7827 2305 7813 2300 7784 2288 7792 2279 7811 2277 7835 2289 7854  
 2272 7854 2289 7892 2268 7905 2254 7903 2233 7876 2230 7843 2200 7838  
 2195 7843 2181 7841 2184 7887 2182 7927 2163 7938 2128 7946 2121 7952  
 2119 7981 2154 8011 2175 8008 2184 8016 2226 8024 2245 8054 2257 8049  
 2266 8035 2271 8038 2273 8054 2254 8113 2261 8116 2287 8057 2292 8054  
 2310 8062 2317 8062 2320 8086 2313 8108 2315 8113 2338 8132 2355 8121  
 2397 8151 2406 8199 2411 8210 2432 8224 2427 8261 2404 8267 2400 8302  
 2369 8345 2292 8319 2248 8289 2236 8294 2241 8316 2225 8330 2232 8343  
 2264 8365 2269 8402 2262 8424 2262 8446 2216 8408 2169 8392 2155 8384  
 2167 8405 2197 8432 2164 8424 2129 8403 2118 8405 2104 8397 2092 8343  
 2099 8311 2110 8292 2117 8289 2117 8279 2075 8260 2068 8249 2047 8244  
 2026 8254 2019 8254 2022 8268 2017 8287 2024 8292 2033 8319 2024 8373  
 1994 8382 1987 8379 1957 8347 1933 8355 1893 8330 1873 8333 1844 8325  
 1809 8306 1807 8296 1788 8258 1781 8255 1779 8250 1756 8244 1730 8263  
 1753 8290 1754 8315 1744 8320 1751 8325 1761 8320 1763 8342 1761 8350  
 1754 8344 1751 8363 1747 8366 1707 8350 1693 8328 1635 8310 1630 8312  
 1632 8323 1616 8350 1579 8321 1590 8304 1576 8269 1625 8247 1665 8242  
 1667 8239 1655 8234 1597 8239 1562 8234 1562 8226 1587 8167 1559 8137  
 1550 8115 1564 8102 1573 8102 1557 8053 1536 8018 1529 7975 1505 7959  
 1505 7964 1494 7986 1463 7975 1454 7956 1442 7897 1447 7891 1470 7897  
 1461 7889 1409 7875 1379 7862 1342 7819 1330 7830 1327 7784 1313 7776  
 1320 7757 1309 7708 1325 7705 1341 7638 1346 7635 1339 7627 1336 7592  
 1318 7565 1313 7541 1280 7460 1238 7414 1198 7384 1170 7403 1159 7422  
 1126 7438 1096 7417 1079 7387 1063 7347 1049 7304 1027 7277 1030 7255  
 1058 7241 1067 7195 1022 7136  987 7107  973 7101  917 7096  873 7074  
  864 7061  845 7018  817 6969  805 6926  789 6894  781 6891  774 6875  
  774 6851  763 6845  746 6826  779 6796  800 6769  807 6756  837 6729  
  844 6688  830 6632  820 6626  715 6605  701 6610  685 6602  652 6608  
  645 6613  629 6594  601 6575  613 6548  615 6516  645 6502  666 6481  
  668 6473  659 6451  647 6397  673 6354  689 6313  623 6254  614 6254  
  614 6262  603 6278  579 6273  574 6262  549 6249  544 6241  469 6200  
  469 6179  490 6160  450 6092  443 5998  408 5984  382 5979  336 5949  
  333 5933  357 5914  352 5906  347 5877  317 5825  263 5807  235 5771  
  209 5728  202 5707  176 5661  146 5647  132 5629  139 5610  118 5610  
  118 5561  122 5526  104 5491   82 5467   68 5437   59 5426   52 5378  
   21 5326    0 5313                                                    
L  1 5    2     0    30    30 320299999    12                           
 2651 7232 2644 7272 2621 7307 2597 7313 2567 7237 2569 7151 2573 7116  
 2622 7135 2636 7156 2641 7191 2651 7218 2651 7232                      
L  1 5    3     0    40    40 320299999    12                           
 2627 5673 2632 5708 2625 5711 2621 5708 2604 5714 2572 5703 2560 5668  
 2564 5649 2576 5635 2602 5638 2623 5654 2627 5673                      
L  1 5    4     0    50    50 320299999     8                           
 2604 5787 2597 5792 2574 5757 2579 5725 2590 5725 2618 5754 2611 5776  
 2604 5787                                                              
L  1 5    5     0    60    60 320299999    11                           
 2573 6162 2585 6184 2582 6192 2547 6184 2547 6195 2557 6206 2508 6189  
 2515 6168 2538 6154 2564 6151 2573 6162                                
L  1 5    6     0    70    70 320299999    12                           
 2613 5511 2580 5506 2576 5525 2564 5519 2552 5492 2566 5438 2573 5433  
 2596 5449 2613 5454 2622 5471 2618 5481 2613 5511                      
L  1 5    7     0    80    80 320299999    10                           
 3142 1512 3133 1509 3121 1490 3130 1474 3123 1444 3149 1452 3165 1466  
 3151 1479 3154 1504 3142 1512                                          
L  1 5    8     0    90    90 320299999    15                           
 3303 2970 3289 2970 3277 2989 3266 2984 3252 2984 3233 2938 3249 2911  
 3270 2892 3277 2889 3303 2897 3307 2921 3293 2922 3298 2927 3314 2967  
 3303 2970                                                              
L  1 5    9     0   100   100 320299999    12                           
 3058 2963 3051 2960 3028 2963 2976 2944 2960 2909 2978 2898 3011 2903  
 3046 2914 3065 2928 3079 2954 3072 2960 3058 2963                      
L  1 5   10     0   110   110 320299999     8                           
 3004 2998 2993 2971 3025 2971 3058 2976 3058 2995 3053 3003 3014 3006  
 3004 2998                                                              
L  1 5   11     0   120   120 320299999    14                           
 2358 8456 2358 8459 2332 8470 2314 8462 2297 8424 2297 8405 2281 8383  
 2285 8346 2334 8370 2332 8378 2344 8399 2346 8421 2358 8448 2358 8456  
L  1 5   12     0   130   130 320299999    10                           
 2423 8432 2421 8434 2395 8410 2386 8440 2365 8413 2365 8389 2388 8370  
 2418 8399 2435 8424 2423 8432                                          
L  1 5   13     0   140   140 320299999    10                           
 1677 8423 1684 8404 1735 8390 1740 8415 1735 8442 1712 8447 1705 8461  
 1677 8445 1675 8426 1677 8423                                          
L  1 5   14     0   150   150 320299999    21                           
 1931 8395 1929 8417 1922 8414 1894 8433 1859 8414 1845 8404 1854 8382  
 1845 8371 1812 8366 1793 8333 1814 8331 1856 8336 1887 8349 1894 8349  
 1912 8357 1910 8368 1894 8374 1889 8385 1905 8393 1926 8384 1931 8395  
L  1 5   15     0   160   160 320299999     7                           
 2379 5255 2391 5247 2433 5241 2433 5271 2426 5290 2381 5261 2379 5255  
L  1 5   16     0   170   170 320299999    12                           
 2386 4329 2388 4339 2381 4342 2318 4329 2306 4299 2320 4267 2332 4250  
 2355 4264 2365 4291 2365 4318 2383 4318 2386 4329                      
L  1 9   17     9    21    118888899999     5                           
    0 5313    010000100001000010000    0 2674    0                      
L  1 9   18     9    11    2188888 3202     3                           
 2674    0    0    0    0 5313                                          
A  199999    1 6330 4262  32                                            
    1   17    0   16    0   15    0   14    0   13    0   12    0   11  
    0   10    0    9    0    8    0    7    0    6    0    5    0    4  
    0    3    0    2                                                    
A  1 3202    2 1109 4334   2                                            
   18   -1                                                              
A  1 3202    3 2609 7216   1                                            
   -2                                                                   
A  1 3202    4 2595 5674   1                                            
   -3                                                                   
A  1 3202    5 2596 5758   1                                            
   -4                                                                   
A  1 3202    6 2547 6178   1                                            
   -5                                                                   
A  1 3202    7 2587 5479   1                                            
   -6                                                                   
A  1 3202    8 3140 1478   1                                            
   -7                                                                   
A  1 3202    9 3268 2938   1                                            
   -8                                                                   
A  1 3202   10 3018 2930   1                                            
   -9                                                                   
A  1 3202   11 3029 2988   1                                            
  -10                                                                   
A  1 3202   12 2321 8408   1                                            
  -11                                                                   
A  1 3202   13 2394 8405   1                                            
  -12                                                                   
A  1 3202   14 1706 8426   1                                            
  -13                                                                   
A  1 3202   15 1872 8382   1                                            
  -14                                                                   
A  1 3202   16 2410 5265   1                                            
  -15                                                                   
A  1 3202   17 2336 4296   1                                            
  -16                                                                   
H1 2    0    4    0    0   24 0506 0506                                 
L  2 3    1     0    00    00              85                           
  777  739  780  787  789  839  804  850  816  851  837  851  847  864  
  858  897  871  955  869 1000  863 1030  860 1070  867 1097  892 1149  
  894 1176  886 1268  844 1418  844 1435  857 1452  870 1452  881 1444  
  949 1332  960 1327  976 1334  981 1346  977 1365  960 1373  943 1380  
  929 1401  925 1417  921 1471  895 1542  894 1570  881 1584  856 1601  
  848 1640  837 1659  834 1683  827 1726  814 1735  805 1732  783 1730  
  769 1736  756 1762  746 1769  738 1771  720 1779  710 1789  663 1908  
  649 1920  642 1935  639 1980  620 2002  587 2017  567 2041  551 2101  
  528 2138  509 2154  489 2164  462 2166  446 2184  447 2266  439 2277  
  414 2298  406 2314  400 2343  389 2375  366 2406  359 2469  340 2485  
  326 2484  308 2483  295 2474  293 2465  289 2429  263 2428  228 2437  
  199 2495  177 2512  148 2520  124 2539  106 2561   82 2580   48 2586  
    0 2574                                                              
L  2 3    2     0    00    00              16                           
  777  739  836  710  914  745  986  733 1032  774 1058  757 1030  684  
 1033  629 1069  616 1136  549 1272  300 1311  270 1598  179 1691  175  
 1763  146 1838    0                                                    
L  2 5    3     0    00    00              13                           
  416    0  418    2  411   72  358  183  464  281  560  308  584  337  
  572  486  600  560  696  549  733  587  742  682  777  739            
L  2 5    4     0    00    00              11                           
    0  350   61  363   87  344   81  306  128  268  181  190  164   92  
  189   77  282   76  285   47  237    0                                
H1 7    0    0    0    1    2 0506 0506                                 
P  7 6    1 1971 8198 0 1                                               
01 3 1971 8198              00  ï¬à…çÈ                                  
M 594240ìcòV                  1    4    6    3    0   32                
H2 1    4    6    3    0   31 0506 0506                                 
N  1 1    1    0 9491 1 3    1    3   -5    0    0    0    0    0    0  
N  1 1    2  30010000 1 3    5   -6   -1    0    0    0    0    0    0  
N  1 1    3  14810000 1 3    6   -4    2    0    0    0    0    0    0  
N  1 1    4    0 9780 1 3    4   -3   -2    0    0    0    0    0    0  
L  1 5    1     0    11    21 348199999    62                           
    0 9491   13 9503   62 9523  169 9558  193 9563  199 9562  220 9572  
  250 9532  260 9532  294 9569  309 9531  338 9528  352 9546  353 9573  
  345 9595  332 9605  307 9600  293 9592  262 9596  269 9659  287 9694  
  306 9723  321 9735  344 9736  412 9717  450 9697  467 9698  474 9696  
  495 9658  498 9657  511 9663  527 9688  545 9732  567 9720  576 9719  
  593 9731  601 9744  589 9763  600 9782  606 9844  604 9863  601 9871  
  578 9863  566 9878  559 9893  568 9960  565 9968  556 9972  541 9967  
  489 9914  427 9839  397 9813  367 9825  318 9848  272 9858  251 9868  
  235 9901  237 9937  248 9960  276 9974  302 9997  30010000            
L  1 5    2     0    31    41 348199999    14                           
  14810000  135 9982  137 9963  126 9951  119 9930  123 9912  115 9891  
   39 9899   37 9872   83 9870   87 9810   66 9800   13 9779    0 9780  
L  1 9    3     9    11    4188888 3481     2                           
    0 9491    0 9780                                                    
L  1 9    4     9    41    318888899999     3                           
    0 9780    010000  14810000                                          
L  1 9    5     9    21    118888899999     5                           
  30010000100001000010000    0    0    0    0 9491                      
L  1 9    6     9    31    2188888 3481     2                           
  14810000  30010000                                                    
A  199999    1 5000 4745   2                                            
    1    5                                                              
A  1 3481    2  301 9744   4                                            
    3   -2    6   -1                                                    
A  199999    3   19 9890   2                                            
    2    4                                                              
M 594250ìcòVçzéR              1    6    8    5    0   45                
H2 1    6    8    5    0   44 0506 0506                                 
N  1 1    1  300    0 1 3    1   -8   -7    0    0    0    0    0    0  
N  1 1    2  148    0 1 3    8   -1    6    0    0    0    0    0    0  
N  1 1    3    0 2329 1 3    2    5   -6    0    0    0    0    0    0  
N  1 1    4    0 3004 1 3    7   -5   -2    0    0    0    0    0    0  
N  1 2    5  320  127 0 2    3   -3    0    0    0    0    0    0    0  
N  1 2    6  126  113 0 2    4   -4    0    0    0    0    0    0    0  
L  1 5    1     0    11    21 348199999     7                           
  300    0  302   12  295   23  212   23  185   10  154   10  148    0  
L  1 5    2     0    31    41 348199999    63                           
    0 2329    7 2345   41 2399   59 2417  119 2454  174 2477  278 2498  
  283 2483  282 2461  293 2437  309 2432  324 2462  328 2510  348 2535  
  392 2563  411 2568  432 2566  503 2575  523 2571  538 2599  538 2622  
  540 2641  554 2652  574 2658  584 2650  600 2654  604 2670  591 2682  
  598 2681  619 2728  627 2754  619 2768  587 2790  573 2794  567 2810  
  567 2828  559 2836  547 2837  536 2856  525 2889  507 2895  486 2898  
  449 2871  451 2883  438 2930  460 2952  469 2967  471 2980  461 2987  
  451 2985  436 2977  429 2980  403 3007  382 3022  356 3030  307 3058  
  280 3059  147 3043  111 3033   65 3016   21 3009    8 3002    0 3004  
L  1 5    3     0    50    50 348199999    18                           
  320  127  301  138  279  128  277  123  261  112  251   98  241   93  
  229   77  225   58  229   46  248   36  276   40  282   39  305   53  
  323   68  330   99  328  110  320  127                                
L  1 5    4     0    60    60 348199999    15                           
  126  113  131  115  125  113  117   75  122   63  115   52  118   46  
  133   40  134   50  167   67  174   78  164   84  145   99  132  106  
  126  113                                                              
L  1 9    5     9    31    4188888 3481     2                           
    0 2329    0 3004                                                    
L  1 9    6     9    21    318888899999     3                           
  148    0    0    0    0 2329                                          
L  1 9    7     9    41    118888899999     5                           
    0 3004    010000100001000010000    0  300    0                      
L  1 9    8     9    21    11 348188888     2                           
  148    0  300    0                                                    
A  199999    1 5000 2330   8                                            
    1    6    2    7    0    4    0    3                                
A  1 3481    2  244   11   2                                            
   -8   -1                                                              
A  1 3481    3  302 2696   2                                            
    5   -2                                                              
A  1 3481    4  281   86   1                                            
   -3                                                                   
A  1 3481    5  145   77   1                                            
   -4                                                                   
