M 624371ã›è÷ñ¶                2    4    9    3    0   83                
H2 1    4    6    3    0   68 0506 0506                                 
N  1 1    1 286110000 1 3    1    3   -4    0    0    0    0    0    0  
N  1 1    210000  736 1 3    5   -1    4    0    0    0    0    0    0  
N  1 1    310000 1069 1 3    6    2   -5    0    0    0    0    0    0  
N  1 1    410000 6312 1 3   -3   -2   -6    0    0    0    0    0    0  
L  1 5    1     0    11    21 160999999   262                           
 286110000 2877 9949 2898 9911 2912 9895 2940 9849 2962 9803 2973 9762  
 2980 9711 2980 9657 2966 9595 2949 9557 2947 9519 2978 9495 3072 9438  
 3112 9403 3142 9346 3163 9292 3184 9211 3198 9100 3207 9076 3210 9044  
 3261 8908 3257 8860 3212 8795 3221 8768 3216 8671 3195 8657 3197 8646  
 3216 8633 3225 8598 3235 8541 3261 8498 3286 8425 3305 8355 3331 8190  
 3316 8082 3288 7982 3276 7901 3281 7839 3306 7774 3346 7706 3372 7644  
 3403 7593 3511 7490 3586 7412 3645 7336 3807 7155 3851 7114 3882 7077  
 3936 7031 3976 7017 4020 6993 4032 6982 4072 6958 4112 6912 4164 6874  
 4309 6801 4427 6771 4448 6746 4526 6682 4575 6595 4624 6487 4636 6438  
 4666 6363 4687 6287 4718 6219 4725 6128 4717 6068 4818 5995 4840 5947  
 4832 5914 4821 5890 4839 5857 4882 5849 4900 5830 4903 5801 4893 5774  
 4917 5752 4947 5714 4980 5722 5070 5711 5086 5719 5103 5749 5154 5752  
 5227 5716 5281 5668 5347 5619 5418 5584 5483 5554 5516 5492 5558 5446  
 5615 5411 5692 5392 5758 5367 5817 5319 5845 5262 5859 5176 5856 5049  
 5885 4989 5929 4916 5957 4776 5929 4719 5931 4681 5945 4673 6001 4603  
 6079 4554 6142 4524 6218 4494 6250 4473 6250 4467 6272 4421 6281 4416  
 6300 4389 6316 4373 6340 4324 6358 4324 6382 4346 6455 4321 6589 4235  
 6612 4235 6720 4245 6735 4256 6737 4307 6763 4332 6824 4321 6859 4310  
 6862 4313 6862 4307 6913 4261 6934 4218 6920 4205 6925 4194 6960 4202  
 7003 4145 7033 4077 7066 4029 7103 3983 7124 3950 7115 3932 7087 3926  
 7068 3910 7066 3894 7094 3880 7115 3877 7150 3915 7183 3923 7188 3918  
 7185 3902 7265 3869 7308 3869 7355 3885 7383 3874 7421 3888 7468 3882  
 7540 3831 7566 3634 7587 3547 7589 3507 7582 3480 7556 3483 7530 3472  
 7554 3431 7563 3404 7547 3385 7551 3374 7591 3377 7598 3412 7617 3450  
 7639 3450 7664 3455 7664 3458 7782 3450 7860 3423 7921 3374 7946 3309  
 7965 3225 7998 3163 8016 3093 8007 3042 7986 2998 7988 2958 8028 2931  
 8054 2893 8101 2847 8119 2793 8124 2731 8147 2671 8197 2669 8279 2652  
 8361 2625 8385 2604 8410 2541 8436 2498 8462 2501 8507 2498 8577 2452  
 8617 2403 8657 2317 8654 2220 8661 2165 8708 2095 8772 2046 8868 1992  
 8905 1954 8922 1908 8896 1868 8905 1841 8955 1844 8995 1817 9027 1776  
 9114 1687 9131 1646 9123 1600 9135 1592 9166 1541 9215 1500 9276 1435  
 9316 1370 9341 1227 9409 1157 9468 1105 9489 1078 9517 1059 9539 1059  
 9576 1016 9614  951 9637  862 9637  846 9618  781 9590  794 9561  778  
 9547  743 9554  711 9585  689 9620  686 9646  692 9660  673 9634  632  
 9655  613 9676  621 9686  648 9702  667 9709  662 9693  619 9693  586  
 9714  586 9733  613 9759  635 9763  643 9796  656 9815  643 9810  605  
 9813  592 9836  597 9862  621 9893  602 9904  600 9912  621 9907  667  
 9916  716 9961  75110000  736                                          
L  1 5    2     0    31    41 160999999    67                           
10000 1069 9985 1094 9962 1188 9948 1270 9932 1294 9885 1448 9862 1510  
 9848 1613 9834 1672 9825 1737 9834 1786 9846 1805 9862 1818 9891 1829  
 9949 1875 9957 1886 9933 1894 9919 1910 9926 1923 9898 1975 9896 1994  
 9849 2067 9792 2107 9748 2172 9729 2218 9720 2272 9725 2326 9748 2413  
 9755 2429 9716 2526 9648 2618 9601 2707 9591 2734 9596 2818 9632 2905  
 9629 2918 9615 2942 9611 2967 9630 3037 9634 3048 9623 3069 9620 3088  
 9588 3186 9562 3296 9548 3472 9553 3526 9579 3621 9603 3750 9627 3842  
 9681 3977 9698 4093 9721 4191 9745 4272 9783 4480 9791 4585 9781 4696  
 9782 4785 9789 4855 9818 5401 9852 5698 9868 5741 9899 5852 9942 5993  
 9985 6247 9989 6260 9987 625710000 6312                                
L  1 9    3     9    11    4188888 1609     3                           
 286110000100001000010000 6312                                          
L  1 9    4     9    21    118888899999     5                           
10000  73610000    0    0    0    010000 286110000                      
L  1 9    5     9    21    31 160988888     2                           
10000  73610000 1069                                                    
L  1 9    6     9    31    419999988888     2                           
10000 106910000 6312                                                    
A  199999    1 2908 5320   2                                            
    1    4                                                              
A  1 1609    2 7828 5262   4                                            
    3   -2   -5   -1                                                    
A  199999    3 9795 3684   2                                            
    2   -6                                                              
H1 2    0    3    0    0   13 0506 0506                                 
L  2 2    1     0    00    00               3                           
 3252 9686 3416 9646 451810000                                          
L  2 2    2     0    00    00               3                           
 301610000 3163 9784 3252 9686                                          
L  2 3    3     0    00    00              51                           
 3252 9686 3252 9558 3355 9277 3342 9030 3335 8666 3427 8155 3567 7752  
 3918 7180 4152 6975 4439 6893 5115 5898 5395 5757 5737 5474 5918 5539  
 6024 5451 6234 5363 6874 4762 6976 4457 7260 4081 7528 3962 7619 3789  
 7844 3654 8028 3644 8156 3485 8289 3469 8798 3567 8912 3464 9035 2354  
 9231 2026 9334 1658 9526 1365 9599 1174 9768 1028 9884 1104 9884 1206  
 9728 1340 9668 1607 9701 1735 9673 2012 9587 2268 9438 2436 9288 3649  
 9292 4376 9476 6205 9547 6359 9657 7222 9622 7509 9785 7799 9779 8018  
 9925 839010000 8505                                                    
M 624372ã›è÷ñ¶                3    6    9    5    1   44                
H2 1    6    8    5    0   37 0506 0506                                 
N  1 2    1  219  558 0 2    1   -1    0    0    0    0    0    0    0  
N  1 2    2  430  235 0 2    2   -2    0    0    0    0    0    0    0  
N  1 1    3    0  736 1 3    3   -6    7    0    0    0    0    0    0  
N  1 1    4    0 1069 1 3    8   -7   -3    0    0    0    0    0    0  
N  1 1    5    0 6312 1 3    4    5   -8    0    0    0    0    0    0  
N  1 1    6 102110000 1 3    6   -5   -4    0    0    0    0    0    0  
L  1 5    1     0    10    10 160999999    12                           
  219  558  214  561  231  528  256  509  271  493  276  493  286  502  
  288  517  278  535  256  559  229  563  219  558                      
L  1 5    2     0    20    20 160999999    10                           
  430  235  435  229  446  203  457  191  469  192  479  203  476  246  
  464  264  438  256  430  235                                          
L  1 5    3     0    31    41 160999999    13                           
    0  736   21  729   84  663  217  616  266  623  269  678  267  722  
  214  814  175  861  160  864  100  955   38 1002    0 1069            
L  1 5    4     0    51    61 160999999    17                           
    0 6312   30 6420   55 6546  108 6851  136 6985  217 7293  266 7512  
  313 7676  393 7984  541 8497  588 8644  727 9163  840 9536  880 9647  
  976 9852 1006 9930 102110000                                          
L  1 9    5     9    51    6188888 1609     3                           
    0 6312    010000 102110000                                          
L  1 9    6     9    61    318888899999     5                           
 102110000100001000010000    0    0    0    0  736                      
L  1 9    7     9    31    4188888 1609     2                           
    0  736    0 1069                                                    
L  1 9    8     9    41    518888899999     2                           
    0 1069    0 6312                                                    
A  1 1609    1  257  527   1                                            
   -1                                                                   
A  1 1609    2  456  228   1                                            
   -2                                                                   
A  199999    3 5000 5240   8                                            
    3    8    4    6    0    1    0    2                                
A  1 1609    4   96  840   2                                            
    7   -3                                                              
A  1 1609    5  222 8160   2                                            
    5   -4                                                              
H1 2    0    1    0    0    2 0506 0506                                 
L  2 3    1     0    00    00               6                           
    0 8505  182 8769  266 9065  494 9570  505 9764  57310000            
H1 7    0    0    0    1    2 0506 0506                                 
P  7 6    1  208  675 0 1                                               
01 3  208  675              00  ã›è÷ñ¶                                  
