M 664750                      1    2    3    2    0   18                
H2 1    2    3    2    0   17 0506 0506                                 
N  1 1    1    0 6311 1 3    1    2   -3    0    0    0    0    0    0  
N  1 1    2 170110000 1 3    3   -2   -1    0    0    0    0    0    0  
L  1 5    1     0    11    21 169899999    42                           
    0 6311    3 6311   21 6333   86 6465  140 6583  298 6890  329 6960  
  373 7041  421 7111  486 7221  558 7320  722 7543  755 7607  771 7653  
  774 7713  770 7775  749 7905  745 7954  746 8043  763 8168  786 8246  
  820 8327  892 8451  913 8477  980 8585 1008 8650 1089 8871 1149 9000  
 1190 9072 1221 9142 1240 9213 1287 9353 1290 9377 1352 9490 1400 9563  
 1442 9641 1522 9775 1563 9823 1621 9880 1685 9946 1713 9992 170110000  
L  1 9    2     9    11    2188888 1698     3                           
    0 6311    010000 170110000                                          
L  1 9    3     9    21    118888899999     5                           
 170110000100001000010000    0    0    0    0 6311                      
A  199999    1 5000 5048   2                                            
    1    3                                                              
A  1 1698    2  381 8160   2                                            
    2   -1                                                              
M 664760                      1    4    6    3    0   34                
H2 1    4    6    3    0   33 0506 0506                                 
N  1 1    1 108110000 1 3    1   -4    5    0    0    0    0    0    0  
N  1 1    2    0 9053 1 3   -1    4   -3    0    0    0    0    0    0  
N  1 1    3 1701    0 1 3    6    2    3    0    0    0    0    0    0  
N  1 1    410000 7408 1 3   -5   -2   -6    0    0    0    0    0    0  
L  1 5    1     0    11    21 169899999    10                           
 108110000 1030 9937  925 9818  787 9691  674 9577  554 9471  393 9338  
  175 9172   59 9093    0 9053                                          
L  1 5    2     0    31    41 169899999    76                           
 1701    0 1729   86 1766  281 1811  413 1856  514 1921  671 1993  814  
 2028  896 2141 1118 2244 1308 2471 1660 2571 1809 2629 1901 2784 2183  
 2962 2481 3100 2698 3197 2842 3318 3002 3430 3137 3721 3549 3826 3677  
 4027 3891 4090 3951 4258 4097 4290 4119 4403 4179 4511 4231 4609 4266  
 4767 4340 4840 4356 4888 4381 4953 4378 5001 4435 5073 4449 5121 4454  
 5154 4487 5166 4522 5174 4587 5143 4652 5071 4738 5038 4811 5035 4838  
 5040 4911 5075 4987 5221 5191 5313 5310 5549 5581 5775 5871 5893 6007  
 5988 6104 6224 6313 6350 6406 6540 6569 6648 6675 6751 6786 6864 6883  
 6995 6979 7148 7074 7319 7166 7454 7250 7592 7351 7864 7533 8190 7739  
 8351 7810 8592 7898 8683 7933 8745 7949 8894 7980 9087 7975 9225 7929  
 9432 7765 9479 7730 9623 7641 9784 7565 9894 750410000 7408            
L  1 9    3     9    31    2188888 1698     3                           
 1701    0    0    0    0 9053                                          
L  1 9    4     9    21    118888899999     3                           
    0 9053    010000 108110000                                          
L  1 9    5     9    11    4188888 1698     3                           
 108110000100001000010000 7408                                          
L  1 9    6     9    31    419999988888     3                           
 1701    010000    010000 7408                                          
A  199999    1  310 9530   2                                            
    1    4                                                              
A  1 1698    2 2542 5000   4                                            
    5   -2    3   -1                                                    
A  199999    3 7067 3990   2                                            
    2   -6                                                              
M 664761                      1    5    6    5    0   50                
H2 1    5    6    5    0   49 0506 0506                                 
N  1 2    1 6836 7553 0 2    1   -1    0    0    0    0    0    0    0  
N  1 2    2 8093 9293 0 2    2   -2    0    0    0    0    0    0    0  
N  1 2    3 8068 9039 0 2    3   -3    0    0    0    0    0    0    0  
N  1 1    4    0 7408 1 3    4   -6    5    0    0    0    0    0    0  
N  1 1    5 847310000 1 3    6   -5   -4    0    0    0    0    0    0  
L  1 5    1     0    10    10 169899999    17                           
 6836 7553 6838 7580 6818 7624 6745 7667 6712 7669 6682 7653 6670 7639  
 6642 7591 6660 7523 6660 7491 6670 7482 6697 7469 6725 7450 6793 7467  
 6815 7496 6836 7537 6836 7553                                          
L  1 5    2     0    20    20 169899999    14                           
 8093 9293 8078 9312 8051 9337 8033 9334 8005 9315 7970 9269 7970 9242  
 7998 9209 8035 9204 8048 9207 8066 9218 8091 9250 8101 9272 8093 9293  
L  1 5    3     0    30    30 169899999    20                           
 8068 9039 8078 9045 8086 9055 8136 9091 8133 9134 8126 9150 8088 9185  
 8058 9185 8018 9139 8010 9142 7975 9142 7957 9120 7937 9082 7932 9044  
 7952 9014 7993 8990 8015 8982 8023 8985 8055 9015 8068 9039            
L  1 5    4     0    41    51 169899999   126                           
    0 7408   80 7326   85 7326  196 7223  302 7148  440 7097  648 7032  
  716 7003  746 6941  762 6919  832 6938  915 6933 1015 6909 1136 6861  
 1443 6756 1674 6686 1754 6689 1820 6717 1933 6798 2043 6890 2189 6972  
 2289 6988 2372 6978 2428 6967 2463 6932 2473 6878 2478 6821 2506 6786  
 2553 6775 2568 6859 2583 6865 2621 6819 2641 6830 2661 6879 2702 6957  
 2752 7017 2800 7036 2825 6995 2867 7033 2928 7107 2955 7172 3016 7215  
 3174 7272 3322 7278 3458 7260 3553 7219 3584 7198 3629 7157 3666 7163  
 3692 7233 3682 7290 3739 7333 3847 7396 4079 7486 4528 7593 4657 7647  
 5021 7878 5187 7968 5328 8017 5453 8012 5506 7999 5619 7961 5755 7929  
 5848 7926 5883 7929 5966 7973 6014 8005 6112 8054 6238 8084 6336 8087  
 6421 8061 6496 7980 6517 7966 6562 7904 6587 7845 6584 7823 6602 7739  
 6660 7707 6680 7704 6717 7715 6758 7788 6738 7937 6778 8032 6836 8102  
 6889 8116 6916 8154 6929 8222 6939 8257 6992 8357 7022 8390 7040 8390  
 7065 8417 7072 8436 7110 8504 7140 8544 7281 8685 7344 8650 7387 8640  
 7394 8653 7382 8767 7432 8853 7520 8940 7593 8997 7651 9003 7666 9014  
 7688 9122 7799 9255 7834 9293 7882 9317 7960 9304 7998 9315 7995 9353  
 7980 9420 8003 9502 8076 9583 8156 9632 8247 9662 8287 9659 8307 9654  
 8340 9624 8380 9668 8340 9722 8343 9800 8365 9841 8446 9949 847310000  
L  1 9    5     9    41    5188888 1698     3                           
    0 7408    010000 847310000                                          
L  1 9    6     9    51    418888899999     5                           
 847310000100001000010000    0    0    0    0 7408                      
A  1 1698    1 6743 7560   1                                            
   -1                                                                   
A  1 1698    2 8035 9270   1                                            
   -2                                                                   
A  1 1698    3 8031 9083   1                                            
   -3                                                                   
A  199999    4 8496 8358   8                                            
    4    6    0    1    0    2    0    3                                
A  1 1698    5 3493 8344   2                                            
    5   -4                                                              
M 664770                      2    2    3    2    1   57                
H2 1    2    3    2    0   53 0506 0506                                 
N  1 1    110000 7349 1 3    1   -3   -2    0    0    0    0    0    0  
N  1 1    2 1081    0 1 3    3   -1    2    0    0    0    0    0    0  
L  1 5    1     0    11    21 169899999   289                           
10000 7349 9968 7327 9973 7327 9966 7321 9873 7267 9702 7204 9619 7193  
 9526 7198 9488 7209 9463 7209 9440 7233 9432 7230 9422 7206 9400 7171  
 9397 7128 9360 7033 9339 7008 9239 6932 9058 6832 8892 6753 8743 6690  
 8670 6652 8655 6641 8502 6571 8232 6410 8205 6388 8094 6318 8006 6291  
 7956 6282 7865 6277 7775 6303 7757 6314 7744 6330 7722 6376 7719 6390  
 7664 6433 7646 6438 7626 6430 7553 6425 7475 6413 7420 6430 7404 6438  
 7367 6438 7329 6454 7324 6448 7306 6386 7301 6381 7281 6375 7163 6315  
 7012 6261 6876 6220 6848 6206 6708 6176 6700 6171 6567 6173 6411 6210  
 6385 6221 6370 6235 6330 6297 6325 6394 6337 6454 6360 6505 6355 6529  
 6342 6551 6284 6702 6231 6816 6173 6970 6160 6989 6135 7108 6138 7121  
 6110 7143 6092 7137 6065 7167 6062 7183 6022 7186 6007 7197 5954 7191  
 5795 7188 5679 7201 5647 7209 5498 7225 5460 7236 5289 7298 5201 7354  
 5171 7381 5082 7473 5040 7524 5007 7600 4986 7762 4984 7849 5004 7862  
 5019 7868 5039 7895 5009 7924 4981 7960 4989 7968 5006 7970 5044 8000  
 5026 8046 5016 8062 5021 8068 5117 8079 5119 8090 5084 8128 5112 8163  
 5127 8168 5144 8193 5177 8206 5187 8247 5187 8260 5207 8290 5177 8320  
 5164 8317 5149 8320 5129 8368 5114 8382 5046 8409 5031 8409 4986 8355  
 4970 8363 4877 8346 4832 8349 4832 8368 4789 8395 4774 8392 4761 8381  
 4698 8400 4656 8435 4640 8429 4615 8473 4572 8483 4537 8478 4527 8451  
 4399 8253 4314 8193 4293 8190 4223 8198 4203 8206 4147 8249 4135 8266  
 4122 8309 4127 8409 4157 8574 4182 8674 4187 8801 4212 8834 4217 8845  
 4174 8893 4169 8904 4131 8928 4096 8907 3990 8860 3973 8841 3802 8749  
 3756 8719 3643 8665 3618 8659 3517 8648 3469 8651 3442 8656 3323 8699  
 3102 8785 2920 8893 2855 8949 2829 8990 2834 9025 2786 9052 2786 9068  
 2741 9084 2731 9079 2711 9111 2696 9109 2660 9090 2595 9157 2580 9154  
 2552 9135 2517 9143 2509 9149 2416 9021 2421 9005 2364 8926 2341 8905  
 2180 8826 2032 8787 1976 8779 1813 8784 1750 8792 1591 8840 1558 8859  
 1518 8875 1392 8913 1357 8918 1258 8921 1218 8915  992 8855  926 8830  
  919 8841  909 8844  881 8830  861 8784  863 8763  848 8771  813 8765  
  805 8757  808 8706  770 8700  755 8670  765 8624  758 8614  710 8597  
  672 8554  675 8508  607 8478  572 8445  572 8380  565 8353  570 8280  
  630 8232  643 8213  643 8148  676 8099  684 8034  696 8021  719 7972  
  737 7924  775 7891  820 7859  835 7829  823 7794  860 7770  888 7729  
  992 7613 1113 7486 1201 7376 1340 7165 1446 7044 1474 7017 1569 6936  
 1653 6871 1872 6744 1990 6685 2073 6650 2182 6613 2376 6556 2439 6535  
 2575 6481 2789 6360 2847 6311 2905 6258 2930 6198 2965 6152 2945 6093  
 2958 6020 2966 5952 2938 5830 2863 5638 2815 5500 2786 5356 2741 5169  
 2736 5121 2711 4969 2704 4793 2722 4471 2737 4355 2800 4044 2831 3860  
 2826 3736 2809 3617 2794 3541 2701 3194 2666 3040 2654 3005 2637 2888  
 2627 2737 2609 2583 2457 1906 2402 1711 2340 1540 2325 1510 2139 1199  
 2067 1082 1929  919 1773  746 1700  648 1615  542 1580  513 1449  428  
 1299  268 1081    0                                                    
L  1 9    2     9    21    118888899999     5                           
 1081    0    0    0    010000100001000010000 7349                      
L  1 9    3     9    21    11 169888888     3                           
 1081    010000    010000 7349                                          
A  199999    1 1370 5168   2                                            
    1    2                                                              
A  1 1698    2 6353 4768   2                                            
   -3   -1                                                              
H1 7    0    0    0    1    2 0506 0506                                 
P  7 6    1 8267  845 0 1                                               
01 3 8267  845              00  ‘ð‘¨“‡                                  
M 664771                      2    4    8    3    0   44                
H2 1    4    6    3    0   32 0506 0506                                 
N  1 1    1 235010000 1 3    1   -3    4    0    0    0    0    0    0  
N  1 1    2    0 7349 1 3   -1    3   -5    0    0    0    0    0    0  
N  1 1    3 8473    0 1 3    6    2    5    0    0    0    0    0    0  
N  1 1    410000 1719 1 3   -4   -2   -6    0    0    0    0    0    0  
L  1 5    1     0    11    21 169899999    45                           
 235010000 2203 9938 2188 9930 2120 9878 1966 9788 1936 9775 1896 9750  
 1845 9683 1838 9664 1823 9582 1803 9442 1793 9415 1750 9336 1692 9249  
 1619 9125 1606 9089 1561 9022 1461 8940 1372 8835 1360 8821 1294 8729  
 1257 8626 1244 8604 1191 8572 1169 8566 1113 8528 1045 8458  977 8352  
  935 8246  869 8122  796 8016  794 8005  784 7989  713 7918  620 7842  
  600 7829  514 7799  434 7726  381 7660  331 7585  298 7549  162 7460  
  132 7443  102 7419    0 7349                                          
L  1 5    2     0    31    41 169899999    30                           
 8473    0 8592  225 8665  337 8823  453 8906  573 8952  705 9010  784  
 9153  865 9211  963 9276 1014 9304 1017 9417  999 9533 1002 9616 1026  
 9664 1094 9732 1151 9779 1157 9792 1216 9815 1232 9802 1305 9790 1346  
 9767 1476 9742 1522 9742 1546 9765 1611 9815 1652 9875 1671 9941 1660  
 9994 167910000 1719                                                    
L  1 9    3     9    21    118888899999     3                           
    0 7349    010000 235010000                                          
L  1 9    4     9    11    4188888 1698     3                           
 235010000100001000010000 1719                                          
L  1 9    5     9    31    2188888 1698     3                           
 8473    0    0    0    0 7349                                          
L  1 9    6     9    31    419999988888     3                           
 8473    010000    010000 1719                                          
A  199999    1  636 8670   2                                            
    1    3                                                              
A  1 1698    2 5000 5058   4                                            
    4   -2    5   -1                                                    
A  199999    3 9569  856   2                                            
    2   -6                                                              
H1 5    0    2    0    0   10 0506 0506                                 
L  5 2    1     0    00    00              24                           
 6310 6320 5990 6120 5830 5830 5780 5540 5260 5490 4960 5060 4820 4570  
 4960 3830 5110 3720 5460 3660 5510 3600 6070 3590 6240 3430 6710 3400  
 7170 3350 7680 3630 7850 3970 7820 4520 7880 4770 7160 5510 7020 5920  
 6620 6050 6530 6250 6310 6320                                          
L  5 2    2     0    00    00              24                           
 6310 6320 5990 6120 5830 5830 5780 5540 5260 5490 4960 5060 4820 4570  
 4960 3830 5110 3720 5460 3660 5510 3600 6070 3590 6240 3430 6710 3400  
 7170 3350 7680 3630 7850 3970 7820 4520 7880 4770 7160 5510 7020 5920  
 6620 6050 6530 6250 6310 6320                                          
M 664772                      1    4    5    4    0   59                
H2 1    4    5    4    0   58 0506 0506                                 
N  1 2    1 4499 9770 0 2    1   -1    0    0    0    0    0    0    0  
N  1 2    2 1753 2496 0 2    2   -2    0    0    0    0    0    0    0  
N  1 1    3    0 1719 1 3    3   -5    4    0    0    0    0    0    0  
N  1 1    4 437910000 1 3    5   -4   -3    0    0    0    0    0    0  
L  1 5    1     0    10    10 169899999    22                           
 4499 9770 4495 9759 4493 9745 4497 9724 4527 9675 4562 9646 4594 9641  
 4624 9663 4632 9663 4662 9682 4693 9726 4689 9761 4689 9793 4673 9804  
 4659 9836 4631 9847 4584 9852 4562 9838 4532 9827 4520 9811 4503 9778  
 4499 9770                                                              
L  1 5    2     0    20    20 169899999    43                           
 1753 2496 1757 2501 1773 2485 1814 2480 1842 2467 1862 2465 1888 2470  
 1920 2500 1926 2511 1927 2544 1921 2555 1907 2571 1889 2581 1833 2594  
 1771 2613 1761 2604 1741 2601 1729 2618 1710 2625 1688 2631 1654 2630  
 1638 2617 1592 2603 1572 2610 1554 2602 1554 2572 1547 2545 1551 2524  
 1593 2443 1616 2416 1642 2422 1664 2381 1676 2376 1686 2357 1702 2357  
 1754 2374 1774 2391 1778 2399 1778 2437 1772 2453 1769 2480 1747 2480  
 1753 2496                                                              
L  1 5    3     0    31    41 169899999   194                           
    0 1719   43 1736   65 1733   77 1728   89 1739  110 1791  134 1799  
  176 1802  198 1797  247 1795  283 1782  307 1763  315 1760  337 1742  
  365 1728  385 1723  415 1707  443 1718  464 1721  516 1708  522 1703  
  540 1700  574 1739  622 1747  630 1756  630 1761  642 1777  651 1805  
  657 1810  657 1818  643 1850  637 1880  633 1905  618 1934  580 1969  
  582 1980  580 2001  564 2007  548 1996  512 2001  498 2025  508 2039  
  542 2044  550 2050  552 2063  547 2099  533 2117  523 2125  501 2131  
  471 2125  451 2116  445 2079  453 2049  439 2060  421 2081  409 2121  
  409 2154  415 2168  374 2186  354 2210  348 2229  342 2267  358 2278  
  380 2284  388 2297  380 2311  372 2313  363 2332  367 2354  377 2384  
  417 2425  475 2458  545 2510  549 2516  587 2521  591 2540  608 2573  
  624 2568  636 2576  654 2617  658 2622  711 2804  723 2837  749 2886  
  773 2913  892 3004  908 3012  940 3042  972 3064  984 3075 1030 3111  
 1060 3138 1070 3144 1100 3185 1111 3234 1121 3345 1116 3423 1114 3437  
 1119 3526 1115 3540 1123 3635 1160 3811 1169 3898 1171 4006 1172 4020  
 1170 4066 1175 4309 1179 4537 1189 4613 1208 4694 1222 4719 1246 4749  
 1302 4836 1351 4926 1383 4980 1408 5048 1416 5116 1456 5200 1497 5266  
 1549 5377 1558 5424 1574 5472 1572 5573 1561 5681 1563 5727 1556 5784  
 1550 5824 1541 5954 1552 6060 1570 6152 1582 6190 1629 6261 1822 6493  
 1933 6670 1955 6725 2001 6823 2066 6999 2107 7162 2146 7276 2172 7328  
 2232 7407 2269 7451 2347 7522 2383 7566 2528 7770 2552 7830 2595 7917  
 2723 8327 2761 8428 2816 8537 2967 8796 3001 8842 3112 8984 3118 8987  
 3146 9022 3220 9099 3299 9162 3335 9195 3439 9266 3610 9511 3688 9591  
 3718 9626 3775 9673 3873 9717 3909 9723 3940 9721 3952 9715 3956 9705  
 3974 9691 3994 9689 4020 9697 4040 9708 4058 9735 4080 9763 4116 9779  
 4186 9794 4248 9797 4334 9792 4365 9711 4389 9693 4417 9688 4443 9691  
 4473 9699 4483 9718 4481 9745 4483 9775 4446 9804 4402 9831 4376 9855  
 4366 9874 4361 9933 4363 9963 4371 9998 437910000                      
L  1 9    4     9    31    4188888 1698     3                           
    0 1719    010000 437910000                                          
L  1 9    5     9    41    318888899999     5                           
 437910000100001000010000    0    0    0    0 1719                      
A  1 1698    1 4592 9746   1                                            
   -1                                                                   
A  1 1698    2 1659 2494   1                                            
   -2                                                                   
A  199999    3 6149 5832   6                                            
    3    5    0    1    0    2                                          
A  1 1698    4  775 5822   2                                            
    4   -3                                                              
