M 664500ñyï                   2    5    9    4    0   90                
H2 1    5    7    4    0   72 0506 0506                                 
N  1 1    1 2160    0 1 3    2    3    6    0    0    0    0    0    0  
N  1 1    2    0 8444 1 3    5   -2   -4    0    0    0    0    0    0  
N  1 2    3  420 9065 0 2    1   -1    0    0    0    0    0    0    0  
N  1 1    410000 8692 1 3   -7   -3   -6    0    0    0    0    0    0  
N  1 1    5 111410000 1 3    7   -5    4    0    0    0    0    0    0  
L  1 5    1     0    30    30 154599999    23                           
  420 9065  385 9040  379 9024  369 9035  357 9034  351 9012  326 8999  
  319 8979  299 8971  289 8962  286 8937  297 8895  301 8866  325 8870  
  357 8890  421 8963  492 9002  499 9010  496 9026  446 9040  438 9048  
  429 9063  420 9065                                                    
L  1 9    2     9    11    2188888 1545     3                           
 2160    0    0    0    0 8444                                          
L  1 2    3     0    11    41 1545 1694   251                           
 2160    0 2170   26 2184   77 2220  161 2243  206 2264  269 2299  349  
 2337  405 2366  433 2396  454 2430  466 2450  466 2487  459 2532  439  
 2593  446 2603  443 2702  366 2868  335 2925  329 3009  329 3089  314  
 3229  328 3291  331 3317  334 3361  345 3408  343 3451  360 3473  354  
 3507  328 3532  305 3527  339 3526  381 3589  556 3602  568 3634  584  
 3660  603 3690  646 3705  676 3729  712 3773  766 3784  769 3839  716  
 3921  691 4034  641 4139  616 4180  616 4215  621 4239  630 4258  647  
 4271  673 4283  728 4298  872 4291  910 4247 1009 4247 1175 4255 1205  
 4270 1241 4320 1324 4324 1345 4319 1390 4302 1448 4287 1500 4282 1547  
 4295 1614 4295 1644 4279 1697 4282 1762 4288 1801 4299 1825 4324 1841  
 4350 1851 4355 1871 4356 1899 4368 1951 4380 1984 4385 2020 4382 2137  
 4376 2209 4378 2258 4385 2297 4402 2340 4427 2385 4449 2395 4584 2435  
 4658 2462 4717 2470 4725 2474 4729 2489 4717 2567 4717 2605 4735 2709  
 4748 2751 4765 2789 4774 2874 4781 3075 4793 3189 4817 3286 4829 3320  
 4848 3516 4852 3567 4883 3705 4901 3870 4903 3916 4925 3998 4931 4043  
 4933 4087 4938 4118 4948 4152 4983 4211 4987 4226 4986 4268 4991 4294  
 5026 4313 5075 4330 5100 4362 5107 4392 5106 4424 5110 4445 5314 4579  
 5342 4600 5355 4619 5358 4631 5387 4668 5402 4679 5413 4692 5421 4722  
 5438 4753 5478 4799 5500 4831 5516 4871 5520 4874 5580 4876 5622 4882  
 5667 4892 5682 4899 5760 4958 5790 4977 5830 4984 5870 4986 5915 4982  
 5987 4961 6041 4974 6074 4970 6097 4971 6172 4993 6210 4991 6311 4953  
 6320 4953 6344 4968 6370 4976 6397 4975 6424 4963 6446 4944 6473 4897  
 6492 4879 6506 4876 6539 4879 6603 4892 6654 4907 6723 4937 6778 4971  
 6845 4991 6940 5010 7194 5037 7247 5036 7292 5030 7330 5013 7344 5002  
 7368 4976 7382 4944 7416 4840 7518 4914 7544 4945 7565 4984 7604 5029  
 7612 5052 7633 5094 7649 5102 7704 5110 7733 5126 7806 5185 7834 5193  
 7902 5170 7930 5167 7943 5173 7968 5214 7984 5262 7992 5299 7992 5367  
 8006 5390 8053 5425 8096 5452 8131 5461 8211 5459 8257 5462 8330 5499  
 8390 5556 8411 5581 8414 5614 8424 5656 8450 5703 8527 5776 8536 5794  
 8540 5867 8554 5905 8576 5944 8598 5970 8609 5997 8620 6044 8667 6160  
 8717 6253 8773 6341 8797 6368 8830 6389 8862 6404 8928 6474 8956 6508  
 8998 6529 9028 6529 9129 6506 9168 6501 9199 6508 9220 6523 9255 6556  
 9283 6591 9308 6617 9367 6659 9387 6679 9415 6736 9449 6834 9509 7020  
 9556 7150 9573 7208 9623 7482 9648 7658 9661 7719 9713 7852 9780 7982  
 9800 8033 9815 8094 9814 8152 9819 8184 9829 8220 9846 8255 9867 8334  
 9881 8367 9913 8423 9952 8545 9981 8658 9995 869310000 8692            
L  1 5    4     0    51    21 154599999    55                           
 111410000 1113 9974 1121 9947 1099 9917 1077 9855 1041 9782  991 9708  
  953 9623  935 9568  924 9557  910 9533  899 9492  868 9418  803 9289  
  745 9197  723 9175  688 9158  655 9160  642 9154  641 9133  644 9130  
  643 9108  623 9068  577 9015  561 9003  480 8968  454 8951  420 8920  
  365 8877  342 8850  342 8846  322 8833  304 8785  273 8783  261 8775  
  262 8749  251 8742  244 8748  233 8752  227 8744  236 8721  218 8702  
  191 8707  183 8703  188 8675  195 8670  193 8633  204 8617  179 8552  
  125 8559  124 8510  106 8509   98 8435   49 8443    0 8444            
L  1 9    5     9    21    518888899999     3                           
    0 8444    010000 111410000                                          
L  1 9    6     9    11    41 169488888     3                           
 2160    010000    010000 8692                                          
L  1 9    7     9    51    4188888 1545     3                           
 111410000100001000010000 8692                                          
A  1 1545    1 3588 5035   4                                            
    2   -4    7   -3                                                    
A  1 1694    2 7553 4384   2                                            
    3   -6                                                              
A  199999    3  379 9218   4                                            
    5    4    0    1                                                    
A  1 1545    4  358 8965   1                                            
   -1                                                                   
H1 2    0    2    0    0   16 0506 0506                                 
L  2 2    1     0    00    00              80                           
 350010000 3861 9575 3504 9336 3511 9230 4461 8711 4889 8607 5289 8171  
 5541 8169 5874 7974 6596 7917 6981 7726 7339 7388 7385 7124 7438 7038  
 7663 7038 7749 7088 7848 7088 8080 6837 8123 6685 8068 6499 7979 6404  
 7918 6420 7824 6599 7793 6604 7754 6540 7852 6305 7932 6266 8106 6318  
 8189 6158 8294 6071 8336 6073 8406 6113 8583 6368 8633 6377 8712 6323  
 8727 6247 8641 5972 8645 5746 8580 5643 8589 5392 8662 5305 8670 5252  
 8617 5097 8664 5019 8642 4911 8719 4798 8701 4748 8624 4705 8602 4666  
 8628 4511 8616 4457 8336 4241 8336 4125 8591 3938 8813 3915 8857 3534  
 8891 3429 8926 3399 9117 3445 9160 3513 9169 3561 9135 3621 8944 3713  
 8923 3748 8918 3936 8929 3998 8983 4000 9054 3913 9289 3869 9375 3891  
 9682 4159 9720 4173 9779 4116 9819 4003 9819 3960 9738 3759 9626 3687  
 9679 3623 9829 379210000 3795                                          
L  2 2    2     0    00    00              12                           
    0 8323  213 8489  358 8852  589 8995  743 9147  865 9282 1081 9805  
 1217 9962 1483 9977 1646 9884 1710 9888 171010000                      
M 664501óÖâP                  3    4   13    3    3   93                
H2 1    4    6    3    0   60 0506 0506                                 
N  1 1    1    0 8692 1 3    1    3    5    0    0    0    0    0    0  
N  1 1    2 105710000 1 3    6   -5   -1    0    0    0    0    0    0  
N  1 1    3 4644    0 1 3    4    2   -3    0    0    0    0    0    0  
N  1 1    4 965510000 1 3   -4   -6   -2    0    0    0    0    0    0  
L  1 2    1     0    11    21 1545 1694    23                           
    0 8692   37 8744   78 8761   96 8776  108 8818  156 8877  253 8954  
  298 8995  348 9058  421 9124  483 9201  544 9290  599 9386  674 9490  
  769 9592  828 9640  870 9685  910 9766  948 9818  999 9876 1032 9948  
 1049 9978 105710000                                                    
L  1 5    2     0    31    41 169499999   252                           
 4644    0 4639    5 4662   75 4674  221 4696  340 4714  411 4746  483  
 4770  546 4776  571 4835  662 4912  764 4983  838 5053  888 5134  933  
 5190  991 5237 1051 5301 1101 5345 1162 5392 1221 5428 1253 5465 1262  
 5481 1272 5507 1316 5562 1464 5605 1565 5686 1705 5726 1772 5752 1842  
 5895 1960 5927 1997 5870 2035 5901 2060 5908 2044 5921 2056 5960 2046  
 5964 2047 5969 2030 5963 2001 5987 2000 5997 2003 5982 2037 6066 2083  
 6113 2131 6155 2055 6146 2043 6133 2024 6117 2010 6106 1997 6091 1984  
 6073 1966 6053 1943 6035 1918 6031 1909 6027 1897 6020 1882 6019 1872  
 6032 1871 6037 1880 6038 1895 6052 1910 6063 1926 6077 1941 6085 1952  
 6100 1970 6111 1973 6118 1961 6128 1966 6123 1981 6125 1993 6132 2003  
 6145 2021 6167 2043 6185 2036 6199 2031 6204 2041 6206 2049 6186 2067  
 6169 2070 6153 2127 6127 2139 6293 2244 6306 2226 6323 2210 6331 2193  
 6336 2173 6336 2156 6335 2138 6331 2130 6326 2121 6317 2108 6304 2087  
 6288 2064 6263 2045 6236 2015 6243 2012 6253 1998 6457 2229 6464 2246  
 6481 2246 6557 2249 6552 2274 6523 2265 6458 2269 6448 2258 6432 2238  
 6414 2211 6399 2192 6379 2169 6359 2159 6357 2169 6348 2194 6339 2216  
 6325 2238 6303 2267 6293 2273 6274 2306 6275 2332 6305 2377 6346 2419  
 6371 2433 6391 2424 6447 2512 6496 2591 6499 2602 6466 2635 6514 2706  
 6527 2708 6538 2725 6540 2733 6551 2750 6660 2631 6670 2627 6662 2600  
 6638 2573 6577 2380 6563 2367 6595 2349 6672 2581 6695 2629 6574 2770  
 6514 2830 6510 2858 6526 2896 6575 2932 6583 2935 6611 2980 6700 3187  
 6740 3249 6752 3260 6793 3280 6816 3287 6878 3315 6936 3348 6967 3353  
 6998 3371 6999 3427 7015 3474 7056 3536 7112 3598 7183 3652 7238 3676  
 7304 3685 7361 3679 7393 3692 7440 3698 7489 3673 7536 3693 7591 3735  
 7637 3776 7603 3782 7622 3812 7670 3908 7725 3993 7784 4030 7860 4050  
 7945 4086 8048 4134 8121 4155 8132 4168 8133 4192 8125 4193 8122 4212  
 8130 4247 8199 4423 8241 4524 8254 4573 8285 4648 8325 4698 8369 4733  
 8399 4794 8436 4838 8495 4879 8532 4932 8571 5023 8596 5102 8691 5200  
 8712 5253 8741 5390 8769 5487 8847 5625 8872 5703 9015 5940 9028 5969  
 9060 6081 9091 6160 9161 6224 9273 6343 9358 6499 9414 6584 9434 6664  
 9414 6954 9406 7091 9420 7199 9439 7288 9443 7367 9468 7434 9507 7501  
 9549 7525 9623 7540 9692 7562 9755 7626 9774 7650 9851 7769 9894 7819  
 9921 7876 9923 7928 9903 8011 9826 8210 9793 8312 9782 8389 9800 8469  
 9838 8559 9842 8631 9803 8733 9756 8825 9710 8904 9664 9013 9637 9124  
 9629 9207 9669 9393 9703 9421 9726 9423 9699 9462 9685 9469 9662 9507  
 9648 9549 9659 9745 9673 9782 9694 9859 9680 9918 9655 9979 965510000  
L  1 9    3     9    11    31 169488888     3                           
    0 8692    0    0 4644    0                                          
L  1 9    4     9    31    419999988888     4                           
 4644    010000    01000010000 965510000                                
L  1 9    5     9    11    2188888 1545     3                           
    0 8692    010000 105710000                                          
L  1 9    6     9    21    4188888 1694     2                           
 105710000 965510000                                                    
A  1 1694    1 4285 5022   4                                            
    1    6   -2   -3                                                    
A  1 1545    2  288 9346   2                                            
    5   -1                                                              
A  199999    3 9285 5022   2                                            
    2   -4                                                              
H1 2    0    7    0    0   25 0506 0506                                 
L  2 2    1     0    00    00               7                           
 4592    0 4669  450 4779  672 4931  853 5257 1129 5461 1366 5514 1448  
L  2 3    2     0    00    00              13                           
 5717 1960 5840 2165 6067 2323 6266 2393 6467 2874 6601 3049 6700 3266  
 6959 3378 7055 3616 7154 3682 7505 3725 7714 4018 7857 4110            
L  2 3    3     1    00    00               2                           
 7857 4110 8097 4349                                                    
L  2 3    4     0    00    00               4                           
 5717 1960 5572 1694 5508 1491 5514 1448                                
L  2 2    5     0    00    00               4                           
 5514 1448 5719 1782 5745 1901 5717 1960                                
L  2 2    6     0    00    00              59                           
    0 3795  126 3916  272 4223  393 4330  451 4307  358 4194  339 4090  
  384 4050  436 4160  534 4211  580 4305  636 4293  639 4202  602 4111  
  653 4075  709 4113 1037 3898 1010 3851  653 3787  651 3729  728 3706  
  989 3678 1129 3620 1373 3621 1416 3599 1418 3499 1453 3482 1557 3592  
 1615 3509 1471 3344 1273 3371 1099 3336  967 3334  890 3299  898 3238  
  960 3245 1073 3272 1344 3168 1743 3204 1866 3309 1906 3530 1853 3623  
 1870 3759 2005 3830 2203 3637 2522 3651 2793 3566 3328 3480 3522 3303  
 3889 3369 4466 3157 4806 3185 5037 2928 5098 2771 5279 2533 5277 2358  
 5334 2255 5560 2137 5717 1960                                          
L  2 3    7     0    00    00              17                           
 8097 4349 8304 4718 8664 5236 8835 5733 8987 5993 9039 6218 9313 6532  
 9350 6787 9299 7200 9438 7528 9708 7629 9859 7924 9708 8378 9730 8746  
 9597 9016 9595 9841 949310000                                          
H1 7    0    0    0    3    5 0506 0506                                 
P  7 2    1  667 8000 0 1                                               
01 3  667 8000              00  óÖâPäx                                  
P  7 1    2 2000 4000 0 1                                               
01 3 2000 4000              00  óÖâPí¨                                  
P  753    3 5488 2333 0 0                                               
M 664505                      1    4    6    3    0   59                
H2 1    4    6    3    0   58 0506 0506                                 
N  1 1    1 987910000 1 3    1    3    5    0    0    0    0    0    0  
N  1 1    210000 8656 1 3   -5   -1   -6    0    0    0    0    0    0  
N  1 1    310000 6805 1 3    6    2   -4    0    0    0    0    0    0  
N  1 1    4 2571    0 1 3    4   -2   -3    0    0    0    0    0    0  
L  1 5    1     0    11    21 169699999    19                           
 987910000 9939 9849 9959 9746 9968 9592 9968 9522 9962 9425 9964 9256  
 9949 9218 9881 9150 9849 9099 9824 9016 9818 8962 9818 8911 9835 8824  
 9860 8770 9920 8714 9965 8690 9985 869010000 8656                      
L  1 5    2     0    31    41 169699999   242                           
10000 6805 9988 6822 9975 6824 9940 6849 9878 6865 9843 6859 9825 6824  
 9805 6754 9817 6717 9850 6687 9865 6646 9865 6630 9855 6606 9814 6576  
 9734 6541 9677 6528 9634 6493 9614 6425 9614 6358 9634 6301 9743 6204  
 9746 6167 9685 6064 9617 5938 9575 5878 9487 5770 9301 5536 9236 5461  
 9154 5391 9144 5374 9073 5307 9048 5277 8988 5223 8868 5156 8751 5062  
 8693 5051 8616 5019 8541 4978 8538 4973 8516 4957 8458 4905 8405 4843  
 8232 4614 8145 4515 8075 4461 8010 4423 7905 4418 7845 4396 7740 4334  
 7610 4248 7535 4208 7530 4202 7525 4205 7465 4175 7380 4156 7305 4146  
 7228 4140 7163 4121 7113 4094 7028 4016 6935 3911 6880 3828 6865 3812  
 6820 3776 6732 3736 6600 3666 6580 3663 6537 3671 6477 3690 6408 3701  
 6343 3707 6315 3712 6258 3715 6201 3709 6186 3712 6158 3715 6153 3725  
 6121 3755 6088 3760 5996 3809 5966 3836 5949 3831 5941 3804 5941 3790  
 5961 3777 5974 3739 6033 3736 6033 3725 6016 3698 6016 3693 6033 3672  
 6063 3666 6071 3645 6085 3623 6080 3612 6043 3585 5988 3531 5930 3464  
 5910 3448 5868 3389 5815 3321 5782 3286 5720 3259 5705 3248 5647 3222  
 5580 3192 5525 3149 5482 3108 5467 3103 5410 3068 5367 3049 5297 2998  
 5242 2947 5205 2920 5192 2917 5185 2920 5182 2914 5127 2901 5085 2877  
 5047 2836 4972 2793 4907 2780 4848 2780 4765 2790 4713 2801 4705 2809  
 4676 2817 4646 2804 4636 2804 4608 2828 4558 2853 4543 2855 4479 2893  
 4441 2898 4391 2912 4354 2931 4327 2939 4319 2920 4321 2885 4351 2793  
 4341 2780 4319 2774 4306 2764 4299 2745 4308 2699 4311 2669 4378 2629  
 4393 2613 4390 2588 4365 2564 4343 2491 4353 2464 4380 2424 4422 2378  
 4429 2335 4417 2327 4397 2327 4387 2262 4402 2246 4412 2265 4417 2268  
 4429 2265 4439 2233 4461 2200 4506 2179 4516 2181 4564 2122 4571 2106  
 4563 2074 4561 2039 4588 2001 4635 1982 4668 1974 4675 1963 4685 1931  
 4697 1831 4700 1782 4694 1685 4669 1607 4629 1513 4569 1408 4476 1260  
 4453 1219 4421 1171 4383 1133 4283 1071 4266 1058 4251 1033 4251 1028  
 4241 1031 4213 1020 4198 1009 4091  950 4048  920 4008  882 3953  839  
 3796  745 3683  688 3618  645 3576  627 3546  624 3446  635 3414  621  
 3379  589 3344  543 3299  497 3266  470 3211  433 3101  384 3054  336  
 2899  247 2799  198 2764  185 2726  179 2689  182 2656  173 2592  210  
 2536  217 2515  219 2500  265 2479  289 2445  304 2395  280 2362  265  
 2360  248 2353  229 2356  197 2371  179 2398  173 2423  166 2455  162  
 2472  154 2474  115 2478   86 2511  104 2540  104 2575   82 2571   72  
 2566   69 2566   39 2576   15 2571    0                                
L  1 9    3     9    11    419999988888     4                           
 987910000    010000    0    0 2571    0                                
L  1 9    4     9    41    31 169688888     3                           
 2571    010000    010000 6805                                          
L  1 9    5     9    11    2188888 1696     3                           
 987910000100001000010000 8656                                          
L  1 9    6     9    31    219999988888     2                           
10000 680510000 8656                                                    
A  199999    1 4259 4958   4                                            
    1   -6    2   -3                                                    
A  1 1696    2 9982 9328   2                                            
    5   -1                                                              
A  1 1696    3 7955 3448   2                                            
   -4   -2                                                              
M 664506                      2    7   14    5    0   76                
H2 1    7   10    5    0   58 0506 0506                                 
N  1 2    1 6701 2673 0 2    1   -1    0    0    0    0    0    0    0  
N  1 1    2 4883    0 1 3    2    5   -6    0    0    0    0    0    0  
N  1 1    310000 2343 1 3    9   -2   -5    0    0    0    0    0    0  
N  1 1    410000 2788 1 3   10    3   -9    0    0    0    0    0    0  
N  1 1    510000 8107 1 3   -8   -3  -10    0    0    0    0    0    0  
N  1 1    6    0 8656 1 3    4    8   -7    0    0    0    0    0    0  
N  1 1    7    0 6805 1 3    7    6   -4    0    0    0    0    0    0  
L  1 5    1     0    10    10 169699999    15                           
 6701 2673 6699 2673 6694 2700 6679 2719 6661 2713 6614 2681 6601 2665  
 6604 2641 6619 2641 6626 2646 6659 2641 6704 2654 6704 2670 6699 2681  
 6701 2673                                                              
L  1 5    2     0    21    31 169699999    83                           
 4883    0 4944   87 4966  133 4961  192 4914  327 4904  398 4912  476  
 4962  676 5004  883 5034  970 5107 1115 5134 1228 5169 1285 5231 1331  
 5314 1441 5354 1525 5406 1557 5444 1563 5444 1627 5404 1684 5394 1746  
 5411 1833 5431 1873 5494 1954 5639 2121 5748 2277 5848 2391 6063 2682  
 6218 2857 6390 3027 6435 3094 6445 3145 6442 3151 6452 3145 6477 3143  
 6759 3291 6894 3350 7101 3423 7163 3439 7285 3482 7510 3543 7632 3565  
 8021 3551 8141 3518 8248 3475 8382 3424 8432 3408 8520 3374 8613 3321  
 8666 3284 8646 3217 8609 3144 8615 3067 8616 3000 8636 2937 8651 2894  
 8661 2819 8662 2769 8672 2676 8677 2611 8677 2569 8690 2550 8718 2531  
 8697 2468 8640 2390 8593 2338 8597 2260 8632 2206 8702 2217 8812 2265  
 8924 2265 9043 2208 9063 2187 9136 2154 9382 2130 9472 2200 9542 2270  
 9627 2378 9679 2396 9786 2369 9904 2372 9971 236410000 2343            
L  1 5    3     0    41    51 169699999    32                           
10000 2788 9959 2828 9892 2871 9790 2974 9735 3009 9680 3082 9628 3125  
 9548 3171 9526 3193 9491 3244 9469 3452 9459 3611 9457 3849 9413 4189  
 9408 4351 9411 4488 9406 4645 9364 5104 9328 5382 9318 5730 9326 5857  
 9353 6000 9406 6302 9444 6428 9602 7014 9635 7162 9802 7678 9865 7818  
 9925 7923 9958 8004 9950 809010000 8107                                
L  1 5    4     0    61    71 169699999    32                           
    0 8656    4 8656   14 8645   29 8604   56 8467   74 8410   91 8367  
  101 8316  106 8240  101 8186   91 8135   86 8075   63 7930   63 7827  
   58 7749   58 7671   56 7649   63 7482   71 7417   48 7296   50 7172  
   55 7099   83 7056  118 7026  140 6999  148 6964  138 6923   88 6829  
   65 6807   38 6799    8 6802    0 6805                                
L  1 9    5     9    21    319999988888     3                           
 4883    010000    010000 2343                                          
L  1 9    6     9    71    21 169688888     3                           
    0 6805    0    0 4883    0                                          
L  1 9    7     9    71    618888899999     2                           
    0 6805    0 8656                                                    
L  1 9    8     9    61    5188888 1696     4                           
    0 8656    010000100001000010000 8107                                
L  1 9    9     9    31    41 169688888     2                           
10000 234310000 2788                                                    
L  1 9   10     9    41    519999988888     2                           
10000 278810000 8107                                                    
A  1 1696    1 6655 2679   1                                            
   -1                                                                   
A  199999    2 8065 1834   4                                            
    2   -5    0    1                                                    
A  1 1696    3 4687 4995   6                                            
   -6   -4    8   -3   -9   -2                                          
A  199999    4 9663 5440   2                                            
    3  -10                                                              
A  199999    5   29 7726   2                                            
    4    7                                                              
H1 5    0    4    0    0   16 0506 0506                                 
L  5 2    1     0    00    00              15                           
 6310 6730 6230 6430 5580 6440 5270 6270 5500 6150 5460 6030 6220 6000  
 6400 6330 6490 6120 6500 5970 6790 5980 7330 6550 6930 6620 6690 6660  
 6310 6730                                                              
L  5 2    2     0    00    00              20                           
 1600 8680 1490 8590 1560 8500 1160 8180 1000 8170  840 8430  490 8250  
  260 8170  240 7420  530 6930  290 6670  440 6150  990 5840 1330 5780  
 1940 6170 1960 6610 1650 7220 1800 7550 1840 8630 1600 8680            
L  5 2    3     0    00    00              15                           
 6310 6730 6230 6430 5580 6440 5270 6270 5500 6150 5460 6030 6220 6000  
 6400 6330 6490 6120 6500 5970 6790 5980 7330 6550 6930 6620 6690 6660  
 6310 6730                                                              
L  5 2    4     0    00    00              20                           
 1600 8680 1490 8590 1560 8500 1160 8180 1000 8170  840 8430  490 8250  
  260 8170  240 7420  530 6930  290 6670  440 6150  990 5840 1330 5780  
 1940 6170 1960 6610 1650 7220 1800 7550 1840 8630 1600 8680            
M 664507                      1    6    8    5    0   44                
H2 1    6    8    5    0   43 0506 0506                                 
N  1 2    1  345 8222 0 2    1   -1    0    0    0    0    0    0    0  
N  1 2    2 1005 9365 0 2    2   -2    0    0    0    0    0    0    0  
N  1 1    3    0 2343 1 3    3    5    6    0    0    0    0    0    0  
N  1 1    4    0 2788 1 3    7   -6   -3    0    0    0    0    0    0  
N  1 1    5    0 8107 1 3    4    8   -7    0    0    0    0    0    0  
N  1 1    6  77410000 1 3   -5   -8   -4    0    0    0    0    0    0  
L  1 5    1     0    10    10 169699999    16                           
  345 8222  345 8260  327 8284  280 8314  255 8306  232 8290  205 8257  
  200 8228  200 8195  207 8171  232 8155  272 8152  310 8163  332 8182  
  350 8222  345 8222                                                    
L  1 5    2     0    20    20 169699999    16                           
 1005 9365  998 9363 1000 9390  980 9419  973 9425  913 9444  885 9425  
  878 9398  878 9363  883 9349  900 9328  928 9320  973 9325  990 9341  
 1000 9360 1005 9365                                                    
L  1 5    3     0    31    41 169699999    20                           
    0 2343   78 2285  143 2247  272 2196  357 2155  439 2152  539 2177  
  591 2214  584 2260  397 2296  315 2323  245 2374  245 2436  330 2479  
  330 2530  280 2579  228 2639  203 2649   49 2739    0 2788            
L  1 5    4     0    51    61 169699999    38                           
    0 8107   65 8128  100 8147  165 8209  210 8300  233 8443  250 8527  
  300 8651  345 8724  400 8740  425 8732  480 8721  485 8716  492 8645  
  552 8570  577 8548  654 8535  707 8578  722 8648  700 8786  697 8877  
  703 8985  698 9145  703 9180  750 9217  810 9247  865 9341  885 9441  
  878 9465  831 9519  803 9568  863 9608  908 9676  891 9760  846 9800  
  806 9849  771 9922  77410000                                          
L  1 9    5     9    31    619999988888     5                           
    0 2343    0    010000    01000010000  77410000                      
L  1 9    6     9    31    4188888 1696     2                           
    0 2343    0 2788                                                    
L  1 9    7     9    41    518888899999     2                           
    0 2788    0 8107                                                    
L  1 9    8     9    51    6188888 1696     3                           
    0 8107    010000  77410000                                          
A  1 1696    1  273 8232   1                                            
   -1                                                                   
A  1 1696    2  939 9382   1                                            
   -2                                                                   
A  199999    3 5174 4779   8                                            
    3    7    4   -5    0    1    0    2                                
A  1 1696    4  156 2470   2                                            
    6   -3                                                              
A  1 1696    5  350 9060   2                                            
    8   -4                                                              
M 664510ímè∞å‹åŒ              2    4   14    3    0  115                
H2 1    4    6    3    0   86 0506 0506                                 
N  1 1    110000 9342 1 3    1   -6   -3    0    0    0    0    0    0  
N  1 1    210000 9144 1 3    6   -1   -5    0    0    0    0    0    0  
N  1 1    310000 8733 1 3    5    2   -4    0    0    0    0    0    0  
N  1 1    4 1114    0 1 3    4   -2    3    0    0    0    0    0    0  
L  1 5    1     0    11    21 154599999    15                           
10000 9342 9983 9340 9972 9324 9967 9345 9960 9353 9935 9309 9929 9284  
 9939 9280 9953 9283 9949 9230 9962 9187 9957 9195 9938 9175 9945 9159  
10000 9144                                                              
L  1 5    2     0    31    41 154599999   438                           
10000 8733 9989 8712 9945 8673 9876 8633 9856 8609 9848 8579 9824 8492  
 9833 8452 9831 8427 9814 8391 9737 8311 9708 8297 9664 8282 9634 8256  
 9605 8227 9556 8139 9536 8109 9516 8089 9479 8069 9420 8043 9327 7988  
 9265 7937 9098 7755 9062 7736 8968 7723 8921 7711 8551 7667 8440 7635  
 8298 7576 8213 7534 8179 7511 8119 7452 8078 7385 8060 7340 8051 7298  
 8046 7214 7994 7060 7988 7050 7858 6861 7797 6786 7730 6718 7723 6694  
 7719 6639 7713 6617 7679 6571 7605 6489 7559 6444 7534 6442 7521 6447  
 7496 6474 7482 6477 7436 6439 7396 6399 7339 6333 7301 6264 7287 6216  
 7270 6200 7280 6180 7274 6161 7263 6154 7259 6165 7261 6199 7260 6234  
 7247 6235 7194 6192 7184 6215 7170 6228 7104 6264 7085 6259 7075 6239  
 7067 6209 7071 6179 7091 6151 7096 6128 7063 6048 7025 5999 7003 5982  
 6944 5967 6918 5971 6909 5990 6895 5997 6857 5982 6838 5978 6829 5989  
 6830 6005 6824 6026 6808 6034 6758 6081 6717 6106 6686 6116 6676 6114  
 6673 6107 6675 6043 6680 6015 6683 5970 6670 5934 6655 5870 6655 5833  
 6665 5780 6663 5747 6658 5700 6649 5677 6629 5677 6611 5669 6598 5651  
 6562 5573 6545 5552 6520 5508 6506 5475 6486 5441 6447 5406 6413 5386  
 6380 5396 6352 5397 6331 5388 6312 5375 6290 5344 6277 5295 6269 5140  
 6259 5098 6243 5082 6191 5040 6165 5028 6149 5025 6135 5031 6127 5043  
 6127 5054 6132 5066 6135 5094 6135 5156 6123 5170 6108 5171 6050 5128  
 6034 5104 6001 5020 5978 4934 5971 4913 5950 4817 5952 4792 5973 4737  
 5971 4698 5943 4643 5891 4573 5861 4551 5849 4570 5802 4597 5755 4608  
 5721 4610 5696 4606 5681 4599 5674 4565 5655 4523 5623 4496 5602 4499  
 5573 4517 5568 4532 5570 4541 5578 4555 5565 4578 5519 4613 5442 4622  
 5416 4618 5396 4609 5370 4587 5353 4567 5345 4548 5353 4531 5377 4516  
 5386 4502 5388 4482 5368 4455 5314 4412 5278 4358 5260 4339 5253 4315  
 5244 4311 5230 4320 5188 4367 5159 4388 5144 4395 5129 4396 5108 4384  
 5083 4351 5065 4320 5039 4284 5030 4258 5015 4225 5006 4225 4979 4241  
 4963 4248 4948 4245 4875 4187 4845 4157 4807 4113 4760 4090 4727 4047  
 4677 3997 4622 3922 4588 3831 4579 3759 4563 3729 4535 3654 4521 3631  
 4484 3598 4460 3594 4441 3598 4391 3634 4372 3631 4347 3617 4329 3604  
 4323 3585 4331 3553 4327 3542 4306 3536 4285 3542 4276 3547 4253 3566  
 4235 3576 4228 3574 4211 3557 4211 3549 4217 3506 4215 3496 4206 3493  
 4175 3500 4160 3500 4142 3489 4131 3467 4117 3423 4111 3417 4091 3410  
 4069 3407 4054 3400 4044 3376 4044 3360 4038 3352 4030 3354 4023 3348  
 4015 3332 4015 3318 3998 3282 3998 3265 3986 3244 3953 3210 3940 3213  
 3919 3210 3904 3202 3885 3152 3870 3121 3850 3107 3787 3078 3771 3060  
 3760 3040 3717 3004 3718 2993 3725 2983 3730 2962 3726 2947 3713 2933  
 3658 2913 3661 2866 3698 2848 3694 2825 3684 2809 3677 2776 3675 2745  
 3679 2722 3692 2699 3625 2645 3525 2594 3475 2574 3449 2575 3394 2600  
 3380 2624 3373 2646 3360 2654 3338 2657 3320 2647 3245 2583 3224 2572  
 3194 2568 3170 2572 3170 2586 3164 2596 3155 2596 3133 2583 3114 2588  
 3089 2586 3066 2576 2956 2516 2933 2514 2918 2504 2906 2487 2854 2460  
 2825 2436 2797 2365 2760 2359 2730 2380 2722 2393 2716 2427 2716 2449  
 2710 2465 2696 2468 2676 2461 2664 2453 2635 2447 2595 2446 2570 2434  
 2580 2419 2596 2407 2597 2391 2555 2391 2535 2388 2519 2375 2492 2334  
 2480 2338 2460 2383 2445 2402 2417 2384 2406 2329 2397 2315 2400 2294  
 2420 2265 2446 2242 2465 2215 2467 2196 2464 2168 2434 2102 2419 2107  
 2403 2138 2379 2144 2371 2138 2368 2132 2372 2119 2372 2103 2352 2110  
 2303 2151 2283 2164 2216 2164 2197 2155 2164 2100 2152 2108 2148 2127  
 2158 2178 2133 2205 2118 2205 2085 2181 2053 2153 2040 2130 2036 2117  
 1979 2085 1909 2023 1874 1991 1832 1904 1833 1880 1843 1837 1839 1791  
 1855 1763 1915 1688 1922 1671 1920 1646 1905 1619 1891 1609 1870 1601  
 1851 1605 1830 1615 1796 1632 1779 1632 1684 1603 1669 1603 1660 1635  
 1639 1677 1600 1714 1569 1728 1550 1730 1538 1710 1526 1660 1494 1613  
 1490 1582 1492 1552 1486 1517 1464 1496 1440 1484 1421 1465 1420 1432  
 1425 1414 1436 1399 1455 1384 1482 1357 1483 1337 1477 1325 1448 1313  
 1401 1307 1395 1313 1375 1345 1362 1391 1347 1413 1327 1417 1316 1402  
 1307 1307 1296 1255 1298 1236 1293 1220 1291 1221 1282 1236 1271 1244  
 1251 1203 1239 1194 1224 1172 1233 1160 1218 1136 1182 1097 1159 1079  
 1139 1068 1119 1090 1108 1121 1096 1140 1082 1144 1067 1136 1049 1089  
 1048 1052 1053 1031 1067 1004 1029  897 1001  800  965  695  954  606  
  965  536 1009  377 1017  296 1030  257 1054  219 1076  164 1104  115  
 1120   74 1120   34 1112    5 1114    0                                
L  1 9    3     9    41    118888899999     5                           
 1114    0    0    0    010000100001000010000 9342                      
L  1 9    4     9    41    31 154588888     3                           
 1114    010000    010000 8733                                          
L  1 9    5     9    31    219999988888     2                           
10000 873310000 9144                                                    
L  1 9    6     9    21    11 154588888     2                           
10000 914410000 9342                                                    
A  199999    1 2971 4642   4                                            
    1   -5    2    3                                                    
A  1 1545    2 9975 9248   2                                            
   -6   -1                                                              
A  1 1545    3 7642 4366   2                                            
   -4   -2                                                              
H1 2    0    8    0    0   27 0506 0506                                 
L  2 3    1     0    00    00              10                           
 6893 3437 6802 3491 6795 3620 6484 4002 6273 4077 5055 3132 4837 2683  
 4964 2359 5443 2438 5466 2397                                          
L  2 5    2     0    00    00               7                           
 6893 3437 6554 3146 6479 2827 6265 2556 6070 2413 5737 2434 5466 2397  
L  2 3    3     0    00    00               4                           
 5466 2397 5316 2298 5064 2005 4688 2000                                
L  2 3    4     0    00    00              22                           
 4688 2000 4213 2112 4105 2155 4079 2108 4214 2047 4209 2004 4116 1974  
 4003 2093 3654 2361 3542 2291 3440 2389 3374 2364 3223 2409 3217 2231  
 3125 2216 3041 1852 3101 1610 2684 1241 2635 1090 2514 1008 2338  983  
 2268  643                                                              
L  2 5    5     0    00    00               8                           
 4688 2000 4800 1844 5089 1844 5674 2101 6202 2210 6780 2441 7327 2651  
 7554 2658                                                              
L  2 2    6     0    00    00               6                           
 2268  643 2472  797 2886  703 3125  288 3314  117 3500    0            
L  2 2    7     0    00    00              10                           
 1710    0 1710   24 1273  100 1108  341 1143  479 1301  681 1402  681  
 1689  504 2097  515 2268  643                                          
L  2 3    8     0    00    00              36                           
10000 8060 9781 7824 9749 7673 9896 7519 9754 7433 9790 7170 9925 6862  
 9818 6738 9713 6950 9332 6891 9194 6553 9221 6252 9340 6017 9199 5865  
 8848 5845 8861 5723 8672 5804 8651 5660 8457 5488 8515 5196 8644 5167  
 8665 4909 8592 4700 8473 4663 8466 4528 8567 4484 8553 4369 8452 4387  
 8251 4306 8038 4455 7737 4439 7554 4075 7745 3863 7700 3752 7312 3786  
 6893 3437                                                              
M 664511ó∞â©éR                3    8   15    5    1  107                
H2 1    8   12    5    0   93 0506 0506                                 
N  1 1    1 1057    0 1 3    1    5   12    0    0    0    0    0    0  
N  1 1    210000 9456 1 3   -9   -1  -11    0    0    0    0    0    0  
N  1 1    3 9655    0 1 3   10    2  -12    0    0    0    0    0    0  
N  1 1    410000 2129 1 3   11   -2  -10    0    0    0    0    0    0  
N  1 1    5 110410000 1 3    9   -8    3    0    0    0    0    0    0  
N  1 1    6    0 9342 1 3   -3    8   -7    0    0    0    0    0    0  
N  1 1    7    0 9144 1 3    7   -6    4    0    0    0    0    0    0  
N  1 1    8    0 8733 1 3   -4    6   -5    0    0    0    0    0    0  
L  1 2    1     0    11    21 1545 1694   275                           
 1057    0 1052    1 1098   55 1152  135 1177  204 1230  257 1301  300  
 1328  327 1364  379 1457  579 1477  652 1517  846 1536  915 1542  962  
 1541  988 1529 1004 1534 1061 1546 1090 1560 1103 1615 1128 1611 1142  
 1580 1184 1578 1217 1593 1303 1606 1342 1641 1415 1647 1447 1640 1472  
 1593 1534 1585 1552 1584 1577 1592 1617 1612 1683 1633 1722 1690 1784  
 1719 1815 1729 1835 1733 1870 1733 1929 1743 2012 1772 2104 1794 2195  
 1811 2219 1837 2237 1900 2296 1995 2366 2009 2369 2052 2385 2064 2412  
 2093 2508 2108 2539 2117 2573 2137 2605 2169 2639 2184 2670 2181 2693  
 2148 2777 2215 2936 2249 3050 2278 3121 2297 3152 2315 3173 2328 3177  
 2429 3161 2487 3140 2638 3127 2747 3114 2767 3116 2820 3168 2862 3213  
 2882 3226 2909 3210 2932 3207 2946 3221 2961 3227 3017 3222 3032 3215  
 3068 3165 3089 3151 3129 3143 3164 3149 3195 3163 3224 3186 3312 3291  
 3352 3344 3367 3356 3381 3381 3395 3421 3411 3443 3426 3456 3426 3461  
 3429 3502 3449 3522 3562 3578 3597 3601 3623 3625 3657 3674 3657 3686  
 3614 3750 3598 3790 3585 3849 3588 3887 3617 3962 3625 4066 3637 4110  
 3662 4226 3682 4285 3748 4378 3767 4415 3776 4447 3830 4595 3833 4620  
 3839 4657 3869 4667 3917 4674 4011 4694 4032 4706 4072 4760 4101 4782  
 4134 4800 4172 4838 4225 4876 4266 4899 4399 4947 4439 4974 4462 5001  
 4472 5005 4581 4969 4596 4969 4618 4985 4643 5016 4673 5064 4685 5114  
 4685 5180 4691 5215 4707 5253 4725 5287 4744 5330 4796 5422 4834 5512  
 4834 5538 4825 5572 4859 5650 4866 5682 4861 5708 4847 5742 4792 5795  
 4775 5818 4772 5840 4791 5875 4789 5902 4773 5919 4753 5934 4733 5960  
 4727 5985 4746 6028 4797 6083 4846 6127 4902 6185 4945 6222 5005 6238  
 5059 6238 5106 6232 5138 6240 5290 6296 5364 6328 5452 6378 5470 6384  
 5571 6395 5631 6417 5670 6426 5722 6445 5780 6484 5861 6520 5947 6544  
 6040 6561 6093 6557 6202 6581 6286 6587 6313 6599 6349 6624 6391 6636  
 6442 6664 6487 6711 6515 6733 6637 6808 6704 6831 6725 6848 6739 6866  
 6767 6918 6787 6948 6845 7010 6894 7083 6908 7098 6951 7091 7026 7082  
 7117 7085 7159 7091 7200 7103 7357 7153 7402 7174 7451 7202 7545 7278  
 7578 7298 7610 7311 7664 7304 7724 7303 7750 7317 7774 7381 7807 7467  
 7838 7509 7924 7601 8002 7674 8027 7721 8061 7838 8065 7919 8070 7930  
 8090 7948 8108 7971 8108 8034 8102 8090 8109 8188 8118 8240 8133 8287  
 8164 8337 8198 8376 8233 8403 8304 8465 8357 8493 8431 8517 8484 8529  
 8672 8582 8734 8588 8777 8585 8896 8567 8968 8566 9009 8574 9053 8592  
 9075 8604 9086 8648 9086 8735 9092 8781 9118 8831 9158 8890 9177 8905  
 9205 8910 9341 8915 9360 8919 9367 8927 9369 8953 9356 8996 9361 9019  
 9370 9037 9402 9061 9449 9084 9473 9100 9508 9131 9557 9156 9602 9157  
 9626 9149 9647 9136 9692 9122 9723 9103 9741 9087 9756 9082 9792 9111  
 9825 9144 9860 9206 9888 9293 9892 9386 9900 9413 9912 9427 9941 9445  
 9967 945610000 9456                                                    
L  1 5    2     0    31    41 169499999    35                           
 9655    0 9614   55 9576  136 9538  271 9529  374 9536  453 9543  465  
 9563  539 9584  600 9617  648 9626  678 9621  697 9611  719 9609  744  
 9623  808 9638  896 9671 1021 9684 1050 9704 1079 9712 1147 9692 1175  
 9693 1200 9707 1246 9711 1309 9730 1404 9786 1573 9830 1682 9873 1855  
 9882 1927 9890 1954 9910 1941 9970 2043 9938 2068 9999 214410000 2129  
L  1 5    3     0    51    61 154599999    44                           
 110410000 1064 9929 1055 9892 1047 9823 1038 9791 1020 9756  999 9729  
  954 9657  906 9556  882 9514  857 9485  811 9450  776 9431  725 9417  
  675 9434  621 9464  572 9502  540 9556  497 9590  464 9589  447 9557  
  423 9527  427 9503  433 9493  416 9455  399 9396  390 9385  357 9363  
  335 9334  333 9299  324 9272  205 9202  195 9200  178 9209  157 9242  
  132 9264   90 9310   88 9324   80 9343   55 9350   49 9340   33 9330  
   19 9343    0 9342                                                    
L  1 5    4     0    71    81 154599999    17                           
    0 9144   13 9143   24 9120   31 9118   67 9128   81 9121  102 9102  
  117 9076  125 9048  130 9015  129 8987  119 8954   76 8860   42 8806  
   27 8761   11 8741    0 8733                                          
L  1 9    5     9    11    8188888 1545     3                           
 1057    0    0    0    0 8733                                          
L  1 9    6     9    81    718888899999     2                           
    0 8733    0 9144                                                    
L  1 9    7     9    71    6188888 1545     2                           
    0 9144    0 9342                                                    
L  1 9    8     9    61    518888899999     3                           
    0 9342    010000 110410000                                          
L  1 9    9     9    51    2188888 1545     3                           
 110410000100001000010000 9456                                          
L  1 9   10     9    31    419999988888     3                           
 9655    010000    010000 2129                                          
L  1 9   11     9    41    21 169488888     2                           
10000 212910000 9456                                                    
L  1 9   12     9    11    31 169488888     2                           
 1057    0 9655    0                                                    
A  1 1694    1 7051 4782   4                                            
    1  -11   -2  -12                                                    
A  1 1545    2 2343 5114   6                                            
    5   -4    7   -3    9   -1                                          
A  199999    3 9849 1070   2                                            
    2  -10                                                              
A  199999    4  463 9600   2                                            
    3    8                                                              
A  199999    5   56 8938   2                                            
    4    6                                                              
H1 2    0    3    0    0    9 0506 0506                                 
L  2 3    1     0    00    00               6                           
 9493    0 9466  392 9664 1159 9716 1409 9957 223010000 2276            
L  2 3    2     0    00    00              10                           
  980 8622  767 8847  601 8862  479 8649  664 8198  634 8179  326 8404  
  285 8257  138 8028    0 8060                                          
L  2 5    3     0    00    00              20                           
 255710000 2561 9991 2519 9871 2399 9899 2203 9945 2117 9880 2041 9659  
 1938 9604 1605 9622 1417 9530 1375 9392 1400 9171 1452 9005 1409 8885  
 1153 8913 1025 8959  991 8913 1016 8738 1025 8655  980 8622            
H1 7    0    0    0    1    2 0506 0506                                 
P  7 2    1 3333 6000 0 1                                               
01 3 3333 6000              00  ó∞â©éR                                  
M 664512ñ¶                    2    4    7    3    0   52                
H2 1    4    6    3    0   46 0506 0506                                 
N  1 1    1    0 9456 1 3    1   -3    4    0    0    0    0    0    0  
N  1 1    2 225010000 1 3    5   -4   -1    0    0    0    0    0    0  
N  1 1    3    0 2129 1 3    2    3   -6    0    0    0    0    0    0  
N  1 1    4 486810000 1 3    6   -5   -2    0    0    0    0    0    0  
L  1 2    1     0    11    21 1545 1694    48                           
    0 9456    2 9454   38 9465   95 9470  134 9466  182 9471  224 9485  
  268 9496  336 9505  386 9496  438 9463  448 9465  493 9501  539 9524  
  605 9531  617 9528  670 9540  805 9633  861 9658  887 9673  910 9694  
  969 9779  998 9807 1012 9815 1056 9828 1089 9823 1120 9801 1166 9776  
 1262 9755 1381 9763 1425 9757 1446 9750 1457 9751 1476 9765 1503 9798  
 1527 9820 1553 9832 1598 9838 1771 9850 1900 9844 1968 9831 2093 9813  
 2111 9820 2147 9844 2247 9939 2253 9957 2246 9986 225010000            
L  1 5    2     0    31    41 169499999   133                           
    0 2129   51 2166   61 2145  112 2201  170 2285  213 2366  229 2441  
  240 2526  251 2570  292 2659  316 2730  334 2811  337 2852  335 2923  
  338 3018  349 3052  362 3078  371 3117  397 3357  409 3418  436 3517  
  478 3592  503 3662  508 3716  519 3752  534 3778  573 3840  584 3876  
  600 3958  616 3984  668 4043  716 4109  729 4136  741 4259  737 4356  
  748 4421  749 4462  743 4489  737 4546  739 4590  760 4689  775 4805  
  792 4845  864 4945  918 5041  931 5073  959 5178  974 5249  994 5318  
 1054 5509 1084 5658 1100 5687 1160 5756 1207 5818 1228 5857 1265 5919  
 1284 5960 1321 6063 1339 6132 1418 6255 1466 6309 1507 6342 1545 6368  
 1646 6413 1686 6449 1757 6545 1821 6617 1898 6720 1960 6764 1989 6796  
 2051 6812 2102 6864 2162 6899 2183 6946 2212 6979 2319 7075 2364 7138  
 2390 7157 2434 7170 2483 7192 2532 7223 2728 7393 2845 7476 2889 7501  
 2982 7564 3026 7607 3089 7665 3192 7748 3230 7786 3260 7828 3274 7861  
 3283 7925 3295 7948 3308 7962 3320 7983 3345 8053 3353 8093 3375 8139  
 3424 8190 3477 8228 3552 8302 3644 8383 3680 8406 3704 8411 3729 8437  
 3745 8484 3781 8623 3800 8723 3852 8896 3875 8940 3918 9048 3988 9194  
 4000 9257 4016 9314 4038 9368 4061 9402 4092 9431 4134 9455 4196 9471  
 4296 9509 4441 9580 4514 9584 4565 9590 4588 9602 4610 9621 4619 9633  
 4659 9727 4712 9805 4760 9888 4792 9917 4860 9959 4871 9991 486810000  
L  1 9    3     9    31    1188888 1694     2                           
    0 2129    0 9456                                                    
L  1 9    4     9    11    2188888 1545     3                           
    0 9456    010000 225010000                                          
L  1 9    5     9    21    4188888 1694     2                           
 225010000 486810000                                                    
L  1 9    6     9    41    318888899999     5                           
 486810000100001000010000    0    0    0    0 2129                      
A  1 1694    1  661 6068   4                                            
    1    5   -2    3                                                    
A  1 1545    2  466 9726   2                                            
    4   -1                                                              
A  199999    3 5660 6060   2                                            
    2    6                                                              
H1 2    0    1    0    0    4 0506 0506                                 
L  2 3    1     0    00    00              16                           
    0 2276  180 2471  346 3493  717 4371  699 4671  786 4904 1068 5721  
 1369 6285 1646 6525 1922 6832 3165 7772 3351 8152 3705 8497 3988 9425  
 4569 9666 480010000                                                    
M 664515                      1    2    3    2    0   16                
H2 1    2    3    2    0   15 0506 0506                                 
N  1 1    110000 2320 1 3    1   -3   -2    0    0    0    0    0    0  
N  1 1    2 9879    0 1 3    3   -1    2    0    0    0    0    0    0  
L  1 5    1     0    11    21 169699999    27                           
10000 2320 9986 2326 9878 2301 9806 2266 9801 2261 9793 2237 9790 2188  
 9780 2148 9755 2075 9752 1970 9747 1921 9719 1819 9696 1633 9640 1331  
 9630 1242 9619  994 9621  927 9628  859 9640  792 9653  765 9680  638  
 9692  574 9697  568 9709  509 9754  347 9798  231 9879    0            
L  1 9    2     9    21    118888899999     5                           
 9879    0    0    0    010000100001000010000 2320                      
L  1 9    3     9    21    11 169688888     3                           
 9879    010000    010000 2320                                          
A  199999    1 5000 4602   2                                            
    1    2                                                              
A  1 1696    2 9813 1152   2                                            
   -3   -1                                                              
M 664516                      2    2    3    2    1   33                
H2 1    2    3    2    0   29 0506 0506                                 
N  1 1    1 599110000 1 3    1   -2    3    0    0    0    0    0    0  
N  1 1    2    0 2320 1 3    2   -3   -1    0    0    0    0    0    0  
L  1 5    1     0    11    21 169699999   121                           
 599110000 6048 9996 6016 9953 5951 9893 5886 9845 5871 9837 5831 9804  
 5818 9788 5738 9667 5703 9580 5666 9529 5613 9470 5521 9419 5453 9373  
 5263 9233 5113 9114 4996 8952 4941 8890 4893 8847 4848 8823 4796 8802  
 4731 8761 4661 8723 4591 8697 4481 8605 4464 8602 4396 8548 4261 8430  
 4196 8389 3996 8260 3994 8209 3976 8158 3871 8042 3731 7910 3706 7866  
 3699 7791 3684 7740 3649 7710 3566 7697 3491 7697 3444 7672 3342 7597  
 3314 7557 3309 7497 3316 7465 3346 7238 3329 7125 3299 7036 3259 6952  
 3209 6871 3109 6763 3059 6688 3031 6639 2989 6467 2956 6378 2919 6297  
 2871 6235 2864 6232 2826 6200 2726 6127 2674 6038 2599 5882 2544 5787  
 2476 5714 2351 5604 2236 5480 2186 5440 2121 5342 2067 5321 2009 5340  
 1977 5340 1957 5299 1967 5245 1929 5205 1892 5208 1862 5186 1849 5151  
 1877 5086 1899 5019 1854 4954 1737 4811 1677 4766 1644 4725 1634 4685  
 1624 4609 1602 4528 1587 4445 1467 4186 1387 4105 1249 4013 1175 3984  
 1130 3949 1097 3900  972 3806  897 3746  892 3701  872 3628  875 3547  
  855 3417  817 3347  757 3272  722 3199  675 3148  695 3094  687 3040  
  637 2964  635 2886  620 2824  592 2786  552 2778  500 2746  467 2689  
  363 2557  318 2509  285 2436  233 2363  193 2344  148 2347   36 2325  
    3 2315    0 2320                                                    
L  1 9    2     9    21    118888899999     3                           
    0 2320    010000 599110000                                          
L  1 9    3     9    11    2188888 1696     5                           
 599110000100001000010000    0    0    0    0 2320                      
A  199999    1 1363 6126   2                                            
    1    2                                                              
A  1 1696    2 6381 6154   2                                            
    3   -1                                                              
H1 7    0    0    0    1    2 0506 0506                                 
P  7 7    1 9333 8000 0 1                                               
01 3 9333 8000              00  çëå„ìá                                  
M 664517                      1    2    3    2    0   37                
H2 1    2    3    2    0   36 0506 0506                                 
N  1 1    1  774    0 1 3    1    3    2    0    0    0    0    0    0  
N  1 1    2 889110000 1 3   -2   -3   -1    0    0    0    0    0    0  
L  1 5    1     0    11    21 169699999   175                           
  774    0  822   46  857   62  924  108  996  137 1014  153 1019  189  
 1029  221 1064  256 1079  302 1091  307 1146  280 1199  242 1259  248  
 1304  304 1321  318 1366  285 1408  307 1458  388 1471  425 1484  515  
 1471  620 1479  733 1504  865 1539  984 1594 1113 1627 1159 1794 1264  
 1899 1313 1989 1329 2069 1318 2124 1237 2171 1196 2201 1178 2288 1140  
 2423 1075 2443 1072 2510 1107 2558 1185 2563 1261 2598 1352 2638 1404  
 2630 1458 2646 1544 2673 1630 2668 1714 2656 1746 2601 1803 2504 1871  
 2394 1922 2354 1947 2287 2006 2218 2173 2213 2217 2241 2468 2238 2575  
 2249 2708 2259 2754 2319 2856 2344 2891 2411 3026 2447 3139 2482 3312  
 2502 3347 2562 3479 2617 3579 2645 3779 2668 3873 2703 3959 2740 4067  
 2788 4146 2818 4218 2838 4310 2848 4334 2891 4402 2921 4426 3013 4483  
 3131 4569 3211 4652 3291 4760 3388 4865 3411 4941 3419 5052 3436 5103  
 3514 5248 3584 5346 3589 5346 3637 5429 3724 5569 3797 5661 3872 5774  
 3950 5901 4030 5998 4102 6055 4182 6079 4205 6090 4215 6090 4292 6136  
 4372 6195 4412 6214 4497 6268 4582 6330 4660 6427 4702 6529 4762 6623  
 4915 6804 5010 6907 5038 6955 5073 7060 5113 7090 5156 7136 5186 7298  
 5223 7341 5296 7379 5368 7430 5458 7500 5554 7597 5656 7737 5709 7821  
 5781 7883 5841 7947 5947 8031 5974 8044 6079 8069 6241 8079 6449 8101  
 6469 8106 6479 8103 6529 8114 6576 8157 6649 8281 6759 8367 6849 8405  
 6909 8392 6976 8348 7003 8324 7098 8275 7168 8235 7185 8210 7253 8137  
 7280 8129 7355 8089 7442 8019 7460 8010 7535 8024 7595 8086 7795 8258  
 7840 8288 7887 8326 7918 8380 7923 8409 7918 8496 7903 8623 7901 8720  
 7903 8744 7954 8857 8006 8998 8064 9070 8092 9087 8179 9116 8212 9116  
 8264 9143 8289 9167 8339 9237 8372 9324 8405 9397 8422 9424 8477 9475  
 8547 9567 8678 9796 8698 9820 8751 9906 8806 9968 8821 9979 889110000  
L  1 9    2     9    11    219999988888     4                           
  774    010000    01000010000 889110000                                
L  1 9    3     9    11    2188888 1696     4                           
  774    0    0    0    010000 889110000                                
A  199999    1 6710 5052   2                                            
    1   -2                                                              
A  1 1696    2 1710 5052   2                                            
    3   -1                                                              
M 664521ÉãÉVÉÉêÏ              2    3    5    3    0   57                
H2 1    3    4    3    0   50 0506 0506                                 
N  1 2    1 8218 8782 0 2    1   -1    0    0    0    0    0    0    0  
N  1 1    2 872410000 1 3    2   -3    4    0    0    0    0    0    0  
N  1 1    3 1104    0 1 3   -4   -2    3    0    0    0    0    0    0  
L  1 5    1     0    10    10 154599999    13                           
 8218 8782 8204 8777 8196 8771 8184 8752 8178 8725 8182 8714 8201 8706  
 8241 8707 8267 8723 8271 8734 8268 8748 8256 8761 8218 8782            
L  1 5    2     0    21    31 154599999   225                           
 872410000 8733 9954 8701 9916 8687 9853 8677 9786 8658 9707 8614 9679  
 8586 9644 8584 9625 8554 9560 8530 9532 8476 9513 8430 9510 8414 9496  
 8408 9480 8392 9485 8380 9496 8362 9474 8367 9444 8375 9409 8365 9398  
 8353 9360 8363 9330 8359 9325 8341 9336 8335 9322 8348 9268 8362 9236  
 8386 9206 8447 9120 8455 9077 8449 9039 8446 8933 8428 8885 8410 8849  
 8327 8751 8283 8677 8255 8620 8225 8571 8205 8560 8195 8568 8169 8598  
 8147 8603 8127 8584 8121 8554 8131 8535 8129 8521 8107 8513 8077 8491  
 8060 8472 8048 8450 8048 8431 8060 8415 8088 8388 8130 8364 8153 8330  
 8165 8276 8165 8235 8160 8181 8150 8143 8142 8124 8132 8113 8130 8097  
 8136 8091 8140 8075 8128 8032 8114 8029 8098 8015 8094 8010 8100 7991  
 8087 7961 8061 7925 8023 7884 7963 7848 7917 7807 7885 7756 7863 7734  
 7814 7701 7766 7638 7728 7519 7705 7486 7675 7456 7641 7396 7643 7342  
 7641 7298 7610 7225 7602 7187 7600 7154 7609 7081 7599 7003 7589 6957  
 7548 6840 7535 6734 7493 6680 7479 6639 7451 6595 7439 6549 7428 6533  
 7404 6508 7384 6481 7372 6440 7338 6337 7299 6272 7275 6215 7265 6174  
 7264 6125 7258 6095 7240 6065 7222 6046 7190 6027 7176 6008 7174 5975  
 7178 5951 7147 5886 7109 5801 7107 5785 7087 5739 7074 5685 7036 5598  
 7028 5570 6969 5462 6947 5426 6894 5301 6822 5162 6671 4950 6636 4881  
 6618 4833 6602 4767 6590 4738 6572 4702 6573 4678 6569 4678 6543 4650  
 6523 4607 6428 4411 6388 4313 6347 4188 6296 4079 6164 3897 6107 3812  
 6083 3760 6047 3711 5978 3583 5940 3499 5922 3474 5835 3368 5797 3338  
 5769 3300 5700 3166 5660 3122 5618 3090 5518 3023 5466 3001 5336 2973  
 5310 2956 5240 2891 5149 2819 5117 2803 5067 2791 5033 2772 4985 2755  
 4951 2752 4933 2741 4889 2692 4853 2659 4729 2574 4637 2535 4573 2488  
 4547 2474 4479 2457 4462 2441 4442 2433 4383 2421 4347 2410 4318 2383  
 4286 2342 4252 2303 4216 2271 4114 2202 4058 2158 3879 2012 3819 1947  
 3737 1870 3584 1744 3424 1642 3318 1600 3264 1584 3206 1572 3138 1563  
 3082 1568 3016 1567 2948 1553 2894 1536 2824 1498 2760 1437 2693 1345  
 2637 1219 2604 1127 2582 1075 2548 1023 2520  985 2469  928 2393  854  
 2361  829 2347  807 2317  769 2272  731 2242  698 2212  657 2138  589  
 2008  509 1877  437 1797  414 1753  398 1653  348 1607  328 1505  308  
 1393  277 1257  222 1213  200 1161  150 1147  120 1139   55 1130   31  
 1104    0                                                              
L  1 9    3     9    31    218888899999     4                           
 1104    0    0    0    010000 872410000                                
L  1 9    4     9    21    3188888 1545     4                           
 872410000100001000010000    0 1104    0                                
A  1 1545    1 8226 8744   1                                            
   -1                                                                   
A  199999    2 3335 4948   4                                            
    2    3    0    1                                                    
A  1 1545    3 8335 4948   2                                            
    4   -2                                                              
H1 2    0    1    0    0    5 0506 0506                                 
L  2 5    1     0    00    00              28                           
 5942 3297 5626 2919 5097 2588 4636 2339 4482 2137 4576 1731 4550 1556  
 4311 1335 4260 1400 4269 1602 4175 1612 4158 1031 4072 1031 3902 1087  
 3611  949 3432  746 3406  460 3244  322 3099  258 2997  405 2903  368  
 2877  203 2792  221 2783  322 2681  396 2510  295 2476  184 2557    0  
M 664522ímè∞äx                3    4    7    3    1   86                
H2 1    4    6    3    0   78 0506 0506                                 
N  1 1    1 2250    0 1 3    1    3    6    0    0    0    0    0    0  
N  1 1    2 436610000 1 3    4   -3   -1    0    0    0    0    0    0  
N  1 1    3 4868    0 1 3   -5    2   -6    0    0    0    0    0    0  
N  1 1    4 926510000 1 3    5   -4   -2    0    0    0    0    0    0  
L  1 2    1     0    11    21 1545 1694   183                           
 2250    0 2234  100 2242  231 2243  288 2238  313 2218  363 2197  391  
 2105  487 2082  520 2049  628 2011  731 2001  821 2006  919 2033 1001  
 2058 1050 2158 1186 2193 1221 2229 1249 2278 1277 2401 1335 2453 1366  
 2693 1542 2745 1587 2846 1682 2894 1720 2934 1740 3047 1768 3087 1789  
 3121 1813 3190 1882 3254 1918 3335 1953 3328 1982 3312 2016 3298 2060  
 3278 2101 3270 2112 3241 2135 3201 2155 3098 2217 3059 2254 3035 2300  
 3022 2353 3006 2396 2975 2427 2935 2446 2897 2452 2785 2454 2649 2442  
 2658 2448 2746 2538 2786 2595 2818 2647 2863 2743 2890 2777 2913 2813  
 2928 2858 2942 2955 2944 3128 2948 3162 2961 3205 2991 3282 3141 3600  
 3161 3654 3093 3689 3028 3741 2995 3759 2960 3772 2861 3805 2834 3825  
 2801 3872 2766 3986 2754 4048 2744 4132 2755 4161 2769 4225 2768 4271  
 2774 4392 2786 4428 2762 4423 2717 4422 2621 4433 2584 4432 2500 4405  
 2483 4405 2478 4412 2494 4473 2521 4645 2533 4771 2531 4832 2524 4882  
 2520 4938 2507 5040 2508 5098 2524 5151 2543 5201 2570 5260 2581 5328  
 2576 5423 2588 5573 2620 5715 2628 5819 2609 5866 2543 5966 2524 6006  
 2516 6042 2518 6070 2526 6108 2574 6200 2631 6322 2645 6374 2653 6424  
 2668 6477 2701 6570 2722 6674 2733 6718 2751 6751 2801 6786 2860 6817  
 3037 6890 3147 6944 3239 7002 3283 7039 3330 7098 3349 7144 3346 7173  
 3330 7211 3309 7245 3291 7281 3279 7318 3241 7555 3244 7590 3258 7613  
 3297 7641 3352 7667 3404 7677 3503 7719 3554 7747 3576 7778 3603 7835  
 3631 7921 3641 7977 3640 8119 3648 8166 3664 8196 3688 8224 3712 8263  
 3721 8291 3738 8314 3763 8329 3785 8340 3807 8360 3823 8402 3850 8491  
 3865 8526 3919 8569 3978 8643 4006 8665 4076 8696 4104 8719 4150 8774  
 4316 8958 4344 8993 4363 9027 4372 9061 4372 9156 4385 9183 4406 9203  
 4463 9226 4503 9250 4551 9306 4573 9348 4596 9420 4601 9468 4595 9520  
 4581 9579 4549 9662 4500 9813 4481 9857 4451 9898 4388 9965 4370 9989  
 436610000                                                              
L  1 5    2     0    31    41 169499999   216                           
 4868    0 4864    1 4892   47 4896   66 4892   91 4894  214 4902  285  
 4912  335 4926  383 4984  521 5002  614 5044  702 5111  800 5131  839  
 5145  877 5166  916 5199  961 5249 1016 5322 1078 5424 1180 5450 1217  
 5472 1261 5497 1298 5606 1399 5624 1405 5648 1402 5650 1435 5667 1458  
 5686 1502 5734 1686 5743 1756 5747 1844 5756 1893 5765 1982 5776 2026  
 5841 2194 5864 2236 5906 2296 5971 2366 5991 2371 6007 2382 6005 2398  
 6015 2413 6050 2432 6095 2446 6219 2513 6430 2602 6469 2604 6520 2613  
 6560 2631 6617 2662 6634 2681 6667 2756 6700 2824 6778 3005 6807 3049  
 6850 3158 6950 3305 6956 3337 6958 3383 6931 3476 6921 3553 6919 3611  
 6924 3722 6919 3913 6926 3967 6942 4084 6944 4116 6930 4144 6919 4185  
 6922 4243 6932 4316 6941 4339 6974 4386 6996 4462 7027 4551 7059 4655  
 7069 4704 7088 4743 7145 4836 7190 4928 7214 4964 7245 5056 7264 5154  
 7310 5303 7340 5363 7369 5405 7475 5521 7516 5584 7558 5612 7607 5640  
 7635 5670 7655 5719 7665 5773 7690 5967 7705 6016 7752 6105 7818 6179  
 7861 6211 7908 6235 7943 6247 7974 6251 8024 6280 8043 6286 8052 6286  
 8069 6296 8073 6302 8106 6328 8135 6370 8176 6457 8179 6483 8175 6497  
 8167 6512 8167 6536 8162 6556 8141 6577 8098 6693 8084 6769 8013 6990  
 8007 7070 8011 7135 8017 7181 8039 7273 8091 7348 8127 7409 8140 7438  
 8153 7449 8162 7467 8172 7480 8188 7487 8209 7488 8234 7476 8250 7460  
 8269 7454 8269 7466 8259 7484 8251 7493 8268 7501 8284 7497 8293 7511  
 8302 7513 8309 7520 8318 7547 8303 7562 8261 7583 8255 7602 8264 7627  
 8288 7656 8294 7676 8295 7704 8308 7710 8317 7710 8320 7720 8304 7735  
 8327 7751 8298 7780 8295 7791 8310 7853 8305 7885 8304 7954 8297 7975  
 8261 8001 8225 8046 8163 8214 8158 8242 8170 8311 8160 8373 8159 8422  
 8143 8521 8112 8636 8112 8649 8125 8702 8134 8718 8166 8828 8190 8883  
 8221 8928 8271 9011 8327 9083 8365 9146 8458 9229 8484 9275 8514 9304  
 8540 9303 8556 9290 8569 9284 8574 9306 8581 9321 8603 9338 8622 9349  
 8632 9344 8640 9344 8653 9361 8678 9408 8777 9463 8810 9470 8831 9477  
 8853 9498 8869 9539 8888 9561 8921 9611 8926 9632 8940 9660 8976 9713  
 9048 9770 9078 9786 9097 9789 9121 9788 9157 9794 9259 9831 9264 9845  
 9260 9867 9248 9890 9244 9903 9261 9934 9268 9964 926510000            
L  1 9    3     9    11    2188888 1545     4                           
 2250    0    0    0    010000 436610000                                
L  1 9    4     9    21    4188888 1694     2                           
 436610000 926510000                                                    
L  1 9    5     9    41    318888899999     4                           
 926510000100001000010000    0 4868    0                                
L  1 9    6     9    11    31 169488888     2                           
 2250    0 4868    0                                                    
A  1 1694    1 4870 5012   4                                            
    1    4   -2   -6                                                    
A  1 1545    2 1254 5046   2                                            
    3   -1                                                              
A  199999    3 8606 4962   2                                            
    2    5                                                              
H1 2    0    1    0    0    3 0506 0506                                 
L  2 3    1     0    00    00               9                           
 4800    0 4867   97 4897  430 5093  839 5397 1223 5637 1522 5735 2014  
 5877 2331 6321 2618                                                    
H1 7    0    0    0    1    2 0506 0506                                 
P  7 2    1 2667 8000 0 1                                               
01 3 2667 8000              00  ímè∞äx                                  
M 664526                      1    2    3    2    0   27                
H2 1    2    3    2    0   26 0506 0506                                 
N  1 1    110000 7571 1 3    1   -3   -2    0    0    0    0    0    0  
N  1 1    2 5991    0 1 3    3   -1    2    0    0    0    0    0    0  
L  1 5    1     0    11    21 169699999   101                           
10000 7571 9925 7504 9890 7449 9845 7372 9798 7313 9749 7232 9693 7156  
 9627 7071 9557 6979 9502 6922 9431 6836 9378 6743 9363 6720 9323 6648  
 9297 6583 9239 6448 9202 6322 9174 6235 9116 6061 9076 5885 9067 5704  
 9062 5625 9020 5482 8961 5339 8932 5243 8915 5179 8884 5074 8839 4964  
 8817 4873 8820 4851 8824 4759 8820 4602 8828 4536 8820 4431 8794 4309  
 8763 4217 8719 4131 8690 4059 8643 3945 8594 3856 8540 3770 8519 3736  
 8469 3654 8403 3539 8351 3456 8337 3429 8320 3399 8308 3379 8252 3281  
 8199 3164 8121 3043 8077 2982 8011 2911 7955 2854 7874 2761 7799 2661  
 7721 2537 7707 2499 7690 2456 7654 2360 7631 2284 7620 2233 7609 2189  
 7587 2129 7561 2078 7511 2011 7462 1932 7435 1890 7402 1844 7381 1811  
 7353 1769 7343 1751 7328 1728 7295 1666 7254 1565 7220 1488 7190 1436  
 7124 1337 7079 1279 7048 1243 6966 1176 6925 1134 6886 1097 6812 1022  
 6774  978 6707  907 6620  810 6598  791 6562  760 6438  652 6363  592  
 6342  529 6317  483 6281  428 6232  360 6178  267 6118  184 6078  127  
 6033   63 6019   50 5991    0                                          
L  1 9    2     9    21    118888899999     5                           
 5991    0    0    0    010000100001000010000 7571                      
L  1 9    3     9    21    11 169688888     3                           
 5991    010000    010000 7571                                          
A  199999    1 4269 3768   2                                            
    1    2                                                              
A  1 1696    2 9269 3768   2                                            
   -3   -1                                                              
M 664527                      1    4    6    3    0   28                
H2 1    4    6    3    0   27 0506 0506                                 
N  1 1    1 8891    0 1 3    1    5    3    0    0    0    0    0    0  
N  1 1    210000  378 1 3    4   -1   -3    0    0    0    0    0    0  
N  1 1    3 174210000 1 3   -4   -6    2    0    0    0    0    0    0  
N  1 1    4    0 7571 1 3   -2    6   -5    0    0    0    0    0    0  
L  1 5    1     0    11    21 169699999    21                           
 8891    0 8886    3 8891   14 8962  111 9040  200 9136  286 9202  335  
 9247  348 9272  350 9362  350 9383  352 9438  346 9480  349 9538  337  
 9618  329 9756  336 9791  343 9806  343 9847  351 9917  35910000  378  
L  1 5    2     0    31    41 169699999    28                           
 174210000 1685 9955 1540 9823 1525 9814 1523 9809 1470 9782 1427 9744  
 1312 9625 1265 9587 1222 9533 1154 9431 1059 9255 1014 9166  944 9045  
  891 8972  839 8907  796 8839  759 8769  713 8672  656 8575  603 8472  
  546 8377  493 8304  310 8015  227 7894  172 7794  107 7710    0 7571  
L  1 9    3     9    11    219999988888     3                           
 8891    010000    010000  378                                          
L  1 9    4     9    21    31 169688888     3                           
10000  3781000010000 174210000                                          
L  1 9    5     9    11    4188888 1696     3                           
 8891    0    0    0    0 7571                                          
L  1 9    6     9    41    318888899999     3                           
    0 7571    010000 174210000                                          
A  199999    1 9515  188   2                                            
    1   -3                                                              
A  1 1696    2 5000 5033   4                                            
    5   -2   -4   -1                                                    
A  199999    3  385 8788   2                                            
    2    6                                                              
M 664531ímè∞ñ¶                1    3    4    3    0   25                
H2 1    3    4    3    0   24 0506 0506                                 
N  1 2    1 8840  268 0 2    1   -1    0    0    0    0    0    0    0  
N  1 1    210000 1207 1 3    2   -4   -3    0    0    0    0    0    0  
N  1 1    3 8724    0 1 3    4   -2    3    0    0    0    0    0    0  
L  1 5    1     0    10    10 154599999    19                           
 8840  268 8862  271 8936  291 8990  313 8998  330 8997  362 8985  376  
 8941  386 8929  370 8915  367 8901  375 8885  372 8875  353 8881  331  
 8875  307 8870  301 8841  301 8825  290 8840  268                      
L  1 5    2     0    21    31 154599999    37                           
10000 1207 9961 1157 9895 1092 9801 1015 9727  949 9664  881 9584  872  
 9566  845 9550  850 9508  849 9468  838 9470  819 9548  769 9550  761  
 9542  728 9507  657 9465  608 9401  564 9375  539 9294  395 9272  362  
 9214  319 9192  305 9102  269 9036  254 8974  265 8952  281 8940  261  
 8922  242 8928  199 8916  161 8877  104 8837   63 8747   40 8711   26  
 8711   15 8724    0                                                    
L  1 9    3     9    31    218888899999     5                           
 8724    0    0    0    010000100001000010000 1207                      
L  1 9    4     9    31    21 154588888     3                           
 8724    010000    010000 1207                                          
A  1 1545    1 8939  328   1                                            
   -1                                                                   
A  199999    2 5000 4395   4                                            
    2    3    0    1                                                    
A  1 1545    3 9728  602   2                                            
   -4   -2                                                              
M 664532ímè∞ñ¶                1   10   13    8    0  138                
H2 1   10   13    8    0  137 0506 0506                                 
N  1 2    1 8520 7649 0 2    1   -1    0    0    0    0    0    0    0  
N  1 2    2 9663 1051 0 2    2   -2    0    0    0    0    0    0    0  
N  1 2    3 9667 2329 0 2    3   -3    0    0    0    0    0    0    0  
N  1 2    4 2707 4743 0 2    4   -4    0    0    0    0    0    0    0  
N  1 1    5 4366    0 1 3    5    8   13    0    0    0    0    0    0  
N  1 1    6 691110000 1 3   11  -10   -5    0    0    0    0    0    0  
N  1 1    7 9265    0 1 3  -12    6  -13    0    0    0    0    0    0  
N  1 1    8 774710000 1 3   12  -11   -6    0    0    0    0    0    0  
N  1 1    9 586110000 1 3   10   -9    7    0    0    0    0    0    0  
N  1 1   10    0 1207 1 3   -7    9   -8    0    0    0    0    0    0  
L  1 5    1     0    10    10 169499999    10                           
 8520 7649 8526 7651 8552 7643 8564 7646 8581 7687 8571 7692 8531 7695  
 8507 7662 8522 7651 8520 7649                                          
L  1 5    2     0    20    20 169499999    12                           
 9663 1051 9677 1030 9693 1022 9727  993 9747  987 9757  990 9761 1025  
 9757 1042 9737 1055 9691 1060 9665 1060 9663 1051                      
L  1 5    3     0    30    30 169499999    13                           
 9667 2329 9703 2327 9709 2329 9707 2340 9679 2389 9657 2415 9643 2429  
 9631 2421 9639 2388 9649 2361 9651 2345 9659 2326 9667 2329            
L  1 5    4     0    40    40 154599999    13                           
 2707 4743 2719 4748 2743 4759 2753 4773 2761 4803 2747 4832 2727 4846  
 2721 4848 2701 4834 2707 4807 2707 4786 2699 4756 2707 4743            
L  1 2    5     0    51    61 1545 1694   150                           
 4366    0 4364   12 4352   28 4330   55 4328   63 4346   90 4360   98  
 4444  129 4508  135 4544  149 4593  214 4641  326 4685  343 4743  338  
 4777  330 4847  298 4956  178 5013  154 5077  157 5151  207 5213  237  
 5264  284 5302  344 5316  377 5341  472 5371  545 5455  638 5524  809  
 5541  874 5549  945 5593 1021 5648 1103 5664 1152 5663 1236 5681 1295  
 5723 1385 5764 1540 5804 1586 5848 1587 5890 1595 5905 1634 5893 1750  
 5894 1861 5876 1939 5863 2026 5873 2104 5898 2172 5906 2264 5889 2326  
 5820 2472 5766 2525 5741 2579 5733 2633 5737 2706 5748 2766 5756 2788  
 5824 2856 5894 2879 5952 2901 5970 2912 5984 2950 5991 3015 6021 3121  
 6031 3137 6024 3186 6004 3240 6013 3421 6028 3519 6022 3608 5997 3746  
 5964 3816 5920 3897 5908 3934 5853 4031 5730 4155 5714 4173 5720 4190  
 5773 4366 5792 4464 5826 4567 5867 4624 5891 4684 5880 4803 5894 4836  
 5969 4975 6001 5053 6020 5192 6052 5249 6090 5309 6109 5393 6116 5582  
 6124 5669 6131 5694 6139 5780 6102 5883 6098 5934 6102 5953 6113 6105  
 6117 6137 6137 6176 6165 6197 6236 6231 6294 6269 6372 6313 6446 6360  
 6470 6417 6492 6493 6519 6561 6535 6597 6610 6800 6612 6814 6602 6849  
 6541 6943 6533 6970 6522 7065 6461 7180 6463 7205 6479 7259 6516 7360  
 6516 7482 6525 7541 6523 7617 6560 7761 6560 7828 6541 7899 6474 8001  
 6460 8009 6376 8089 6343 8148 6401 8276 6416 8366 6407 8458 6383 8587  
 6394 8652 6394 8725 6439 8845 6457 8918 6480 8992 6486 9024 6518 9100  
 6559 9187 6611 9331 6654 9440 6704 9543 6733 9619 6767 9771 6764 9793  
 6784 9880 6856 9959 691110000                                          
L  1 5    6     0    71    81 169499999   181                           
 9265    0 9234   62 9240   75 9286   76 9329  136 9327  155 9295  168  
 9251  178 9223  202 9213  221 9200  275 9216  335 9282  419 9328  450  
 9340  442 9352  393 9362  385 9384  380 9434  362 9460  364 9482  395  
 9486  459 9466  511 9453  565 9463  627 9473  654 9518  717 9540  736  
 9603  723 9625  694 9655  694 9669  708 9687  759 9656  778 9602  799  
 9556  820 9530  863 9523  928 9525 1007 9534 1096 9536 1175 9552 1199  
 9562 1202 9549 1264 9567 1351 9610 1424 9630 1492 9616 1581 9599 1627  
 9583 1719 9592 1819 9597 1976 9609 2093 9628 2131 9674 2145 9727 2145  
 9731 2148 9750 2200 9738 2270 9734 2278 9666 2283 9638 2258 9606 2266  
 9519 2319 9455 2340 9433 2378 9426 2402 9422 2399 9389 2331 9373 2326  
 9331 2339 9248 2400 9218 2446 9210 2454 9199 2489 9159 2543 9130 2624  
 9144 2732 9152 2778 9161 2873 9139 2929 9133 2956 9106 2962 8937 3203  
 8854 3338 8843 3405 8864 3641 8849 3706 8825 3754 8811 3800 8776 3876  
 8752 3940 8677 4013 8657 4029 8623 4066 8600 4131 8602 4193 8624 4275  
 8651 4334 8653 4321 8695 4400 8697 4416 8691 4427 8637 4456 8594 4488  
 8580 4504 8500 4555 8429 4630 8380 4721 8346 4821 8289 4948 8236 5050  
 8224 5088 8236 5161 8267 5270 8301 5327 8327 5338 8323 5368 8322 5443  
 8332 5516 8313 5576 8273 5624 8234 5781 8228 5819 8221 5997 8234 6114  
 8237 6200 8174 6389 8168 6427 8154 6451 8114 6437 8108 6437 8084 6450  
 8049 6493 8031 6539 8028 6637 8030 6680 8013 6837 8030 6967 8032 7026  
 8098 7124 8183 7209 8305 7349 8341 7384 8389 7390 8399 7387 8401 7409  
 8403 7409 8416 7512 8444 7491 8458 7523 8473 7656 8445 7732 8402 7788  
 8370 7823 8322 7906 8303 7998 8322 8109 8366 8172 8368 8180 8338 8250  
 8322 8250 8239 8268 8211 8284 8143 8302 8066 8337 7980 8371 7907 8422  
 7851 8491 7786 8580 7714 8666 7679 8744 7618 8922 7607 9093 7586 9287  
 7585 9368 7602 9574 7617 9669 7643 9794 7674 9875 774710000            
L  1 5    7     0    91   101 154599999   251                           
 586110000 5897 9976 5911 9939 5905 9933 5855 9962 5811 9938 5853 9905  
 5808 9837 5659 9947 5643 9928 5631 9900 5633 9890 5621 9876 5593 9873  
 5563 9851 5570 9748 5505 9750 5497 9753 5471 9731 5424 9674 5428 9663  
 5474 9620 5452 9574 5456 9555 5493 9517 5493 9509 5473 9468 5459 9466  
 5453 9430 5455 9414 5481 9395 5498 9344 5490 9320 5468 9314 5434 9322  
 5408 9324 5416 9305 5462 9273 5468 9263 5456 9227 5426 9213 5380 9227  
 5358 9218 5324 9196 5316 9164 5347 9137 5351 9115 5307 9096 5341 9064  
 5331 9034 5311 9039 5303 9069 5279 9071 5247 9036 5231 8995 5254 8957  
 5306 8912 5316 8904 5318 8879 5298 8828 5271 8795 5143 8683 5083 8658  
 5016 8717 5003 8697 5009 8660 5003 8646 4985 8646 4975 8638 4967 8586  
 5011 8557 5004 8527 5000 8448 4976 8440 4952 8410 4938 8348 4943 8345  
 4951 8326 4917 8296 4915 8263 4929 8234 4963 8204 4990 8175 5056 8173  
 5102 8157 5112 8136 5133 8071 5147 8047 5147 7995 5126 7906 5106 7843  
 5047 7726 4979 7614 4907 7513 4882 7483 4874 7459 4862 7432 4890 7400  
 4869 7291 4835 7193 4758 7092 4686 7029 4602 6969 4562 6949 4494 6862  
 4427 6805 4347 6763 4209 6708 4085 6671 3970 6667 3914 6694 3878 6764  
 3811 6828 3795 6839 3765 6884 3737 6843 3706 6892 3651 6821 3625 6794  
 3614 6842 3600 6837 3583 6804 3563 6782 3561 6750 3549 6725 3537 6660  
 3524 6616 3502 6589 3468 6575 3458 6545 3426 6534 3416 6504 3436 6483  
 3453 6386 3429 6372 3413 6369 3365 6341 3341 6347 3333 6325 3335 6290  
 3358 6236 3348 6227 3315 6257 3305 6235 3294 6186 3306 6121 3270 6129  
 3248 6140 3244 6134 3234 6107 3238 6067 3263 6026 3341 5954 3368 5903  
 3402 5854 3465 5790 3449 5698 3432 5635 3396 5540 3370 5483 3307 5388  
 3259 5339 3241 5325 3173 5292 3103 5269 3085 5255 2999 5209 2983 5203  
 2961 5254 2959 5281 2916 5286 2910 5297 2886 5299 2866 5278 2867 5242  
 2881 5191 2879 5142 2870 5099 2900 5064 2896 5042 2876 4988 2854 4953  
 2851 4931 2849 4874 2857 4812 2857 4779 2832 4733 2816 4681 2820 4622  
 2813 4570 2789 4519 2725 4434 2662 4377 2604 4287 2588 4270 2532 4226  
 2500 4169 2497 4166 2463 4101 2427 4074 2383 4054 2375 4049 2372 3956  
 2364 3940 2320 3905 2236 3877 2154 3840 2116 3772 2115 3705 2055 3644  
 1991 3628 1902 3646 1854 3683 1782 3715 1694 3684 1686 3676 1680 3630  
 1680 3565 1665 3508 1627 3464 1573 3412 1553 3374 1536 3287 1524 3187  
 1497 3138 1389 3042 1312 2943 1240 2880 1168 2834 1116 2765 1060 2711  
 1035 2699 1025 2605 1026 2523 1067 2321 1064 2229 1058 2204 1000 2128  
  932 2049  869 1999  801 1936  739 1887  679 1856  479 1767  425 1718  
  153 1431  129 1412   89 1365   61 1300   24 1235    0 1207            
L  1 9    8     9    51   10188888 1545     3                           
 4366    0    0    0    0 1207                                          
L  1 9    9     9   101    918888899999     3                           
    0 1207    010000 586110000                                          
L  1 9   10     9    91    6188888 1545     2                           
 586110000 691110000                                                    
L  1 9   11     9    61    8188888 1694     2                           
 691110000 774710000                                                    
L  1 9   12     9    81    718888899999     4                           
 774710000100001000010000    0 9265    0                                
L  1 9   13     9    51    71 169488888     2                           
 4366    0 9265    0                                                    
A  1 1694    1 8542 7668   1                                            
   -1                                                                   
A  1 1694    2 9726 1023   1                                            
   -2                                                                   
A  1 1694    3 9665 2376   1                                            
   -3                                                                   
A  1 1545    4 2733 4796   1                                            
   -4                                                                   
A  1 1694    5 7118 5050   4                                            
    5   11   -6  -13                                                    
A  1 1545    6 4424 4986   4                                            
    8   -7   10   -5                                                    
A  199999    7 9387 5050   8                                            
    6   12    0    1    0    2    0    3                                
A  199999    8 1620 5630   4                                            
    7    9    0    4                                                    
M 664537                      2    2    5    2    0   42                
H2 1    2    3    2    0   32 0506 0506                                 
N  1 1    110000 9543 1 3    1   -2   -3    0    0    0    0    0    0  
N  1 1    2 1742    0 1 3    3   -1    2    0    0    0    0    0    0  
L  1 5    1     0    11    21 169699999   147                           
10000 9543 9991 9524 9968 9495 9916 9441 9873 9381 9858 9343 9823 9219  
 9798 9171 9770 9127 9707 8995 9694 8949 9669 8814 9651 8649 9651 8587  
 9638 8463 9616 8393 9528 8231 9442 8115 9402 8052 9380 8028 9325 7950  
 9224 7750 9179 7688 9174 7688 9169 7677 9076 7601 8961 7485 8880 7391  
 8798 7280 8639 7007 8594 6945 8519 6826 8484 6780 8441 6737 8381 6659  
 8306 6588 8113 6448 8017 6342 8005 6318 7962 6205 7894 6083 7806 5948  
 7766 5881 7734 5810 7703 5721 7686 5651 7671 5573 7646 5489 7613 5413  
 7600 5394 7540 5338 7457 5267 7392 5224 7207 5146 7102 5089 7044 5040  
 6984 4978 6936 4911 6881 4854 6864 4843 6761 4784 6633 4697 6586 4651  
 6535 4594 6495 4513 6324 3995 6271 3876 6231 3803 6169 3701 6106 3587  
 6076 3517 5988 3285 5953 3217 5918 3179 5795 3109 5745 3074 5690 3058  
 5615 3071 5562 3111 5532 3141 5410 3146 5360 3165 5264 3165 5232 3152  
 5124 3081 5122 3073 5044 3030 4964 2995 4864 2933 4759 2833 4696 2749  
 4641 2698 4613 2681 4518 2644 4473 2592 4435 2535 4325 2422 4275 2384  
 4268 2371 4215 2311 4112 2152 4057 2092 3984 2052 3904 1990 3839 1933  
 3834 1933 3761 1884 3711 1836 3649 1763 3536 1687 3448 1611 3386 1568  
 3346 1536 3338 1538 3326 1517 3253 1447 3188 1395 3023 1255 2988 1203  
 2955 1147 2937 1125 2945 1122 2912 1093 2872 1049 2805 1003 2745  971  
 2654  914 2617  914 2572  936 2554  936 2547  901 2544  865 2497  849  
 2467  833 2407  749 2314  603 2271  552 2219  495 2174  458 2131  406  
 2091  347 2051  301 2003  233 1946  168 1886  109 1825   66 1742    0  
L  1 9    2     9    21    118888899999     5                           
 1742    0    0    0    010000100001000010000 9543                      
L  1 9    3     9    21    11 169688888     3                           
 1742    010000    010000 9543                                          
A  199999    1 3522 5040   2                                            
    1    2                                                              
A  1 1696    2 8379 4782   2                                            
   -3   -1                                                              
H1 5    0    2    0    0    8 0506 0506                                 
L  5 2    1     0    00    00              18                           
 7740 3470 7340 2750 6940 2510 6430 2430 6250 2530 6130 2360 6220 2220  
 6580 2060 6690 2160 7000 2080 7090 2220 7530 2300 7890 2020 8080 2080  
 7980 2330 7630 2640 7850 3430 7740 3470                                
L  5 2    2     0    00    00              18                           
 7740 3470 7340 2750 6940 2510 6430 2430 6250 2530 6130 2360 6220 2220  
 6580 2060 6690 2160 7000 2080 7090 2220 7530 2300 7890 2020 8080 2080  
 7980 2330 7630 2640 7850 3430 7740 3470                                
M 664542ímè∞                  2    4    6    3    1   42                
H2 1    4    6    3    0   38 0506 0506                                 
N  1 1    1 6911    0 1 3    1   -5    6    0    0    0    0    0    0  
N  1 2    2 7338  656 0 3    3   -1   -2    0    0    0    0    0    0  
N  1 1    3 7747    0 1 3   -4    2   -6    0    0    0    0    0    0  
N  1 1    4 5861    0 1 3    5   -3    4    0    0    0    0    0    0  
L  1 2    1     0    11    20 1545 1694    12                           
 6911    0 6975   45 7013  100 7052  230 7074  325 7127  410 7151  442  
 7265  565 7277  576 7324  634 7336  656 7338  656                      
L  1 5    2     0    31    20 169499999    22                           
 7747    0 7757   24 7777   49 7896  150 7926  232 7942  264 7921  334  
 7885  418 7877  431 7851  447 7809  447 7770  460 7712  470 7708  475  
 7646  464 7586  485 7525  530 7501  554 7455  589 7387  624 7360  645  
 7338  656                                                              
L  1 5    3     0    20    41 154599999    85                           
 7338  656 7318  701 7265  782 7261  814 7271  855 7251  882 7184  944  
 7152  951 7007 1023 6953 1036 6907 1116 6871 1094 6813 1102 6801 1064  
 6763 1074 6716 1128 6704 1101 6706 1090 6678 1128 6652 1111 6643 1032  
 6643  976 6647  970 6617  948 6595  962 6579  986 6527  942 6509  939  
 6499  917 6501  890 6475  860 6487  866 6478  803 6458  792 6398  781  
 6353  834 6341  842 6329  826 6350  775 6346  764 6326  777 6297  815  
 6285  804 6278  750 6264  739 6235  752 6232  714 6190  727 6178  716  
 6152  637 6162  602 6140  586 6116  602 6098  588 6084  591 6058  612  
 6036  590 6016  584 5994  557 5992  519 6021  506 6053  498 6073  488  
 6099  464 6111  428 6108  353 6076  301 6002  246 5974  246 5966  267  
 5934  275 5912  299 5886  296 5886  253 5870  234 5902  177 5922  164  
 5923  126 5915  118 5876  142 5858  144 5833   84 5829   60 5841   17  
 5861    0                                                              
L  1 9    4     9    41    318888899999     6                           
 5861    0    0    0    010000100001000010000    0 7747    0            
L  1 9    5     9    41    11 154588888     2                           
 5861    0 6911    0                                                    
L  1 9    6     9    11    31 169488888     2                           
 6911    0 7747    0                                                    
A  1 1694    1 7499  327   3                                            
    1   -2   -6                                                         
A  1 1545    2 6631  563   3                                            
   -5   -3   -1                                                         
A  199999    3 5000 5322   3                                            
    3    4    2                                                         
H1 7    0    0    0    1    2 0506 0506                                 
P  7 6    1 6733  832 0 1                                               
01 3 6733  832              00  ímè∞ñ¶                                  
