M 674840                      1    3    4    3    0   54                
H2 1    3    4    3    0   53 0506 0506                                 
N  1 2    1 2628 5385 0 2    1   -1    0    0    0    0    0    0    0  
N  1 1    2    0 2551 1 3    2    3   -4    0    0    0    0    0    0  
N  1 1    3 572810000 1 3    4   -3   -2    0    0    0    0    0    0  
L  1 5    1     0    10    10 169899999    11                           
 2628 5385 2633 5417 2630 5447 2625 5458 2595 5450 2577 5439 2562 5412  
 2559 5396 2569 5382 2587 5374 2628 5385                                
L  1 5    2     0    21    31 169899999   249                           
    0 2551   47 2578   85 2602  136 2627  214 2651  258 2659  316 2661  
  370 2659  403 2669  494 2740  517 2734  588 2750  637 2769  665 2739  
  698 2737  721 2747  744 2764  779 2834  789 2885  823 2977  835 3037  
  833 3097  825 3145  833 3227  846 3281  861 3324  894 3370  897 3402  
  922 3446  912 3508  917 3535  917 3568  904 3616  904 3662  920 3719  
  937 3763  968 3811 1001 3841 1011 3844 1072 3906 1141 3944 1174 3952  
 1187 3960 1253 4044 1286 4060 1306 4100 1312 4130 1304 4187 1322 4252  
 1347 4282 1383 4309 1447 4409 1436 4452 1439 4460 1452 4477 1543 4474  
 1594 4436 1620 4479 1643 4528 1706 4622 1719 4655 1737 4687 1744 4709  
 1757 4828 1778 4937 1780 4977 1796 5024 1807 5069 1813 5100 1830 5107  
 1849 5153 1890 5186 1936 5240 1966 5296 2032 5348 2058 5359 2160 5358  
 2198 5364 2221 5410 2246 5418 2274 5445 2312 5469 2363 5483 2414 5469  
 2465 5474 2513 5452 2539 5493 2534 5520 2526 5531 2531 5566 2539 5585  
 2531 5604 2536 5642 2546 5680 2544 5721 2519 5783 2521 5805 2552 5867  
 2615 5948 2659 5975 2687 5978 2720 5991 2735 6024 2773 6143 2773 6172  
 2755 6197 2740 6224 2715 6257 2715 6286 2733 6343 2730 6354 2743 6384  
 2817 6519 2865 6579 2891 6589 2982 6600 3025 6597 3079 6619 3107 6643  
 3125 6676 3135 6724 3160 6795 3199 6843 3273 6870 3318 6881 3351 6897  
 3359 6927 3351 6949 3344 6960 3351 6984 3382 7030 3436 7065 3458 7097  
 3474 7135 3476 7173 3464 7200 3425 7219 3423 7257 3428 7295 3436 7314  
 3456 7325 3499 7333 3525 7355 3558 7365 3583 7395 3601 7441 3619 7438  
 3665 7463 3718 7506 3785 7544 3899 7590 3922 7595 3958 7611 3983 7606  
 4019 7579 4047 7573 4090 7611 4118 7605 4161 7611 4197 7622 4281 7619  
 4319 7635 4355 7632 4408 7662 4451 7640 4477 7637 4489 7645 4515 7670  
 4545 7672 4571 7691 4594 7702 4632 7686 4663 7680 4683 7696 4703 7718  
 4726 7729 4729 7740 4721 7786 4734 7856 4729 7875 4706 7919 4683 7943  
 4676 7970 4678 7984 4704 8049 4734 8086 4795 8111 4805 8151 4818 8162  
 4867 8186 4867 8208 4836 8265 4854 8330 4877 8449 4892 8463 4920 8473  
 5012 8498 5060 8516 5116 8514 5193 8595 5218 8624 5254 8657 5264 8673  
 5287 8746 5308 8833 5328 8868 5358 8890 5389 8928 5409 8946 5427 8952  
 5458 8982 5496 8998 5514 9017 5524 9041 5544 9076 5555 9109 5575 9130  
 5578 9141 5575 9166 5565 9179 5547 9193 5532 9277 5529 9285 5529 9320  
 5519 9339 5501 9361 5479 9401 5461 9401 5430 9388 5418 9396 5402 9418  
 5390 9491 5390 9518 5402 9569 5451 9634 5456 9634 5476 9656 5489 9678  
 5487 9683 5502 9699 5520 9710 5543 9756 5558 9764 5581 9802 5594 9853  
 5601 9867 5670 9921 5690 9943 572810000                                
L  1 9    3     9    21    3188888 1698     3                           
    0 2551    010000 572810000                                          
L  1 9    4     9    31    218888899999     5                           
 572810000100001000010000    0    0    0    0 2551                      
A  1 1698    1 2599 5416   1                                            
   -1                                                                   
A  199999    2 6358 6260   4                                            
    2    4    0    1                                                    
A  1 1698    3 1358 6256   2                                            
    3   -2                                                              
M 674850                      1    2    3    2    0   22                
H2 1    2    3    2    0   21 0506 0506                                 
N  1 1    1 5728    0 1 3    1    2    3    0    0    0    0    0    0  
N  1 1    210000 4335 1 3   -2   -1   -3    0    0    0    0    0    0  
L  1 5    1     0    11    21 169899999    67                           
 5728    0 5820  135 5917  251 5984  308 6060  364 6111  397 6147  389  
 6187  372 6238  372 6292  386 6315  397 6437  440 6488  461 6513  494  
 6590  642 6605  710 6610  767 6603  816 6575  921 6562  992 6555 1119  
 6565 1179 6578 1209 6626 1244 6786 1298 6888 1362 6929 1454 6945 1514  
 6960 1601 6973 1628 6998 1649 7098 1698 7136 1722 7171 1752 7210 1798  
 7228 1847 7238 1971 7235 2058 7246 2126 7302 2220 7394 2309 7511 2399  
 7636 2477 7773 2574 7822 2615 7891 2682 7957 2755 8008 2823 8021 2847  
 8120 2980 8189 3064 8235 3107 8301 3153 8428 3234 8592 3353 8650 3393  
 8688 3415 8915 3569 8956 3598 9048 3674 9198 3779 9277 3820 9619 4058  
 9815 4193 9932 4282 9958 429810000 4335                                
L  1 9    2     9    11    2188888 1698     5                           
 5728    0    0    0    010000100001000010000 4335                      
L  1 9    3     9    11    219999988888     3                           
 5728    010000    010000 4335                                          
A  199999    1 8635 2166   2                                            
    1   -3                                                              
A  1 1698    2 5000 4528   2                                            
    2   -1                                                              
M 674851                      1    9   10    9    0   84                
H2 1    9   10    9    0   83 0506 0506                                 
N  1 2    1 1192 4358 0 2    1   -1    0    0    0    0    0    0    0  
N  1 2    2 1398 4128 0 2    2   -2    0    0    0    0    0    0    0  
N  1 2    3 1219 4548 0 2    3   -3    0    0    0    0    0    0    0  
N  1 2    4 4381 7045 0 2    4   -4    0    0    0    0    0    0    0  
N  1 2    5 4348 7145 0 2    5   -5    0    0    0    0    0    0    0  
N  1 2    6 4354 7259 0 2    6   -6    0    0    0    0    0    0    0  
N  1 2    7 4210 7146 0 2    7   -7    0    0    0    0    0    0    0  
N  1 1    8    0 4335 1 3    8  -10    9    0    0    0    0    0    0  
N  1 1    9 755610000 1 3   10   -9   -8    0    0    0    0    0    0  
L  1 5    1     0    10    10 169899999    10                           
 1192 4358 1196 4369 1190 4399 1170 4420 1144 4417 1136 4396 1144 4344  
 1152 4325 1164 4328 1192 4358                                          
L  1 5    2     0    20    20 169899999    25                           
 1398 4128 1400 4141 1394 4209 1345 4241 1297 4229 1277 4237 1251 4267  
 1233 4280 1203 4318 1167 4320 1155 4298 1149 4266 1157 4241 1179 4198  
 1200 4131 1236 4053 1252 4042 1319 4024 1355 4032 1375 4052 1389 4071  
 1397 4090 1396 4109 1400 4122 1398 4128                                
L  1 5    3     0    30    30 169899999    11                           
 1219 4548 1209 4586 1203 4589 1177 4586 1163 4577 1147 4509 1186 4458  
 1198 4453 1212 4488 1211 4521 1219 4548                                
L  1 5    4     0    40    40 169899999     9                           
 4381 7045 4397 7072 4397 7086 4379 7096 4339 7093 4315 7085 4323 7072  
 4347 7047 4381 7045                                                    
L  1 5    5     0    50    50 169899999    12                           
 4348 7145 4342 7169 4322 7185 4304 7188 4294 7180 4286 7139 4296 7120  
 4314 7115 4331 7115 4343 7120 4350 7137 4348 7145                      
L  1 5    6     0    60    60 169899999    10                           
 4354 7259 4348 7278 4338 7283 4296 7250 4288 7239 4294 7226 4320 7220  
 4340 7229 4350 7245 4354 7259                                          
L  1 5    7     0    70    70 169899999    10                           
 4210 7146 4226 7160 4226 7209 4203 7257 4183 7265 4173 7254 4175 7222  
 4196 7154 4208 7154 4210 7146                                          
L  1 5    8     0    81    91 169899999   186                           
    0 4335  121 4436  291 4549  411 4626  597 4707  725 4768  975 4868  
 1003 4876 1051 4860 1101 4847 1113 4866 1107 4891 1083 4926 1056 4939  
 1058 4961 1076 5012 1143 5138 1225 5244 1237 5250 1249 5271 1362 5416  
 1432 5512 1652 5776 1712 5837 1784 5894 2089 6176 2261 6297 2346 6352  
 2448 6399 2564 6441 2653 6450 2701 6443 2727 6432 2768 6313 2776 6300  
 2806 6281 2871 6212 2885 6190 2927 6136 2974 6091 3036 6070 3058 6067  
 3096 6087 3132 6163 3159 6274 3155 6304 3138 6331 3058 6381 3050 6392  
 3040 6446 3043 6487 3023 6508 3007 6554 2983 6570 2976 6605 3010 6665  
 3054 6725 3217 6865 3349 6991 3411 7046 3479 7098 3624 7183 3742 7241  
 3856 7289 3914 7300 3964 7303 4037 7293 4069 7310 4106 7356 4139 7354  
 4171 7335 4197 7276 4254 7244 4280 7255 4353 7337 4415 7395 4517 7458  
 4543 7466 4615 7432 4675 7495 4667 7541 4701 7538 4731 7563 4733 7574  
 4739 7579 4777 7580 4815 7602 4832 7645 4830 7653 4864 7659 4875 7654  
 4917 7671 4954 7703 4985 7647 5021 7615 5059 7602 5101 7621 5125 7619  
 5151 7630 5187 7682 5201 7733 5205 7739 5239 7728 5281 7674 5320 7645  
 5362 7629 5426 7622 5494 7617 5536 7601 5631 7548 5705 7519 5780 7498  
 5836 7499 5880 7510 5934 7535 5966 7565 5990 7614 6001 7655 6001 7671  
 5987 7709 5959 7738 5949 7763 5958 7784 6000 7790 6038 7845 6058 7896  
 6079 8100 6092 8162 6110 8195 6136 8225 6168 8220 6243 8185 6293 8175  
 6329 8175 6375 8197 6393 8225 6419 8274 6418 8317 6408 8338 6326 8403  
 6297 8435 6289 8459 6455 8634 6514 8683 6544 8705 6662 8801 6670 8812  
 6792 8897 6938 8988 7016 9040 7097 9090 7177 9118 7236 9132 7282 9132  
 7328 9125 7368 9136 7396 9150 7424 9145 7528 9203 7570 9206 7590 9214  
 7610 9239 7614 9247 7656 9266 7664 9272 7664 9307 7697 9351 7713 9397  
 7693 9434 7685 9464 7680 9507 7666 9518 7646 9515 7626 9566 7596 9580  
 7578 9582 7537 9617 7509 9636 7487 9638 7463 9635 7435 9684 7413 9716  
 7408 9751 7499 9963 7529 9999 755610000                                
L  1 9    9     9    81    9188888 1698     3                           
    0 4335    010000 755610000                                          
L  1 9   10     9    91    818888899999     5                           
 755610000100001000010000    0    0    0    0 4335                      
A  1 1698    1 1168 4372   1                                            
   -1                                                                   
A  1 1698    2 1292 4172   1                                            
   -2                                                                   
A  1 1698    3 1180 4520   1                                            
   -3                                                                   
A  1 1698    4 4360 7070   1                                            
   -4                                                                   
A  1 1698    5 4317 7150   1                                            
   -5                                                                   
A  1 1698    6 4324 7251   1                                            
   -6                                                                   
A  1 1698    7 4203 7206   1                                            
   -7                                                                   
A  199999    8 7191 7045  16                                            
    8   10    0    1    0    2    0    3    0    4    0    5    0    6  
    0    7                                                              
A  1 1698    9 1852 7222   2                                            
    9   -8                                                              
M 674860                      1    1    1    1    0    6                
H2 1    1    1    1    0    5 0506 0506                                 
N  1 1    110000    0 1 2   -1    1    0    0    0    0    0    0    0  
L  1 9    1     9    11    1188888 1698     5                           
10000    0    0    0    010000100001000010000    0                      
A  1 1698    1 5000 4995   1                                            
    1                                                                   
M 674861                      1    2    3    2    0   15                
H2 1    2    3    2    0   14 0506 0506                                 
N  1 1    1 7556    0 1 3    1    2    3    0    0    0    0    0    0  
N  1 1    210000 2107 1 3   -2   -1   -3    0    0    0    0    0    0  
L  1 5    1     0    11    21 169899999    20                           
 7556    0 7589   44 7679  131 7740  182 7940  368 8016  427 8155  549  
 8364  716 8390  743 8546  880 8661  972 8725 1036 8784 1088 8989 1244  
 9319 1459 9447 1556 9567 1675 9603 1704 9977 207410000 2107            
L  1 9    2     9    11    2188888 1698     5                           
 7556    0    0    0    010000100001000010000 2107                      
L  1 9    3     9    11    219999988888     3                           
 7556    010000    010000 2107                                          
A  199999    1 9372 1052   2                                            
    1   -3                                                              
A  1 1698    2 5000 4734   2                                            
    2   -1                                                              
M 674862                      2    4    5    4    1   50                
H2 1    4    5    4    0   46 0506 0506                                 
N  1 2    1 7257 5969 0 2    1   -1    0    0    0    0    0    0    0  
N  1 2    2 6818 5900 0 2    2   -2    0    0    0    0    0    0    0  
N  1 1    3    0 2107 1 3    3    5    4    0    0    0    0    0    0  
N  1 1    410000 6816 1 3   -4   -3   -5    0    0    0    0    0    0  
L  1 5    1     0    10    10 169899999    14                           
 7257 5969 7252 5969 7244 5980 7224 5996 7198 6002 7170 6002 7142 5994  
 7134 5980 7134 5975 7157 5953 7201 5931 7239 5956 7247 5966 7257 5969  
L  1 5    2     0    20    20 169899999    13                           
 6818 5900 6813 5902 6825 5905 6874 5921 6887 5943 6887 5962 6874 5984  
 6848 5984 6782 5973 6762 5951 6769 5927 6785 5911 6818 5900            
L  1 5    3     0    31    41 169899999   156                           
    0 2107    9 2102   24 2107   73 2137  165 2180  264 2242  402 2337  
  632 2461  721 2490  813 2525  897 2538  994 2536 1096 2522 1175 2497  
 1257 2459 1280 2426 1292 2397 1313 2329 1320 2256 1313 2123 1308 2109  
 1300 2015 1323 1977 1361 1925 1412 1822 1448 1773 1473 1773 1514 1811  
 1550 1824 1588 1848 1621 1894 1660 1973 1675 2038 1703 2130 1729 2181  
 1731 2208 1701 2309 1678 2415 1683 2477 1716 2555 1759 2601 1813 2582  
 1843 2590 1879 2596 1984 2565 1989 2595 1976 2698 1953 2801 1951 2877  
 1973 2937 1971 3040 1973 3088 1994 3118 2035 3151 2070 3194 2081 3202  
 2093 3264 2119 3256 2139 3234 2198 3158 2254 3101 2328 3055 2527 2965  
 2553 2960 2576 3006 2596 3030 2647 3070 2777 3195 2813 3243 2831 3281  
 2821 3357 2831 3487 2803 3601 2721 3677 2670 3718 2616 3770 2594 3832  
 2596 3845 2622 3897 2833 4094 3015 4292 3099 4373 3196 4481 3336 4610  
 3418 4673 3505 4745 3591 4827 3836 5018 3933 5099 4015 5159 4053 5191  
 4304 5375 4480 5496 4623 5588 4888 5731 5069 5823 5302 5950 5565 6076  
 5664 6128 5828 6195 5907 6233 5991 6278 6073 6311 6182 6346 6190 6346  
 6208 6357 6392 6410 6555 6437 6665 6448 6752 6464 6877 6471 7002 6468  
 7073 6471 7124 6465 7178 6452 7267 6405 7311 6400 7392 6454 7469 6484  
 7530 6492 7681 6529 7786 6578 7957 6675 8049 6721 8148 6745 8230 6753  
 8304 6755 8360 6747 8419 6725 8480 6722 8554 6736 8625 6727 8682 6714  
 8717 6700 8771 6667 8830 6648 8952 6664 9039 6648 9131 6637 9266 6609  
 9330 6609 9435 6647 9493 6674 9521 6682 9537 6676 9662 6698 9728 6714  
 9769 6741 9789 6800 9800 6863 9807 6890 9813 6890 9848 6857 9894 6838  
 9958 681910000 6816                                                    
L  1 9    4     9    31    4188888 1698     4                           
    0 2107    010000100001000010000 6816                                
L  1 9    5     9    31    419999988888     4                           
    0 2107    0    010000    010000 6816                                
A  1 1698    1 7195 5966   1                                            
   -1                                                                   
A  1 1698    2 6826 5942   1                                            
   -2                                                                   
A  199999    3 7077 4318   6                                            
    3   -5    0    1    0    2                                          
A  1 1698    4 2576 5868   2                                            
    4   -3                                                              
H1 7    0    0    0    1    2 0506 0506                                 
P  7 7    1  817 7234 0 1                                               
01 3  817 7234              00  ‘ð‘¨“‡                                  
M 674863                      1    7    8    7    0   67                
H2 1    7    8    7    0   66 0506 0506                                 
N  1 2    1 6973 9502 0 2    1   -1    0    0    0    0    0    0    0  
N  1 2    2 7381 9691 0 2    2   -2    0    0    0    0    0    0    0  
N  1 2    3 3442 8366 0 2    3   -3    0    0    0    0    0    0    0  
N  1 2    4 3639 8308 0 2    4   -4    0    0    0    0    0    0    0  
N  1 2    5 3295 8043 0 2    5   -5    0    0    0    0    0    0    0  
N  1 1    6    0 6816 1 3    6   -8    7    0    0    0    0    0    0  
N  1 1    7 753810000 1 3    8   -7   -6    0    0    0    0    0    0  
L  1 5    1     0    10    10 169899999    12                           
 6973 9502 6980 9508 6998 9505 7016 9559 7024 9567 7021 9581 7008 9592  
 6991 9586 6965 9570 6955 9551 6957 9527 6973 9502                      
L  1 5    2     0    20    20 169899999    12                           
 7381 9691 7387 9696 7397 9751 7384 9759 7366 9762 7348 9751 7333 9729  
 7333 9699 7353 9680 7366 9680 7376 9691 7381 9691                      
L  1 5    3     0    30    30 169899999     7                           
 3442 8366 3403 8316 3408 8273 3439 8267 3457 8297 3470 8333 3442 8366  
L  1 5    4     0    40    40 169899999    15                           
 3639 8308 3609 8319 3592 8302 3558 8310 3543 8314 3525 8282 3502 8257  
 3462 8219 3471 8163 3496 8127 3533 8128 3556 8186 3606 8212 3640 8270  
 3639 8308                                                              
L  1 5    5     0    50    50 169899999     6                           
 3295 8043 3265 8153 3249 8166 3235 8152 3220 8067 3295 8043            
L  1 5    6     0    61    71 169899999   176                           
    0 6816   29 6813   75 6802  198 6756  310 6734  348 6729  394 6707  
  438 6701  476 6704  514 6731  548 6782  571 6826  586 6874  688 6966  
  716 6966  749 6977  767 6990  826 7050  885 7101  928 7128  941 7128  
 1061 7104 1112 7109 1155 7125 1204 7149 1255 7182 1368 7263 1477 7317  
 1557 7376 1656 7433 1720 7473 1743 7492 1776 7544 1807 7617 1810 7638  
 1817 7649 1843 7660 1891 7630 1912 7614 1958 7589 2024 7565 2085 7554  
 2108 7556 2169 7578 2213 7605 2366 7624 2425 7599 2478 7547 2598 7393  
 2624 7341 2680 7281 2700 7295 2721 7371 2713 7422 2749 7411 2769 7425  
 2777 7444 2805 7433 2828 7408 2861 7422 2866 7427 2899 7435 2915 7443  
 2915 7454 2892 7492 2838 7530 2780 7560 2716 7634 2698 7745 2706 7802  
 2716 7821 2767 7829 2793 7842 2790 7850 2852 7893 2905 7939 2949 7953  
 3000 7991 3084 8101 3119 8122 3151 8142 3235 8264 3299 8326 3363 8369  
 3388 8405 3411 8459 3440 8486 3496 8521 3514 8542 3519 8564 3550 8613  
 3596 8653 3654 8743 3685 8767 3718 8781 3754 8780 3820 8818 3864 8883  
 3884 8921 3920 8935 3938 8918 3976 8907 4025 8888 4038 8880 4056 8921  
 4091 8959 4117 8994 4140 9040 4160 9089 4212 9164 4242 9218 4283 9270  
 4337 9294 4396 9299 4585 9364 4639 9429 4664 9443 4715 9421 4756 9423  
 4830 9420 4861 9415 4871 9426 4884 9464 4922 9507 5001 9572 5073 9642  
 5078 9656 5088 9729 5114 9775 5124 9786 5183 9807 5229 9834 5280 9891  
 5331 9926 5357 9918 5436 9847 5474 9842 5515 9847 5564 9861 5615 9898  
 5720 9955 5783 9979 5850 9993 5906 9990 5972 9971 6036 9944 6074 9916  
 6115 9900 6148 9922 6184 9924 6225 9919 6342 9878 6386 9875 6419 9878  
 6439 9848 6452 9807 6526 9758 6569 9712 6598 9701 6631 9712 6661 9750  
 6720 9749 6748 9722 6786 9660 6832 9633 6873 9630 6965 9638 7032 9657  
 7203 9740 7287 9786 7318 9794 7328 9794 7369 9813 7423 9845 7448 9867  
 753810000                                                              
L  1 9    7     9    61    7188888 1698     3                           
    0 6816    010000 753810000                                          
L  1 9    8     9    71    618888899999     5                           
 753810000100001000010000    0    0    0    0 6816                      
A  1 1698    1 6984 9548   1                                            
   -1                                                                   
A  1 1698    2 7362 9720   1                                            
   -2                                                                   
A  1 1698    3 3433 8316   1                                            
   -3                                                                   
A  1 1698    4 3539 8222   1                                            
   -4                                                                   
A  1 1698    5 3252 8104   1                                            
   -5                                                                   
A  199999    6 6968 8332  12                                            
    6    8    0    1    0    2    0    3    0    4    0    5            
A  1 1698    7 1666 8348   2                                            
    7   -6                                                              
M 674870                      1    5    7    4    0   61                
H2 1    5    7    4    0   60 0506 0506                                 
N  1 1    1    0 9083 1 3    3   -5    7    0    0    0    0    0    0  
N  1 1    2    0 9636 1 3    1    4   -3    0    0    0    0    0    0  
N  1 1    3  62310000 1 3    6   -4   -1    0    0    0    0    0    0  
N  1 2    4  704 7851 0 2    2   -2    0    0    0    0    0    0    0  
N  1 1    510000  536 1 3   -6    5   -7    0    0    0    0    0    0  
L  1 5    1     0    21    31 169899999    31                           
    0 9636   16 9662   56 9686  126 9704  191 9693  249 9680  346 9663  
  389 9639  424 9612  451 9630  459 9706  494 9687  526 9665  579 9665  
  614 9697  616 9703  611 9730  656 9754  681 9757  711 9749  739 9770  
  769 9800  776 9819  777 9848  769 9870  752 9881  737 9905  722 9922  
  709 9927  652 9989  62310000                                          
L  1 5    2     0    40    40 169899999    14                           
  704 7851  717 7889  717 7910  697 7945  657 7962  637 7956  627 7946  
  622 7935  620 7913  630 7870  644 7851  659 7840  699 7840  704 7851  
L  1 9    3     9    11    218888899999     2                           
    0 9083    0 9636                                                    
L  1 9    4     9    21    3188888 1698     3                           
    0 9636    010000  62310000                                          
L  1 5    5     0    51    11 169899999   197                           
10000  536 9809  530 9701  538 9469  547 9274  575 9085  581 8832  603  
 8640  606 8425  602 8360  596 8261  607 8218  618 8061  643 7971  638  
 7946  641 7861  660 7756  677 7529  696 7437  699 7329  708 7067  714  
 6920  738 6653  769 6580  783 6373  810 6103  868 5856  931 5751  964  
 5579 1007 5514 1016 5374 1051 5167 1111 5082 1133 4743 1275 4351 1411  
 4229 1449 4069 1490 4064 1496 3925 1526 3855 1534 3772 1562 3687 1600  
 3650 1613 3510 1692 3333 1828 3239 1893 3131 1955 3046 2033 3039 2071  
 3020 2122 3005 2208 2958 2194 2942 2238 2883 2216 2827 2227 2775 2271  
 2747 2298 2726 2287 2708 2281 2673 2362 2652 2415 2656 2440 2657 2479  
 2642 2485 2598 2481 2597 2519 2626 2555 2670 2578 2678 2635 2674 2752  
 2651 2873 2637 3038 2615 3198 2600 3333 2573 3403 2538 3441 2500 3447  
 2458 3423 2403 3353 2390 3342 2360 3339 2340 3364 2328 3391 2316 3437  
 2283 3475 2263 3472 2198 3437 2176 3386 2150 3313 2140 3291 2108 3245  
 2063 3208 2010 3183 1945 3178 1898 3178 1870 3184 1835 3219 1808 3265  
 1793 3333 1798 3387 1839 3495 1869 3530 1904 3560 1949 3576 1991 3575  
 2001 3565 2041 3548 2054 3583 2069 3646 2061 3681 2054 3692 2056 3721  
 2067 3756 2047 3775 1994 3786 1982 3797 1942 3984 1935 4005 1930 4073  
 1935 4176 1925 4230 1891 4352 1866 4417 1856 4479 1903 4525 1906 4554  
 1886 4590 1861 4595 1821 4568 1791 4530 1786 4517 1764 4509 1731 4520  
 1701 4512 1601 4382 1583 4372 1536 4353 1483 4342 1436 4340 1386 4342  
 1323 4351 1264 4364 1204 4383 1139 4411 1074 4473 1056 4495 1027 4552  
  999 4622  984 4690  982 4828 1008 4960 1010 5044  998 5225  983 5311  
  979 5417  971 5474  944 5590  914 5679  877 5758  820 5850  740 5947  
  735 5945  725 5956  720 6002  723 6031  733 6077  821 6355  879 6558  
  889 6615  892 6761  889 6823  882 6882  867 6958  795 7150  783 7204  
  783 7221  758 7383  738 7453  696 7648  649 7805  627 7859  607 7897  
  537 7981  520 7995  415 8117  340 8225  318 8249  271 8314  181 8399  
  119 8464   91 8502   74 8542   56 8615   22 8848    5 9013    2 9072  
    0 9083                                                              
L  1 9    6     9    31    518888899999     3                           
  62310000100001000010000  536                                          
L  1 9    7     9    11    51 169888888     4                           
    0 9083    0    010000    010000  536                                
A  199999    1 5491 5320   6                                            
    3    1    6    5    0    2                                          
A  1 1698    2  492 4836   2                                            
   -5   -7                                                              
A  1 1698    3  386 9806   2                                            
    4   -1                                                              
A  1 1698    4  670 7900   1                                            
   -2                                                                   
M 674871                      1    2    3    2    0   25                
H2 1    2    3    2    0   24 0506 0506                                 
N  1 1    110000 1887 1 3    1   -3   -2    0    0    0    0    0    0  
N  1 1    2    0  536 1 3   -1    2    3    0    0    0    0    0    0  
L  1 5    1     0    11    21 169899999    85                           
10000 1887 9979 1917 9966 1917 9905 1893 9848 1874 9636 1818 9613 1815  
 9422 1762 9146 1707 9051 1685 8941 1667 8826 1643 8734 1630 8247 1516  
 8091 1476 7907 1425 7802 1410 7603 1367 7424 1325 6824 1198 6683 1177  
 6624 1171 6489 1169 6420 1162 6318 1132 5950 1045 5674  992 5557  976  
 5238  921 5143  908 5021  868 4964  860 4880  860 4702  848 4607  835  
 4566  835 4475  849 4398  846 4316  828 4204  818 4196  834 4199  858  
 4196  869 4189  875 4163  875 4148  869 4143  864 4135  818 4125  788  
 3946  748 3892  743 3892  757 3862  827 3832  887 3814  893 3783  882  
 3765  817 3734  779 3727  774 3655  763 3579  756 3132  728 3009  726  
 2920  718 2820  702 2716  676 2706  671 2609  660 2478  653 2333  640  
 2277  632 2249  638 2244  635 1682  578 1514  565 1220  548 1110  546  
  960  552  822  550  554  576  432  573  271  555  143  548   44  537  
    0  536                                                              
L  1 9    2     9    21    118888899999     4                           
    0  536    010000100001000010000 1887                                
L  1 9    3     9    21    11 169888888     4                           
    0  536    0    010000    010000 1887                                
A  199999    1 5000 4848   2                                            
    1    2                                                              
A  1 1698    2 7726  958   2                                            
   -3   -1                                                              
M 674872                      1    4    5    4    0   44                
H2 1    4    5    4    0   43 0506 0506                                 
N  1 2    1 7936 5951 0 2    1   -1    0    0    0    0    0    0    0  
N  1 2    2 7463 5675 0 2    2   -2    0    0    0    0    0    0    0  
N  1 1    310000 7577 1 3    3   -5   -4    0    0    0    0    0    0  
N  1 1    4    0 1887 1 3   -3    4    5    0    0    0    0    0    0  
L  1 5    1     0    10    10 169899999    12                           
 7936 5951 7930 5926 7933 5878 7949 5805 7953 5794 7955 5805 7979 5816  
 7997 5832 7999 5857 7985 5903 7972 5951 7936 5951                      
L  1 5    2     0    20    20 169899999    10                           
 7463 5675 7467 5637 7485 5619 7501 5608 7513 5608 7531 5657 7529 5681  
 7519 5697 7489 5700 7463 5675                                          
L  1 5    3     0    31    41 169899999   135                           
10000 7577 9998 7577 9990 7531 9966 7501 9922 7463 9882 7433 9868 7414  
 9818 7386 9766 7375 9684 7360 9628 7346 9600 7335 9550 7302 9464 7233  
 9440 7217 9351 7132 9275 7042 9235 6966 9202 6884 9160 6843 9108 6821  
 9048 6804 8952 6757 8780 6653 8726 6649 8700 6657 8700 6668 8688 6698  
 8669 6727 8651 6730 8630 6659 8560 6577 8546 6501 8545 6439 8547 6409  
 8529 6355 8519 6298 8524 6192 8511 6030 8506 5949 8458 5929 8423 5926  
 8348 5855 8262 5792 8232 5778 8182 5786 8130 5777 8033 5770 8015 5762  
 7965 5767 7961 5762 7917 5772 7891 5772 7867 5755 7784 5638 7738 5602  
 7688 5575 7672 5561 7652 5528 7658 5488 7657 5420 7641 5379 7627 5363  
 7591 5357 7559 5338 7557 5332 7593 5289 7654 5271 7674 5255 7680 5239  
 7638 5182 7648 5155 7658 5147 7674 5141 7683 5058 7719 4990 7728 4925  
 7720 4836 7699 4671 7668 4559 7658 4559 7634 4527 7534 4455 7480 4406  
 7408 4356 7291 4293 7145 4224 7033 4166 6951 4116 6633 4010 6553 3968  
 6445 3891 6371 3850 6189 3767 6125 3745 6051 3725 5977 3719 5893 3699  
 5803 3684 5709 3664 5543 3611 5151 3412 5119 3398 5005 3337 4799 3259  
 4715 3221 4587 3176 4545 3165 4239 3064 4135 3022 3797 2921 3677 2890  
 3415 2803 2995 2677 2711 2579 2607 2548 2385 2473 2259 2439 2145 2411  
 2017 2369 1971 2349 1835 2313 1700 2295 1590 2269 1366 2205 1276 2185  
 1140 2151 1002 2122  950 2106  706 2052  590 2021  492 1998  230 1949  
   55 1906    0 1887                                                    
L  1 9    4     9    41    318888899999     4                           
    0 1887    010000100001000010000 7577                                
L  1 9    5     9    41    31 169888888     4                           
    0 1887    0    010000    010000 7577                                
A  1 1698    1 7964 5872   1                                            
   -1                                                                   
A  1 1698    2 7498 5654   1                                            
   -2                                                                   
A  199999    3 3854 4736   6                                            
    3    4    0    1    0    2                                          
A  1 1698    4 8849 4664   2                                            
   -5   -3                                                              
M 674873                      2    9   13    8    0   85                
H2 1    9   11    8    0   73 0506 0506                                 
N  1 2    1 2395 8909 0 2    1   -1    0    0    0    0    0    0    0  
N  1 2    2 3582 9779 0 2    2   -2    0    0    0    0    0    0    0  
N  1 2    3 3438 9783 0 2    3   -3    0    0    0    0    0    0    0  
N  1 2    4 9910  174 0 2    4   -4    0    0    0    0    0    0    0  
N  1 2    5 9743   91 0 2    5   -5    0    0    0    0    0    0    0  
N  1 1    6 372310000 1 3    6   -8    9    0    0    0    0    0    0  
N  1 1    7    0 7577 1 3   -6    8  -10    0    0    0    0    0    0  
N  1 1    8 7538    0 1 3   11    7   10    0    0    0    0    0    0  
N  1 1    910000  584 1 3   -9   -7  -11    0    0    0    0    0    0  
L  1 5    1     0    10    10 169899999    11                           
 2395 8909 2387 8903 2355 8868 2359 8849 2369 8825 2393 8819 2409 8836  
 2425 8868 2423 8895 2409 8909 2395 8909                                
L  1 5    2     0    20    20 169899999    10                           
 3582 9779 3614 9809 3610 9836 3600 9858 3582 9871 3562 9871 3552 9849  
 3554 9820 3564 9790 3582 9779                                          
L  1 5    3     0    30    30 169899999    10                           
 3438 9783 3440 9767 3464 9759 3482 9767 3500 9800 3494 9819 3472 9832  
 3444 9827 3426 9810 3438 9783                                          
L  1 5    4     0    40    40 169899999    10                           
 9910  174 9926  188 9928  199 9926  229 9892  245 9880  239 9872  228  
 9874  185 9882  169 9910  174                                          
L  1 5    5     0    50    50 169899999    19                           
 9743   91 9746   94 9763   89 9785   68 9809   68 9841   95 9856  147  
 9854  171 9836  185 9810  198 9806  206 9786  219 9750  216 9724  210  
 9714  202 9708  167 9714  132 9732  102 9743   91                      
L  1 5    6     0    61    71 169899999   111                           
 372310000 3717 9962 3742 9895 3770 9841 3795 9808 3809 9776 3860 9614  
 3931 9469 3953 9409 3964 9374 3954 9285 3881 9081 3856 9038 3820 8997  
 3786 8969 3708 8936 3646 8932 3593 8940 3501 8988 3453 9028 3342 9108  
 3287 9153 3253 9202 3212 9275 3180 9355 3161 9420 3091 9460 3035 9476  
 3021 9473 2973 9429 2947 9364 2981 9158 2995 9140 2995 9134 2866 9130  
 2784 9091 2755 9045 2753 9026 2709 8950 2685 8925 2655 8925 2621 8908  
 2585 8875 2523 8856 2411 8814 2347 8781 2321 8792 2305 8808 2287 8797  
 2294 8710 2240 8634 2212 8612 2160 8562 2138 8524 2120 8505 2078 8480  
 2025 8431 1987 8352 1963 8319 1935 8319 1909 8324 1877 8362 1867 8364  
 1831 8356 1817 8318 1827 8283 1813 8220 1804 8123 1794 8090 1746 8082  
 1682 8048 1652 8035 1572 8055 1544 8052 1516 8058 1502 8066 1462 8049  
 1438 8051 1430 8062 1397 8067 1375 8056 1339 8045 1311 8045 1299 8034  
 1275 8028 1247 8039 1137 8032 1083 8023 1035 8023  985 8030  947 8019  
  913 8016  889 7997  869 7961  837 7945  805 7917  803 7896  761 7825  
  750 7779  744 7771  704 7778  668 7764  560 7712  540 7706  330 7623  
  314 7598  274 7579   81 7563   37 7576   35 7587    0 7577            
L  1 5    7     0    81    91 169899999    42                           
 7538    0 7564   41 7602  114 7628  150 7720  210 7804  249 7858  285  
 7909  350 7955  427 7993  497 8018  565 8032  612 8066  672 8116  715  
 8181  789 8249  860 8319  921 8409  984 8490 1036 8558 1058 8653 1070  
 8877 1046 9194  971 9285  953 9361  929 9397  913 9437  865 9500  733  
 9531  676 9577  577 9640  464 9715  411 9767  352 9807  341 9875  339  
 9887  345 9939  386 9955  440 9957  481 9964  521 9990  54310000  584  
L  1 9    8     9    71    618888899999     3                           
    0 7577    010000 372310000                                          
L  1 9    9     9    61    9188888 1698     3                           
 372310000100001000010000  584                                          
L  1 9   10     9    81    7188888 1698     3                           
 7538    0    0    0    0 7577                                          
L  1 9   11     9    81    919999988888     3                           
 7538    010000    010000  584                                          
A  1 1698    1 2389 8864   1                                            
   -1                                                                   
A  1 1698    2 3583 9824   1                                            
   -2                                                                   
A  1 1698    3 3465 9796   1                                            
   -3                                                                   
A  1 1698    4 9900  206   1                                            
   -4                                                                   
A  1 1698    5 9784  144   1                                            
   -5                                                                   
A  199999    6 1144 8787   8                                            
    6    8    0    1    0    2    0    3                                
A  1 1698    7 5000 5192   4                                            
    9   -7   10   -6                                                    
A  199999    8 8804  534   6                                            
    7  -11    0    4    0    5                                          
H1 5    0    2    0    0   10 0506 0506                                 
L  5 2    1     0    00    00              24                           
 3817 8803 3057 8076 3409 7829 3578 7587 3495 7440 3793 6871 4156 6681  
 4545 6602 4728 6912 4711 7136 4825 7125 4950 7340 4609 7539 4423 7360  
 4277 7401 3912 7245 3822 7942 3944 8093 4241 7978 4164 8245 3963 8385  
 3898 8634 3831 8646 3817 8803                                          
L  5 2    2     0    00    00              24                           
 3817 8803 3057 8076 3409 7829 3578 7587 3495 7440 3793 6871 4156 6681  
 4545 6602 4728 6912 4711 7136 4825 7125 4950 7340 4609 7539 4423 7360  
 4277 7401 3912 7245 3822 7942 3944 8093 4241 7978 4164 8245 3963 8385  
 3898 8634 3831 8646 3817 8803                                          
M 674874                      1   14   15   14    0  132                
H2 1   14   15   14    0  131 0506 0506                                 
N  1 2    1  779  885 0 2    1   -1    0    0    0    0    0    0    0  
N  1 2    2  824 1059 0 2    2   -2    0    0    0    0    0    0    0  
N  1 2    3  807  683 0 2    3   -3    0    0    0    0    0    0    0  
N  1 2    4 1143  526 0 2    4   -4    0    0    0    0    0    0    0  
N  1 2    5 4176 5142 0 2    5   -5    0    0    0    0    0    0    0  
N  1 2    6 3023 4670 0 2    6   -6    0    0    0    0    0    0    0  
N  1 2    7 3114 4725 0 2    7   -7    0    0    0    0    0    0    0  
N  1 2    8 9003 7989 0 2    8   -8    0    0    0    0    0    0    0  
N  1 2    9 9114 8115 0 2    9   -9    0    0    0    0    0    0    0  
N  1 2   10 9132 8240 0 2   10  -10    0    0    0    0    0    0    0  
N  1 2   11 9825 9037 0 2   11  -11    0    0    0    0    0    0    0  
N  1 2   12 5577 6291 0 2   12  -12    0    0    0    0    0    0    0  
N  1 1   13    0  584 1 3   13   15   14    0    0    0    0    0    0  
N  1 1   1410000 9255 1 3  -14  -13  -15    0    0    0    0    0    0  
L  1 5    1     0    10    10 169899999     9                           
  779  885  731  915  713  912  709  885  711  866  734  852  772  845  
  786  864  779  885                                                    
L  1 5    2     0    20    20 169899999    14                           
  824 1059  818 1059  780 1075  762 1075  752 1069  748 1047  755 1020  
  763 1007  769 1004  797 1007  829 1021  833 1043  828 1059  824 1059  
L  1 5    3     0    30    30 169899999    12                           
  807  683  811  702  805  726  799  731  770  742  740  733  706  706  
  699  681  703  643  715  622  735  633  807  683                      
L  1 5    4     0    40    40 169899999    11                           
 1143  526 1136  551 1124  572 1018  606 1008  606  998  593 1018  558  
 1026  525 1125  475 1139  488 1143  526                                
L  1 5    5     0    50    50 169899999    12                           
 4176 5142 4166 5167 4108 5196 4104 5144 4084 5093 4086 5074 4093 5068  
 4115 5061 4141 5066 4167 5099 4176 5124 4176 5142                      
L  1 5    6     0    60    60 169899999    12                           
 3023 4670 3033 4681 3036 4697 3038 4719 3016 4732 3004 4729 2990 4713  
 2984 4697 2980 4678 2991 4662 2999 4659 3023 4670                      
L  1 5    7     0    70    70 169899999     9                           
 3114 4725 3120 4741 3092 4766 3072 4765 3060 4752 3064 4727 3084 4706  
 3100 4709 3114 4725                                                    
L  1 5    8     0    80    80 169899999    11                           
 9003 7989 9023 8011 9037 8033 9042 8065 9032 8076 9014 8084 8998 8076  
 8960 8021 8967 8010 8987 7994 9003 7989                                
L  1 5    9     0    90    90 169899999    10                           
 9114 8115 9116 8128 9108 8150 9090 8158 9076 8144 9068 8122 9068 8098  
 9074 8082 9100 8088 9114 8115                                          
L  1 5   10     0   100   100 169899999    10                           
 9132 8240 9136 8250 9135 8275 9123 8294 9111 8296 9095 8285 9079 8255  
 9078 8193 9114 8207 9132 8240                                          
L  1 5   11     0   110   110 169899999    13                           
 9825 9037 9829 9042 9839 9040 9865 9062 9871 9086 9856 9097 9818 9099  
 9800 9091 9792 9077 9796 9061 9811 9045 9827 9040 9825 9037            
L  1 5   12     0   120   120 169899999    22                           
 5577 6291 5616 6335 5618 6346 5608 6395 5584 6421 5574 6446 5545 6459  
 5517 6459 5509 6453 5465 6455 5420 6385 5410 6360 5408 6336 5412 6311  
 5456 6258 5471 6234 5489 6215 5505 6210 5515 6210 5535 6223 5555 6275  
 5577 6291                                                              
L  1 5   13     0   131   141 169899999   312                           
    0  584   28  604  111  683  151  727  221  806  253  825  309  848  
  333  829  351  821  365  840  381  884  454  958  496  988  532 1018  
  556 1053  588 1084  612 1124  619 1160  615 1179  585 1197  573 1270  
  570 1305  598 1333  630 1428  621 1477  627 1490  619 1512  615 1517  
  605 1544  601 1579  595 1593  584 1631  574 1641  552 1684  540 1722  
  503 1754  497 1792  487 1814  451 1846  422 1900  396 1924  394 1937  
  364 1977  325 2034  297 2104  294 2155  316 2210  350 2272  415 2357  
  459 2395  509 2418  597 2413  680 2390  756 2358  832 2343  856 2343  
  908 2352  959 2355  981 2350 1019 2355 1073 2378 1119 2413 1136 2462  
 1154 2546 1150 2582 1143 2622 1121 2665 1079 2703 1058 2716  976 2750  
  906 2769  842 2754  758 2729  710 2726  639 2752  623 2787  613 2852  
  624 2985  630 3001  648 3026  769 3114  853 3166  955 3219 1013 3260  
 1073 3274 1161 3313 1229 3316 1289 3303 1338 3266 1352 3247 1382 3185  
 1425 3115 1471 3070 1481 3064 1495 3037 1508 2975 1538 2959 1564 2965  
 1596 2979 1610 3003 1573 3046 1569 3071 1571 3106 1601 3179 1625 3220  
 1698 3316 1842 3380 1908 3429 1954 3489 1973 3554 1969 3616 1942 3662  
 1942 3678 1974 3698 2100 3718 2248 3774 2292 3799 2306 3810 2350 3826  
 2406 3865 2472 3922 2508 3985 2525 4026 2566 4005 2616 3994 2658 4030  
 2683 4079 2683 4122 2677 4176 2654 4241 2652 4265 2676 4293 2718 4347  
 2736 4396 2756 4415 2786 4394 2802 4359 2832 4340 2914 4374 2970 4412  
 3000 4467 2998 4505 2965 4545 2973 4553 3007 4559 3017 4578 3015 4586  
 2991 4602 2969 4602 2955 4631 2944 4691 2952 4807 2963 4870 2969 4886  
 3005 4935 3049 4982 3135 5039 3209 5065 3295 5076 3365 5064 3491 5062  
 3682 5080 3746 5097 3842 5101 3878 5115 3910 5115 3926 5067 3978 5062  
 4004 5089 3988 5132 4022 5184 4017 5241 4023 5255 4013 5314 3992 5368  
 4014 5409 4040 5417 4058 5417 4078 5442 4098 5483 4178 5554 4220 5552  
 4252 5614 4315 5680 4321 5696 4367 5756 4392 5840 4431 5841 4475 5866  
 4514 5912 4542 5926 4580 5956 4616 6000 4710 6069 4756 6085 4800 6110  
 4846 6130 4886 6154 4926 6201 4967 6236 5007 6258 5051 6270 5077 6302  
 5093 6338 5139 6325 5155 6325 5257 6359 5303 6378 5351 6392 5389 6430  
 5437 6452 5507 6505 5527 6535 5496 6653 5498 6729 5515 6797 5571 6903  
 5673 6907 5745 6913 5957 7002 6095 7047 6179 7067 6267 7070 6378 7066  
 6430 7080 6464 7105 6478 7127 6488 7129 6476 7140 6459 7175 6467 7183  
 6447 7221 6439 7261 6438 7307 6476 7343 6544 7387 6680 7445 6778 7473  
 6878 7515 6954 7575 7034 7630 7184 7748 7252 7787 7542 7909 7562 7907  
 7612 7883 7662 7848 7727 7814 7797 7782 7853 7788 7883 7793 7939 7816  
 8095 7855 8153 7878 8217 7911 8237 7949 8255 8022 8260 8079 8264 8087  
 8326 8090 8355 8074 8363 8061 8411 8045 8443 8024 8515 8027 8561 8047  
 8583 8088 8561 8158 8554 8196 8560 8198 8631 8167 8673 8154 8741 8168  
 8779 8122 8818 8063 8830 8055 8892 8064 9016 8108 9022 8117 9012 8203  
 9017 8287 9037 8317 9103 8393 9190 8462 9310 8526 9488 8603 9540 8631  
 9622 8707 9660 8784 9672 8830 9696 8816 9702 8819 9734 8847 9775 8898  
 9841 8934 9845 8970 9829 8983 9783 9012 9752 9066 9722 9141 9723 9209  
 9729 9254 9751 9212 9753 9187 9770 9125 9775 9100 9793 9132 9830 9180  
 9882 9225 9950 9251 9966 926310000 9255                                
L  1 9   14     9   131   14188888 1698     4                           
    0  584    010000100001000010000 9255                                
L  1 9   15     9   131   1419999988888     4                           
    0  584    0    010000    010000 9255                                
A  1 1698    1  745  880   1                                            
   -1                                                                   
A  1 1698    2  791 1040   1                                            
   -2                                                                   
A  1 1698    3  752  682   1                                            
   -3                                                                   
A  1 1698    4 1081  540   1                                            
   -4                                                                   
A  1 1698    5 4137 5128   1                                            
   -5                                                                   
A  1 1698    6 3009 4694   1                                            
   -6                                                                   
A  1 1698    7 3090 4736   1                                            
   -7                                                                   
A  1 1698    8 9004 8036   1                                            
   -8                                                                   
A  1 1698    9 9091 8120   1                                            
   -9                                                                   
A  1 1698   10 9106 8244   1                                            
  -10                                                                   
A  1 1698   11 9830 9070   1                                            
  -11                                                                   
A  1 1698   12 5512 6334   1                                            
  -12                                                                   
A  199999   13 4436 4731  26                                            
   13  -15    0    1    0    2    0    3    0    4    0    5    0    6  
    0    7    0    8    0    9    0   10    0   11    0   12            
A  1 1698   14 1569 5040   2                                            
   14  -13                                                              
M 674875                      1   13   18    9    0   88                
H2 1   13   18    9    0   87 0506 0506                                 
N  1 1    1 266410000 1 3    8  -16  -17    0    0    0    0    0    0  
N  1 1    2 305410000 1 3    9   -8    1    0    0    0    0    0    0  
N  1 1    3 538810000 1 3   10   -9   -1    0    0    0    0    0    0  
N  1 1    4 583110000 1 3   11  -10    2    0    0    0    0    0    0  
N  1 1    5 687910000 1 3   12  -11   -2    0    0    0    0    0    0  
N  1 1    6 714010000 1 3   13  -12    3    0    0    0    0    0    0  
N  1 1    7 748310000 1 3   14  -13   -3    0    0    0    0    0    0  
N  1 1    8 844410000 1 3   15  -14    4    0    0    0    0    0    0  
N  1 1    9 863410000 1 3   18  -15   -4    0    0    0    0    0    0  
N  1 2   10 7263 9885 0 2    5   -5    0    0    0    0    0    0    0  
N  1 2   11 5300 9892 0 2    6   -6    0    0    0    0    0    0    0  
N  1 2   12  823 9418 0 2    7   -7    0    0    0    0    0    0    0  
N  1 1   13    0 9255 1 3   17  -18   16    0    0    0    0    0    0  
L  1 5    1     0    21    31 169899999    39                           
 305410000 3074 9982 3106 9958 3132 9932 3181 9870 3211 9838 3245 9814  
 3307 9809 3435 9845 3520 9849 3598 9874 3660 9883 3712 9873 3730 9865  
 3772 9835 3833 9806 3899 9801 3963 9808 4029 9811 4087 9820 4161 9853  
 4225 9859 4274 9851 4408 9839 4434 9834 4512 9835 4651 9828 4673 9828  
 4679 9834 4687 9831 4751 9835 4857 9860 4943 9904 5005 9943 5091 9965  
 5195 9974 5286 9965 5338 9979 538810000                                
L  1 5    2     0    41    51 169899999    21                           
 583110000 5861 9889 5882 9822 5902 9776 5939 9747 5959 9741 6001 9739  
 6053 9764 6101 9805 6173 9844 6241 9872 6321 9894 6361 9897 6453 9893  
 6511 9896 6571 9918 6627 9943 6679 9957 6805 9975 6841 9997 687910000  
L  1 5    3     0    61    71 169899999     5                           
 714010000 7208 9984 7253 9979 7373 9981 748310000                      
L  1 5    4     0    81    91 169899999     5                           
 844410000 8524 9987 8572 9985 8624 9999 863410000                      
L  1 5    5     0   100   100 169899999    11                           
 7263 9885 7267 9885 7283 9880 7299 9891 7303 9910 7293 9926 7285 9928  
 7243 9928 7237 9914 7237 9901 7263 9885                                
L  1 5    6     0   110   110 169899999    11                           
 5300 9892 5306 9889 5320 9908 5326 9930 5314 9943 5288 9946 5270 9929  
 5266 9916 5276 9900 5300 9894 5300 9892                                
L  1 5    7     0   120   120 169899999    11                           
  823 9418  841 9415  863 9418  869 9429  865 9453  853 9464  831 9467  
  807 9461  801 9450  801 9434  823 9418                                
L  1 9    8     9    11    218888899999     2                           
 266410000 305410000                                                    
L  1 9    9     9    21    3188888 1698     2                           
 305410000 538810000                                                    
L  1 9   10     9    31    418888899999     2                           
 538810000 583110000                                                    
L  1 9   11     9    41    5188888 1698     2                           
 583110000 687910000                                                    
L  1 9   12     9    51    618888899999     2                           
 687910000 714010000                                                    
L  1 9   13     9    61    7188888 1698     2                           
 714010000 748310000                                                    
L  1 9   14     9    71    818888899999     2                           
 748310000 844410000                                                    
L  1 9   15     9    81    9188888 1698     2                           
 844410000 863410000                                                    
L  1 5   16     0   131    11 169899999    68                           
    0 9255   36 9244   74 9250  111 9242  147 9245  208 9226  211 9214  
  242 9127  282 9071  308 9060  368 9072  382 9077  404 9140  408 9194  
  381 9245  381 9278  409 9362  442 9430  552 9542  604 9551  656 9522  
  681 9473  705 9444  733 9468  753 9509  791 9512  855 9491  925 9481  
  986 9452 1036 9458 1053 9531 1079 9599 1109 9632 1229 9685 1339 9724  
 1419 9776 1473 9806 1563 9823 1655 9843 1709 9838 1743 9801 1788 9769  
 1818 9734 1864 9710 1878 9683 1923 9640 1947 9597 2004 9557 2042 9522  
 2104 9512 2172 9486 2211 9451 2230 9321 2252 9292 2282 9297 2290 9316  
 2293 9419 2325 9504 2359 9542 2384 9588 2446 9675 2480 9741 2506 9760  
 2525 9809 2555 9850 2571 9893 2617 9953 266410000                      
L  1 9   17     9   131    1188888 1698     3                           
    0 9255    010000 266410000                                          
L  1 9   18     9    91   1318888899999     5                           
 863410000100001000010000    0    0    0    0 9255                      
A  199999    1 6175 9531  16                                            
    8    1   10    2   12    3   14    4   18   16    0    7    0    6  
    0    5                                                              
A  1 1698    2  270 9529   2                                            
  -16   17                                                              
A  1 1698    3 4046 9900   2                                            
    9   -1                                                              
A  1 1698    4 6052 9870   2                                            
   11   -2                                                              
A  1 1698    5 7304 9990   2                                            
   13   -3                                                              
A  1 1698    6 8546 9992   2                                            
   15   -4                                                              
A  1 1698    7 7269 9904   1                                            
   -5                                                                   
A  1 1698    8 5294 9916   1                                            
   -6                                                                   
A  1 1698    9  834 9440   1                                            
   -7                                                                   
M 674876                      1    7   10    5    0   47                
H2 1    7   10    5    0   46 0506 0506                                 
N  1 1    1   8210000 1 3    1    5  -10    0    0    0    0    0    0  
N  1 1    2  20610000 1 3    6   -5   -1    0    0    0    0    0    0  
N  1 1    3  43110000 1 3    7   -6    2    0    0    0    0    0    0  
N  1 1    4 558610000 1 3    8   -7   -2    0    0    0    0    0    0  
N  1 1    5 696110000 1 3    9   -8    3    0    0    0    0    0    0  
N  1 1    6 701910000 1 3   10   -9   -3    0    0    0    0    0    0  
N  1 2    7 7567 9958 0 2    4   -4    0    0    0    0    0    0    0  
L  1 5    1     0    11    21 169899999     4                           
   8210000   88 9995  146 9988  20610000                                
L  1 5    2     0    31    41 169899999    53                           
  43110000  481 9975  626 9865  741 9772  908 9662 1021 9558 1080 9480  
 1164 9421 1339 9355 1430 9318 1516 9295 1721 9256 1725 9251 1902 9153  
 2047 9049 2178 8925 2237 8850 2351 8754 2646 8540 2690 8533 2728 8536  
 2762 8552 2832 8602 2977 8744 3097 8840 3193 8887 3267 8915 3337 8951  
 3405 8998 3458 9052 3542 9118 3754 9221 3902 9309 3952 9344 4107 9481  
 4295 9600 4389 9655 4489 9702 4591 9738 4647 9747 4677 9758 4717 9788  
 4731 9810 4831 9825 4905 9844 4955 9850 5009 9853 5082 9868 5164 9863  
 5222 9891 5342 9927 5458 9939 558610000                                
L  1 5    3     0    51    61 169899999     8                           
 696110000 6962 9982 6980 9958 6990 9952 7004 9955 7018 9966 7022 9982  
 701910000                                                              
L  1 5    4     0    70    70 169899999    10                           
 7567 9958 7561 9977 7541 9991 7531 9988 7511 9969 7501 9944 7513 9933  
 7534 9934 7560 9939 7567 9958                                          
L  1 9    5     9    11    2188888 1698     2                           
   8210000  20610000                                                    
L  1 9    6     9    21    318888899999     2                           
  20610000  43110000                                                    
L  1 9    7     9    31    4188888 1698     2                           
  43110000 558610000                                                    
L  1 9    8     9    41    518888899999     2                           
 558610000 696110000                                                    
L  1 9    9     9    51    6188888 1698     2                           
 696110000 701910000                                                    
L  1 9   10     9    61    118888899999     6                           
 701910000100001000010000    0    0    0    010000   8210000            
A  199999    1 5000 5118   8                                            
    1    6    2    8    3   10    0    4                                
A  1 1698    2  136 9994   2                                            
    5   -1                                                              
A  1 1698    3 2749 9266   2                                            
    7   -2                                                              
A  1 1698    4 6994 9976   2                                            
    9   -3                                                              
A  1 1698    5 7537 9962   1                                            
   -4                                                                   
