M 684706                      1    4    5    4    0   35                
H2 1    4    5    4    0   34 0506 0506                                 
N  1 2    1 9435 6126 0 2    1   -1    0    0    0    0    0    0    0  
N  1 2    2 9233 5575 0 2    2   -2    0    0    0    0    0    0    0  
N  1 1    310000 6706 1 3    3   -5   -4    0    0    0    0    0    0  
N  1 1    4 8737    0 1 3    5   -3    4    0    0    0    0    0    0  
L  1 5    1     0    10    10 169899999    13                           
 9435 6126 9429 6096 9441 6064 9469 6035 9481 6027 9509 6049 9529 6079  
 9541 6100 9535 6138 9523 6157 9465 6143 9449 6132 9435 6126            
L  1 5    2     0    20    20 169899999    13                           
 9233 5575 9238 5540 9252 5521 9266 5518 9300 5532 9336 5600 9335 5622  
 9331 5633 9319 5643 9289 5640 9267 5632 9261 5626 9233 5575            
L  1 5    3     0    31    41 169899999    74                           
10000 6706 9983 6673 9852 6474 9790 6374 9724 6275 9659 6194 9655 6180  
 9609 6152 9571 6117 9500 5989 9425 5796 9375 5644 9300 5510 9150 5365  
 9073 5275 9011 5172 8966 5063 8928 4949 8874 4718 8846 4631 8802 4547  
 8689 4359 8624 4242 8588 4163 8565 4074 8529 4011 8495 3921 8422 3780  
 8378 3712 8359 3655 8351 3590 8346 3500 8350 3411 8362 3354 8385 3314  
 8413 3276 8447 3241 8486 3196 8552 3099 8617 2946 8636 2878 8671 2773  
 8711 2689 8772 2533 8776 2512 8846 2312 8870 2212 8897 2034 8902 1904  
 8891 1787 8883 1741 8858 1641 8828 1565 8800 1508 8697 1352 8667 1276  
 8648 1197 8650 1124 8667 1011 8687  962 8724  860 8730  795 8723  733  
 8699  635 8664  440 8653  342 8647  269 8654  169 8662  137 8686   85  
 8709   51 8729   10 8734    3 8737    0                                
L  1 9    4     9    41    318888899999     5                           
 8737    0    0    0    010000100001000010000 6706                      
L  1 9    5     9    41    31 169888888     3                           
 8737    010000    010000 6706                                          
A  1 1698    1 9483 6092   1                                            
   -1                                                                   
A  1 1698    2 9281 5580   1                                            
   -2                                                                   
A  199999    3 4464 4945   6                                            
    3    4    0    1    0    2                                          
A  1 1698    4 9182 3352   2                                            
   -5   -3                                                              
M 684707                      2    4    6    3    1   44                
H2 1    4    6    3    0   40 0506 0506                                 
N  1 1    110000  785 1 3    1   -3   -4    0    0    0    0    0    0  
N  1 1    2 745210000 1 3    3   -6   -1    0    0    0    0    0    0  
N  1 1    3 214910000 1 3    6   -5    2    0    0    0    0    0    0  
N  1 1    4    0 6706 1 3   -2    5    4    0    0    0    0    0    0  
L  1 5    1     0    11    21 169899999    86                           
10000  785 9935  794 9876  832 9681 1075 9567 1233 9567 1243 9521 1306  
 9455 1407 9225 1861 9104 2114 9018 2269 8962 2362 8894 2530 8854 2674  
 8839 2739 8809 2832 8698 3114 8645 3210 8602 3278 8569 3343 8542 3446  
 8514 3530 8479 3661 8454 3783 8433 4022 8410 4187 8363 4429 8303 4597  
 8255 4676 8169 4799 8118 4894 8022 5114 7987 5231 7945 5470 7928 5600  
 7921 5709 7934 5796 7962 5852 8014 5906 8026 5912 8037 5922 8109 5955  
 8173 5973 8298 6057 8378 6140 8432 6238 8440 6257 8443 6324 8410 6422  
 8375 6482 8339 6550 8301 6604 8263 6670 8223 6708 8174 6730 7922 6818  
 7848 6854 7746 6928 7700 6977 7647 7048 7611 7113 7596 7148 7576 7246  
 7579 7325 7593 7449 7590 7512 7605 7758 7597 7810 7592 7815 7577 7870  
 7499 8027 7479 8104 7464 8177 7454 8258 7434 8367 7409 8470 7392 8573  
 7360 8820 7348 8988 7321 9227 7309 9393 7334 9664 7360 9799 7397 9897  
 7433 9972 745210000                                                    
L  1 5    2     0    31    41 169899999    43                           
 214910000 2139 9978 2043 9745 1955 9510 1924 9404 1921 9371 1877 9239  
 1825 9122 1787 9020 1784 9003 1755 8944 1552 8628 1495 8552 1305 8317  
 1274 8271 1240 8201 1227 8157 1186 8122 1130 8063 1030 7990  902 7931  
  879 7929  753 7932  669 7952  603 7971  529 7982  508 7974  446 7923  
  403 7858  366 7777  289 7666  153 7510  135 7483  130 7439  147 7285  
  147 7255  167 7154  172 7141  153 7046  117 6951   76 6867   45 6786  
    0 6706                                                              
L  1 9    3     9    21    118888899999     3                           
 745210000100001000010000  785                                          
L  1 9    4     9    41    11 169888888     4                           
    0 6706    0    010000    010000  785                                
L  1 9    5     9    41    318888899999     3                           
    0 6706    010000 214910000                                          
L  1 9    6     9    31    2188888 1698     2                           
 214910000 745210000                                                    
A  199999    1 8980 5382   2                                            
    1    3                                                              
A  1 1698    2 3980 5382   4                                            
   -4   -2    6   -1                                                    
A  199999    3  665 8349   2                                            
    2    5                                                              
H1 7    0    0    0    1    2 0506 0506                                 
P  7 7    1 4068 4016 0 1                                               
01 3 4068 4016              00  ‘ð‘¨“‡                                  
M 684717                      1    2    3    2    0   27                
H2 1    2    3    2    0   26 0506 0506                                 
N  1 1    1 7452    0 1 3    1   -3   -2    0    0    0    0    0    0  
N  1 1    2 2149    0 1 3    3   -1    2    0    0    0    0    0    0  
L  1 5    1     0    11    21 169899999   101                           
 7452    0 7523  105 7539  151 7534  189 7516  208 7475  224 7450  246  
 7421  241 7391  217 7362  206 7291  171 7244  153 7142  129 7106  132  
 7060  143 6978  140 6886  125 6858  128 6830  139 6754  188 6672  248  
 6560  341 6456  415 6448  415 6397  450 6155  639 6153  644 6171  717  
 6174  750 6158  788 6087  834 6049  835 6021  846 5980  900 5978  908  
 5968  998 5973  995 5953 1041 5932 1050 5873 1044 5856 1096 5839 1237  
 5831 1324 5832 1408 5827 1479 5820 1511 5802 1514 5784 1503 5753 1460  
 5699 1458 5668 1469 5638 1496 5595 1523 5574 1521 5497 1491 5418 1451  
 5321 1449 5219 1517 5221 1523 5069 1684 5020 1700 4867 1731 4813 1753  
 4739 1797 4683 1819 4627 1851 4558 1906 4502 1972 4464 2042 4459 2083  
 4470 2181 4424 2197 4381 2197 4268 2165 4260 2133 4268 2108 4242 2073  
 4185 2009 4162 1990 4124 1974 4065 1936 3977 1874 3898 1834 3772 1791  
 3583 1705 3470 1636 3372 1557 3254 1455 3195 1390 3123 1290 3128 1288  
 3032 1158 3007 1136 2894 1015 2706  823 2590  697 2403  500 2336  416  
 2256  281 2209  173 2149    0                                          
L  1 9    2     9    21    118888899999     6                           
 2149    0    0    0    010000100001000010000    0 7452    0            
L  1 9    3     9    21    11 169888888     2                           
 2149    0 7452    0                                                    
A  199999    1 7925 1152   2                                            
    1    2                                                              
A  1 1698    2 4436 1150   2                                            
   -3   -1                                                              
