M 362306îgè∆                  3    2   14    2    1  129                
H2 1    2    2    2    0   98 0506 0506                                 
N  1 2    1  578 7069 0 2    1   -1    0    0    0    0    0    0    0  
N  1 1    210000    0 1 2   -2    2    0    0    0    0    0    0    0  
L  1 5    1     0    10    104738199999   617                           
  578 7069  569 7069  562 7069  556 7071  543 7075  530 7070  509 7066  
  478 7059  465 7054  455 7036  449 7026  442 7013  438 7003  432 6978  
  434 6951  443 6927  454 6889  457 6849  453 6808  463 6786  479 6764  
  484 6713  488 6647  504 6592  507 6528  486 6485  456 6456  433 6420  
  417 6421  401 6423  395 6400  399 6364  382 6352  383 6335  388 6286  
  394 6247  386 6222  352 6183  358 6176  367 6160  357 6141  355 6113  
  336 6073  341 6052  352 6042  364 6027  348 6003  344 5978  362 5952  
  364 5911  365 5863  371 5838  379 5834  386 5828  393 5810  392 5794  
  389 5782  396 5768  420 5738  441 5709  468 5704  484 5675  492 5634  
  506 5602  525 5583  537 5553  548 5561  560 5572  572 5558  581 5535  
  600 5525  604 5515  616 5496  623 5477  638 5465  663 5467  684 5435  
  697 5427  726 5427  757 5414  771 5398  789 5397  806 5388  820 5376  
  835 5352  850 5341  876 5333  895 5335  893 5344  890 5360  891 5371  
  909 5351  913 5337  933 5304  944 5300  968 5307  986 5324  998 5321  
 1007 5317 1031 5306 1059 5302 1070 5304 1074 5317 1095 5317 1113 5300  
 1123 5302 1142 5326 1169 5313 1174 5321 1194 5326 1213 5316 1231 5304  
 1244 5315 1264 5325 1280 5326 1298 5319 1306 5304 1321 5309 1338 5309  
 1359 5300 1378 5279 1384 5268 1374 5258 1381 5246 1411 5251 1421 5243  
 1428 5237 1437 5244 1451 5269 1457 5257 1461 5243 1466 5228 1473 5217  
 1486 5213 1514 5214 1532 5213 1547 5194 1556 5188 1573 5191 1587 5207  
 1598 5206 1600 5221 1604 5234 1617 5202 1628 5197 1640 5207 1637 5226  
 1650 5214 1657 5192 1670 5213 1677 5218 1683 5214 1691 5223 1707 5241  
 1722 5231 1721 5221 1719 5210 1733 5199 1743 5184 1747 5165 1759 5170  
 1778 5177 1790 5169 1808 5174 1823 5176 1830 5195 1841 5183 1842 5173  
 1860 5177 1878 5178 1891 5184 1896 5192 1905 5205 1915 5205 1922 5186  
 1924 5177 1947 5163 1954 5166 1963 5158 1974 5173 1977 5182 1989 5173  
 1991 5154 2000 5137 2018 5143 2022 5157 2025 5170 2053 5144 2056 5131  
 2069 5111 2078 5104 2086 5121 2098 5112 2107 5097 2116 5102 2127 5119  
 2129 5130 2135 5126 2150 5121 2156 5120 2161 5098 2170 5089 2178 5093  
 2197 5099 2204 5103 2211 5122 2230 5116 2228 5126 2225 5145 2241 5134  
 2245 5143 2268 5145 2293 5156 2332 5167 2356 5167 2374 5169 2387 5169  
 2425 5175 2440 5175 2472 5192 2497 5203 2508 5206 2538 5211 2564 5212  
 2590 5217 2614 5220 2631 5220 2645 5220 2658 5218 2666 5228 2675 5227  
 2681 5212 2693 5215 2708 5210 2718 5207 2733 5218 2741 5214 2747 5193  
 2754 5191 2766 5177 2781 5154 2784 5147 2795 5127 2805 5127 2817 5136  
 2829 5115 2830 5096 2841 5079 2849 5063 2850 5050 2878 5027 2890 5010  
 2902 5000 2915 5000 2941 5005 2981 5007 2998 4994 3021 5001 3041 5004  
 3053 4993 3062 4984 3079 4972 3096 4973 3118 4980 3142 4989 3155 4984  
 3170 4964 3179 4961 3194 4968 3210 4990 3223 4992 3240 4979 3257 4989  
 3270 4999 3299 4981 3309 4979 3329 4985 3359 4980 3376 4967 3387 4968  
 3405 4989 3435 4988 3451 4986 3477 4983 3500 4978 3519 4986 3523 5002  
 3546 4991 3561 4983 3587 4979 3606 4975 3629 4980 3661 4985 3687 4990  
 3726 5000 3742 5013 3747 5000 3759 4981 3767 4991 3776 5003 3784 5036  
 3789 5070 3797 5083 3796 5107 3791 5132 3790 5166 3801 5171 3807 5186  
 3811 5195 3818 5195 3831 5204 3844 5221 3848 5230 3857 5235 3872 5241  
 3874 5231 3884 5230 3891 5231 3904 5232 3916 5236 3921 5252 3926 5266  
 3938 5284 3950 5288 3955 5308 3961 5320 3978 5312 3991 5299 3998 5311  
 3999 5329 4008 5319 4015 5327 4018 5341 4022 5352 4039 5352 4094 5329  
 4130 5316 4137 5312 4144 5307 4152 5332 4160 5352 4170 5352 4200 5341  
 4210 5345 4223 5332 4234 5348 4253 5364 4283 5356 4287 5344 4309 5333  
 4319 5347 4344 5348 4383 5347 4385 5368 4388 5386 4392 5370 4409 5358  
 4420 5385 4425 5410 4430 5435 4446 5431 4449 5414 4477 5413 4493 5424  
 4506 5440 4515 5448 4520 5417 4530 5411 4544 5437 4551 5453 4563 5474  
 4556 5492 4548 5494 4537 5533 4527 5524 4525 5553 4533 5544 4540 5546  
 4546 5572 4547 5613 4553 5624 4562 5657 4569 5680 4578 5710 4585 5742  
 4589 5767 4594 5787 4594 5805 4591 5818 4594 5842 4591 5878 4595 5895  
 4600 5902 4607 5913 4604 5945 4610 5974 4610 5990 4614 6001 4624 6002  
 4639 5988 4648 6002 4654 6029 4659 6051 4665 6039 4684 6067 4685 6095  
 4693 6119 4705 6127 4718 6140 4726 6153 4733 6175 4739 6191 4750 6200  
 4762 6213 4783 6233 4790 6245 4807 6273 4800 6290 4818 6335 4837 6367  
 4852 6393 4888 6441 4908 6473 4914 6497 4927 6533 4944 6590 4959 6655  
 4970 6715 4977 6772 4977 6825 4977 6888 4967 6935 4960 6976 4944 7027  
 4924 7094 4899 7155 4861 7228 4836 7279 4834 7303 4821 7290 4801 7314  
 4795 7331 4786 7359 4770 7362 4768 7376 4754 7381 4742 7373 4733 7378  
 4715 7410 4706 7459 4697 7461 4687 7454 4677 7449 4650 7476 4637 7456  
 4619 7478 4605 7501 4561 7534 4544 7540 4537 7527 4527 7543 4495 7567  
 4453 7595 4411 7611 4385 7623 4331 7640 4285 7668 4234 7685 4187 7699  
 4147 7712 4110 7728 4095 7752 4058 7780 4026 7794 3968 7818 3913 7840  
 3878 7859 3842 7885 3797 7907 3730 7932 3674 7955 3613 7971 3573 7971  
 3563 7977 3546 7999 3538 8015 3454 8026 3374 8041 3291 8050 3250 8055  
 3240 8048 3237 8038 3212 8051 3176 8068 3145 8060 3102 8077 3099 8088  
 3092 8103 3077 8085 3048 8075 2999 8084 2989 8069 2954 8073 2914 8065  
 2902 8053 2872 8063 2868 8073 2855 8054 2832 8052 2816 8055 2783 8065  
 2769 8059 2756 8040 2735 8046 2711 8040 2694 8053 2686 8070 2680 8057  
 2674 8043 2664 8048 2653 8060 2612 8057 2574 8054 2533 8044 2517 8062  
 2506 8053 2499 8036 2495 8025 2471 8028 2453 8031 2358 8033 2321 8046  
 2295 8057 2283 8048 2277 8040 2261 8048 2241 8032 2213 8020 2165 8003  
 2150 7983 2095 7960 2090 7968 2081 7941 2066 7932 2060 7927 2057 7919  
 2048 7920 2042 7908 2019 7890 2004 7872 1972 7847 1935 7843 1928 7832  
 1911 7812 1873 7786 1854 7775 1829 7759 1808 7745 1775 7724 1750 7700  
 1732 7684 1700 7668 1654 7649 1614 7646 1608 7636 1576 7615 1566 7615  
 1553 7587 1545 7560 1518 7536 1479 7514 1429 7629 1417 7627 1402 7615  
 1402 7593 1433 7524 1415 7505 1273 7446 1274 7427 1282 7399 1267 7414  
 1262 7413 1257 7400 1254 7388 1259 7363 1267 7337 1252 7326 1224 7311  
 1214 7294 1187 7282 1167 7260 1153 7251 1137 7254 1127 7258 1094 7237  
 1080 7226 1045 7203 1034 7201 1022 7201 1012 7194  999 7181  979 7167  
  956 7152  931 7133  889 7115  876 7107  860 7101  832 7093  818 7097  
  806 7089  756 7079  690 7069  648 7062  641 7066  631 7066  608 7068  
  578 7069                                                              
L  1 9    2     9    21    219999988888     5                           
10000    01000010000    010000    0    010000    0                      
A  147381    1 2717 6534   1                                            
   -1                                                                   
A  199999    2 7463 6532   3                                            
   -2    0    1                                                         
H1 2    0   12    0    0   26 0506 0506                                 
L  2 5    1     0    00    00               3                           
 1415 7245 1500 7281 1663 7119                                          
L  2 5    2     0    00    00               2                           
 1663 7119 2068 6617                                                    
L  2 5    3     0    00    00               2                           
 1663 7119 1317 6940                                                    
L  2 5    4     0    00    00               4                           
 2172 5630 2453 5692 2871 5647 3119 5638                                
L  2 5    5     0    00    00               8                           
 1317 6940  965 6707  763 6303  776 5944  893 5791 1494 5441 1807 5468  
 2172 5630                                                              
L  2 5    6     0    00    00               5                           
 1317 6940 1324 6617 1422 6509 1970 6572 2068 6617                      
L  2 5    7     0    00    00               5                           
 2068 6617 2114 6464 2042 6150 2166 6177 2172 5630                      
L  2 5    8     0    00    00               8                           
 2068 6617 2218 6742 2394 6608 2531 6733 2818 6626 2910 6724 3406 6635  
 3628 6617                                                              
L  2 5    9     0    00    00               4                           
 3628 6617 3536 7012 2518 7495 1663 7119                                
L  2 5   10     0    00    00               3                           
 3628 6617 3908 6680 4326 6500                                          
L  2 5   11     0    00    00               6                           
 4065 5477 3745 5360 3504 5163 3354 5396 3164 5405 3119 5638            
L  2 5   12     0    00    00               3                           
 3119 5638 3621 6428 3628 6617                                          
H1 7    0    0    0    1    2 0506 0506                                 
P  7 7    1 2733 6533 0 1                                               
01 4 2733 6533              00  îgè∆ä‘ìá                                
M 362324ÉEÉrÉâêŒ              1    2    2    2    0   24                
H2 1    2    2    2    0   23 0506 0506                                 
N  1 2    1 5271 3094 0 2    1   -1    0    0    0    0    0    0    0  
N  1 1    210000    0 1 2   -2    2    0    0    0    0    0    0    0  
L  1 5    1     0    10    104738199999    97                           
 5271 3094 5261 3080 5257 3056 5241 3047 5104 3011 5068 2989 5056 2977  
 5048 2982 5040 2996 5027 3001 5008 2999 5001 3000 4993 2996 4990 2969  
 4991 2947 4996 2939 5010 2928 5017 2910 5017 2887 4997 2835 4959 2808  
 4905 2783 4872 2736 4868 2731 4811 2701 4755 2666 4737 2658 4724 2656  
 4716 2660 4651 2639 4588 2623 4573 2613 4566 2607 4537 2604 4537 2588  
 4559 2586 4633 2548 4649 2546 4772 2586 4806 2587 4814 2584 4829 2560  
 4837 2568 4855 2575 4903 2584 4918 2591 4924 2599 4972 2592 5009 2597  
 5063 2654 5084 2685 5098 2724 5114 2752 5131 2775 5159 2794 5196 2808  
 5255 2807 5301 2800 5307 2804 5331 2840 5355 2842 5371 2852 5392 2876  
 5416 2914 5434 2930 5459 2940 5492 2934 5525 2928 5613 2944 5663 2941  
 5672 2932 5687 2898 5699 2915 5703 2948 5714 3013 5712 3022 5695 3018  
 5688 3056 5679 3074 5666 3071 5657 3043 5647 3052 5628 3058 5577 3047  
 5559 3040 5449 3035 5430 3035 5421 3041 5394 3010 5379 2999 5357 2991  
 5336 2994 5319 3000 5306 3011 5277 3057 5270 3082 5271 3094            
L  1 9    2     9    21    218888899999     5                           
10000    0    0    0    010000100001000010000    0                      
A  147381    1 5145 2818   1                                            
   -1                                                                   
A  199999    2 5000 6210   3                                            
    2    0    1                                                         
M 362327çïìá                  3    4    6    4    1   92                
H2 1    4    5    4    0   85 0506 0506                                 
N  1 2    1 4369 5979 0 2    1   -1    0    0    0    0    0    0    0  
N  1 2    2 5576 8039 0 2    2   -2    0    0    0    0    0    0    0  
N  1 1    310000 9965 1 3    3   -4    5    0    0    0    0    0    0  
N  1 1    410000 7095 1 3    4   -3   -5    0    0    0    0    0    0  
L  1 5    1     0    10    104738199999   153                           
 4369 5979 4339 5974 4304 5977 4265 5991 4246 5996 4233 6032 4223 6034  
 4200 6012 4187 6031 4174 6007 4168 5998 4131 5994 4125 6002 4116 5973  
 4113 5954 4100 5930 4086 5918 4060 5923 4050 5887 4044 5872 4028 5860  
 4021 5836 4018 5820 4006 5797 3975 5768 3929 5749 3878 5719 3829 5686  
 3799 5651 3795 5628 3789 5590 3795 5577 3812 5561 3832 5547 3832 5514  
 3835 5499 3844 5493 3875 5498 3884 5477 3899 5436 3921 5380 3917 5371  
 3919 5355 3934 5342 3934 5313 3932 5284 3934 5241 3963 5195 3971 5149  
 3975 5131 3989 5130 4011 5146 4043 5137 4047 5116 4065 5070 4093 5010  
 4122 4951 4151 4903 4179 4858 4188 4856 4209 4852 4224 4846 4239 4819  
 4258 4788 4288 4741 4302 4734 4324 4712 4357 4681 4377 4672 4414 4663  
 4458 4634 4491 4613 4512 4589 4540 4579 4586 4574 4624 4569 4681 4583  
 4718 4585 4743 4603 4753 4640 4763 4663 4780 4640 4810 4649 4823 4672  
 4858 4705 4872 4735 4889 4772 4903 4812 4910 4836 4926 4840 4955 4850  
 4955 4859 4961 4894 4971 4899 4978 4887 4982 4904 4985 4924 4993 4915  
 5000 4939 4999 4953 5005 4973 5012 4992 5016 5029 5026 5073 5037 5101  
 5043 5146 5045 5172 5049 5179 5067 5248 5063 5294 5060 5322 5064 5345  
 5077 5391 5069 5439 5062 5483 5059 5521 5050 5550 5045 5594 5025 5659  
 5012 5694 4993 5721 4974 5735 4959 5741 4939 5779 4916 5784 4910 5810  
 4908 5843 4906 5871 4892 5900 4893 5928 4894 5946 4896 5969 4899 6011  
 4901 6056 4904 6090 4901 6113 4891 6128 4884 6128 4879 6127 4868 6118  
 4851 6107 4818 6087 4749 6045 4712 6020 4653 5998 4616 5991 4552 5982  
 4521 5967 4489 5955 4442 5951 4416 5964 4379 5977 4369 5979            
L  1 5    2     0    20    204738199999   200                           
 5576 8039 5578 8040 5570 8025 5562 8008 5545 7986 5507 7959 5472 7941  
 5443 7928 5427 7948 5413 7970 5404 7953 5402 7920 5415 7880 5408 7850  
 5387 7868 5374 7863 5380 7840 5387 7818 5368 7791 5352 7795 5350 7822  
 5347 7787 5335 7773 5323 7794 5303 7802 5287 7806 5266 7816 5261 7791  
 5273 7760 5260 7746 5276 7726 5281 7695 5258 7658 5262 7627 5283 7597  
 5280 7566 5270 7533 5279 7494 5267 7456 5257 7428 5255 7390 5244 7359  
 5231 7317 5216 7272 5193 7226 5160 7166 5126 7097 5090 7028 5060 6969  
 5038 6917 5033 6869 5021 6788 5013 6732 5008 6655 5021 6603 5053 6540  
 5071 6503 5087 6489 5117 6489 5155 6492 5180 6482 5222 6483 5252 6493  
 5286 6516 5298 6511 5320 6493 5323 6511 5330 6524 5339 6550 5362 6550  
 5371 6574 5402 6581 5426 6589 5452 6595 5469 6615 5481 6650 5502 6663  
 5525 6685 5550 6710 5573 6739 5599 6779 5611 6806 5624 6842 5638 6878  
 5654 6890 5668 6910 5675 6934 5693 6973 5697 6982 5703 6992 5727 7004  
 5750 7050 5773 7106 5783 7119 5799 7139 5806 7141 5811 7157 5826 7169  
 5845 7191 5856 7205 5868 7223 5875 7239 5881 7243 5892 7250 5909 7268  
 5923 7278 5931 7275 5939 7268 5949 7268 5960 7292 5974 7322 5986 7343  
 5998 7355 6021 7363 6054 7362 6067 7371 6071 7382 6074 7396 6095 7418  
 6121 7444 6119 7465 6121 7486 6128 7499 6147 7529 6159 7570 6171 7593  
 6191 7627 6206 7651 6229 7684 6257 7715 6276 7731 6300 7757 6318 7774  
 6323 7780 6333 7789 6347 7797 6357 7804 6373 7817 6378 7837 6390 7868  
 6413 7895 6438 7914 6452 7932 6476 7975 6483 8004 6483 8015 6491 8047  
 6499 8081 6495 8139 6493 8196 6486 8250 6463 8297 6445 8312 6434 8330  
 6423 8372 6409 8416 6390 8443 6367 8443 6362 8459 6360 8478 6345 8508  
 6323 8533 6310 8544 6307 8551 6287 8575 6278 8589 6253 8604 6236 8623  
 6210 8632 6201 8641 6175 8642 6166 8638 6146 8631 6122 8626 6104 8633  
 6076 8625 6069 8617 6042 8602 6018 8586 5990 8572 5961 8547 5957 8528  
 5957 8494 5932 8461 5891 8416 5877 8392 5841 8344 5807 8303 5776 8268  
 5742 8250 5712 8216 5675 8183 5649 8161 5616 8137 5615 8129 5607 8107  
 5599 8083 5590 8057 5584 8045 5576 8039                                
L  1 5    3     0    31    414738199999   105                           
10000 9965 9971 9971 9966 9934 9949 9921 9925 9885 9901 9854 9881 9857  
 9862 9827 9843 9795 9802 9766 9772 9734 9755 9698 9713 9688 9691 9668  
 9663 9636 9636 9600 9610 9574 9583 9554 9557 9530 9529 9485 9499 9415  
 9484 9377 9459 9349 9444 9307 9429 9261 9419 9210 9424 9171 9415 9113  
 9415 9071 9418 9014 9424 8964 9424 8897 9425 8827 9414 8785 9429 8753  
 9415 8704 9410 8664 9403 8611 9409 8569 9426 8555 9423 8541 9421 8532  
 9414 8533 9413 8512 9414 8502 9416 8462 9424 8433 9444 8398 9467 8379  
 9486 8359 9481 8334 9476 8308 9494 8275 9514 8216 9507 8176 9495 8134  
 9501 8080 9521 8040 9541 8010 9555 7991 9562 8000 9563 8018 9569 8029  
 9592 8015 9613 8003 9617 7971 9617 7948 9621 7933 9630 7934 9636 7934  
 9636 7921 9635 7898 9650 7879 9666 7896 9683 7878 9701 7854 9708 7828  
 9720 7821 9726 7797 9729 7745 9732 7717 9738 7685 9741 7653 9750 7637  
 9763 7620 9769 7596 9769 7570 9776 7537 9786 7519 9802 7499 9805 7462  
 9819 7443 9844 7413 9859 7393 9875 7368 9875 7348 9877 7327 9894 7305  
 9915 7281 9935 7260 9956 7233 9969 7203 9981 7173 9994 714210000 7095  
L  1 9    4     9    41    314738188888     2                           
10000 709510000 9965                                                    
L  1 9    5     9    31    419999988888     6                           
10000 99651000010000    010000    0    010000    010000 7095            
A  147381    1 4493 5356   1                                            
   -1                                                                   
A  147381    2 5720 7570   1                                            
   -2                                                                   
A  199999    3 2602 7249   6                                            
    3   -5    0    1    0    2                                          
A  147381    4 9713 8552   2                                            
   -4   -3                                                              
H1 2    0    1    0    0    2 0506 0506                                 
L  2 5    1     0    00    00               6                           
10000 9649 9801 9092 9563 8290 9766 7962 9883 785910000 7802            
H1 7    0    0    0    1    2 0506 0506                                 
P  7 7    1 5111 6633 0 1                                               
01 3 5111 6633              00  êVèÈìá                                  
M 362335ÉEÉrÉâêŒ              2   12   16    9    1  162                
H2 1   12   16    9    0  158 0506 0506                                 
N  1 2    1 8576 4085 0 2    1   -1    0    0    0    0    0    0    0  
N  1 2    2 4830 9507 0 2    2   -2    0    0    0    0    0    0    0  
N  1 2    3 5465 3157 0 2    3   -3    0    0    0    0    0    0    0  
N  1 2    4 5363 3160 0 2    4   -4    0    0    0    0    0    0    0  
N  1 1    510000 9468 1 3    5  -16  -12    0    0    0    0    0    0  
N  1 1    610000 7920 1 3   16   -5  -15    0    0    0    0    0    0  
N  1 1    710000 6896 1 3   15    6  -14    0    0    0    0    0    0  
N  1 1    8 845410000 1 3   12  -11   -6    0    0    0    0    0    0  
N  1 1    9 771810000 1 3   11  -10    7    0    0    0    0    0    0  
N  1 1   10 687510000 1 3   10   -9   -7    0    0    0    0    0    0  
N  1 1   11 625010000 1 3    9   13    8    0    0    0    0    0    0  
N  1 1   1210000 3655 1 3   14   -8  -13    0    0    0    0    0    0  
L  1 5    1     0    10    104738199999    11                           
 8576 4085 8571 4081 8563 4093 8554 4094 8535 4081 8540 4066 8560 4053  
 8576 4047 8587 4044 8589 4055 8576 4085                                
L  1 5    2     0    20    204738199999    14                           
 4830 9507 4825 9520 4814 9522 4800 9520 4773 9505 4759 9490 4751 9470  
 4758 9456 4771 9449 4796 9447 4811 9451 4827 9466 4832 9501 4830 9507  
L  1 5    3     0    30    304738199999     9                           
 5465 3157 5467 3162 5462 3180 5434 3203 5419 3191 5427 3130 5435 3118  
 5459 3145 5465 3157                                                    
L  1 5    4     0    40    404738199999    11                           
 5363 3160 5385 3177 5396 3191 5396 3202 5388 3216 5380 3218 5358 3203  
 5345 3187 5343 3165 5352 3154 5363 3160                                
L  1 5    5     0    51    614738199999    23                           
10000 9468 9914 9291 9903 9241 9883 9077 9888 9016 9895 8827 9918 8762  
 9921 8728 9904 8608 9903 8571 9896 8528 9872 8454 9838 8335 9837 8274  
 9861 8221 9885 8194 9949 8187 9961 8173 9961 8097 9946 8051 9945 7991  
 9966 795510000 7920                                                    
L  1 5    6     0    71    814738199999   104                           
10000 6896 9972 6922 9904 7082 9866 7118 9839 7168 9816 7248 9801 7339  
 9789 7387 9762 7439 9776 7524 9775 7539 9752 7609 9747 7711 9731 7751  
 9677 7845 9646 7874 9640 7876 9617 7865 9605 7852 9599 7857 9585 7912  
 9591 7940 9599 7960 9600 7975 9580 7977 9565 7963 9519 7891 9492 7802  
 9329 7862 9338 7886 9346 7932 9359 7968 9360 7993 9352 8021 9327 8060  
 9291 8086 9260 8132 9226 8204 9211 8254 9178 8297 9110 8446 9108 8476  
 9112 8531 9103 8575 9099 8626 9074 8791 9065 8803 9021 8829 9013 8852  
 9026 8905 9044 8940 9071 8968 9098 8968 9128 8976 9136 8996 9135 9026  
 9124 9059 9081 9102 9064 9147 9056 9202 9042 9230 9022 9245 8993 9249  
 8937 9306 8905 9321 8871 9332 8860 9331 8813 9339 8774 9332 8765 9303  
 8757 9254 8753 9195 8758 9161 8739 9158 8685 9188 8648 9193 8613 9179  
 8589 9154 8568 9118 8535 9027 8505 8961 8468 8903 8446 8886 8446 8926  
 8464 8984 8473 9023 8475 9059 8463 9130 8470 9248 8465 9283 8434 9356  
 8405 9433 8399 9472 8406 9537 8393 9562 8383 9591 8386 9659 8395 9718  
 8445 9767 8454 9794 8455 9824 8448 9848 8434 9866 845410000            
L  1 5    7     0    91   1014738199999    60                           
 771810000 7706 9984 7691 9952 7675 9940 7669 9924 7671 9909 7595 9862  
 7586 9865 7565 9853 7550 9819 7532 9791 7520 9781 7502 9784 7487 9737  
 7484 9693 7463 9677 7376 9667 7344 9672 7332 9678 7296 9678 7290 9632  
 7285 9622 7264 9611 7250 9595 7269 9537 7264 9495 7242 9447 7233 9403  
 7235 9356 7242 9322 7278 9240 7290 9195 7297 9133 7308 9102 7327 9004  
 7353 8872 7292 8954 7275 9000 7248 9055 7223 9092 7133 9190 7095 9214  
 7062 9221 7033 9240 7020 9262 6998 9281 6982 9300 6973 9328 6973 9370  
 6980 9400 7012 9469 7019 9498 7012 9558 6971 9715 6955 9749 6936 9774  
 6916 9822 6910 9864 6881 9964 687510000                                
L  1 5    8     0   111   1214738199999   476                           
 625010000 6246 9996 6251 9984 6273 9949 6261 9847 6261 9796 6266 9765  
 6291 9699 6311 9635 6339 9524 6354 9493 6371 9481 6415 9428 6445 9419  
 6463 9405 6508 9291 6527 9190 6528 9152 6557 9110 6579 9097 6594 9068  
 6616 8957 6623 8890 6624 8761 6640 8672 6680 8612 6714 8583 6739 8553  
 6767 8500 6786 8459 6800 8397 6795 8313 6753 8020 6763 7912 6772 7874  
 6816 7779 6836 7746 6867 7717 6919 7695 6958 7689 7026 7657 7039 7648  
 7041 7606 7035 7550 7021 7490 7000 7423 6962 7340 6932 7297 6871 7226  
 6841 7183 6820 7133 6812 7135 6764 7227 6753 7269 6750 7312 6738 7332  
 6707 7334 6682 7343 6651 7361 6621 7362 6586 7350 6549 7318 6516 7296  
 6494 7312 6481 7316 6476 7311 6457 7237 6420 7125 6394 7106 6382 7113  
 6363 7160 6361 7207 6354 7253 6337 7286 6322 7302 6322 7310 6344 7352  
 6355 7424 6383 7442 6395 7480 6390 7529 6395 7571 6408 7599 6407 7668  
 6415 7678 6448 7667 6474 7671 6478 7677 6485 7718 6476 7773 6461 7818  
 6441 7918 6434 7937 6408 8006 6385 8051 6354 8079 6326 8112 6301 8166  
 6294 8208 6301 8282 6300 8375 6294 8396 6262 8448 6246 8466 6205 8527  
 6184 8589 6162 8609 6128 8631 6105 8638 6072 8641 6037 8660 5993 8710  
 5964 8718 5926 8721 5870 8736 5832 8741 5799 8737 5764 8747 5749 8759  
 5634 8821 5556 8857 5475 8915 5458 8952 5436 8980 5388 9014 5369 9041  
 5364 9082 5351 9113 5334 9133 5327 9159 5301 9194 5298 9204 5291 9205  
 5279 9200 5245 9232 5136 9332 5051 9400 5001 9424 4974 9418 4910 9372  
 4845 9313 4773 9216 4757 9132 4726 9017 4696 8956 4675 8908 4649 8810  
 4596 8643 4578 8559 4563 8525 4546 8508 4547 8477 4557 8441 4574 8328  
 4557 8264 4553 8260 4532 8217 4526 8185 4529 8147 4535 8123 4541 8112  
 4554 8119 4609 8167 4626 8169 4651 8160 4651 8158 4674 8154 4698 8144  
 4719 8143 4742 8152 4755 8152 4769 8139 4786 8116 4805 8066 4841 7947  
 4841 7927 4828 7851 4805 7765 4772 7655 4768 7600 4782 7540 4806 7478  
 4825 7415 4827 7324 4837 7289 4861 7243 4889 7177 4909 7128 4907 7049  
 4923 7011 4941 6983 4968 6946 4988 6952 5020 6896 5059 6845 5105 6811  
 5107 6799 5103 6785 5066 6750 5010 6664 4990 6638 4891 6538 4873 6526  
 4830 6511 4679 6445 4654 6441 4592 6556 4582 6623 4529 6731 4515 6766  
 4511 6800 4521 6858 4521 6886 4475 7031 4450 7044 4422 7057 4406 7047  
 4393 7011 4344 6971 4324 6981 4306 6976 4293 6962 4274 6924 4201 6896  
 4172 6884 4140 6881 4069 6885 4051 6931 4038 7001 4028 7017 3968 7052  
 3840 7168 3818 7182 3796 7190 3765 7183 3743 7168 3720 7128 3708 7098  
 3657 7044 3585 6990 3530 6939 3498 6901 3444 6818 3409 6777 3365 6731  
 3337 6709 3311 6694 3286 6686 3251 6685 3251 6706 3241 6748 3234 6753  
 3230 6752 3212 6783 3205 6787 3195 6759 3140 6745 3140 6735 3134 6714  
 3119 6699 3097 6666 3070 6644 3061 6601 3056 6503 3075 6466 3118 6416  
 3166 6341 3183 6348 3224 6255 3224 6217 3209 6159 3211 6119 3220 6090  
 3243 6066 3266 5998 3287 5986 3298 5986 3341 5975 3362 5956 3380 5927  
 3412 5847 3434 5825 3490 5761 3530 5704 3550 5665 3577 5596 3634 5397  
 3642 5351 3663 5199 3699 5103 3744 5039 3795 4939 3815 4881 3882 4718  
 3906 4676 3931 4658 3950 4640 3996 4564 4017 4526 4045 4426 4099 4280  
 4116 4253 4285 3955 4314 3886 4323 3874 4348 3818 4362 3802 4433 3739  
 4458 3701 4516 3597 4537 3543 4543 3506 4529 3466 4529 3450 4544 3413  
 4559 3409 4571 3417 4582 3433 4626 3440 4633 3448 4641 3477 4649 3494  
 4667 3500 4694 3496 4727 3462 4778 3447 4809 3434 4856 3421 4914 3390  
 4936 3385 5005 3355 5036 3353 5077 3361 5200 3328 5266 3315 5287 3316  
 5333 3327 5334 3318 5377 3323 5418 3345 5475 3384 5491 3403 5531 3463  
 5560 3500 5600 3523 5629 3531 5702 3524 5734 3516 5766 3497 5788 3505  
 5810 3522 5844 3526 5867 3514 5882 3501 5964 3402 6035 3349 6085 3326  
 6120 3303 6161 3246 6193 3229 6210 3228 6221 3196 6236 3166 6270 3135  
 6328 3048 6383 3011 6488 3006 6528 2987 6601 2932 6662 2896 6706 2886  
 6783 2886 6844 2891 6915 2888 7036 2850 7089 2854 7227 2834 7264 2836  
 7344 2823 7393 2829 7483 2868 7537 2878 7579 2879 7608 2894 7635 2912  
 7643 2984 7644 3029 7652 3134 7662 3162 7684 3192 7708 3234 7722 3281  
 7722 3329 7701 3417 7701 3464 7707 3502 7724 3553 7749 3607 7790 3783  
 7838 3908 7850 3969 7848 4015 7842 4057 7828 4089 7807 4123 7778 4153  
 7749 4168 7720 4241 7715 4295 7721 4468 7729 4538 7808 4867 7817 4983  
 7837 5078 7840 5129 7837 5172 7828 5205 7815 5229 7786 5264 7776 5306  
 7775 5325 7783 5362 7793 5385 7821 5411 7884 5446 7941 5456 7965 5453  
 7996 5457 8026 5443 8099 5393 8137 5386 8163 5390 8172 5389 8193 5374  
 8250 5321 8297 5290 8423 5230 8489 5203 8668 5116 8744 5071 8857 4958  
 8937 4924 8974 4899 9012 4857 9048 4840 9078 4808 9107 4768 9118 4757  
 9180 4650 9217 4597 9282 4496 9320 4446 9376 4381 9396 4341 9395 4274  
 9403 4248 9401 4222 9388 4197 9354 4148 9354 4133 9367 4120 9378 4124  
 9379 4117 9402 4098 9424 4105 9449 4096 9510 4048 9546 4035 9576 4033  
 9586 4029 9610 4007 9630 3970 9675 3917 9789 3824 9862 377510000 3655  
L  1 9    9     9   111   1018888847381     2                           
 625010000 687510000                                                    
L  1 9   10     9   101    918888899999     2                           
 687510000 771810000                                                    
L  1 9   11     9    91    818888847381     2                           
 771810000 845410000                                                    
L  1 9   12     9    81    518888899999     3                           
 845410000100001000010000 9468                                          
L  1 9   13     9   111   1219999988888     5                           
 625010000    010000    0    010000    010000 3655                      
L  1 9   14     9   121    714738188888     2                           
10000 365510000 6896                                                    
L  1 9   15     9    71    619999988888     2                           
10000 689610000 7920                                                    
L  1 9   16     9    61    514738188888     2                           
10000 792010000 9468                                                    
A  147381    1 8561 4068   1                                            
   -1                                                                   
A  147381    2 4793 9484   1                                            
   -2                                                                   
A  147381    3 5445 3161   1                                            
   -3                                                                   
A  147381    4 5368 3186   1                                            
   -4                                                                   
A  199999    5 9490 8446   4                                            
    5  -15    6   12                                                    
A  147381    6 9958 8690   2                                            
  -16   -5                                                              
A  147381    7 7364 6466   6                                            
  -14   -8    9   -7   11   -6                                          
A  199999    8 7118 9436   2                                            
    7   10                                                              
A  199999    9 1546 6446  10                                            
    8  -13    0    1    0    2    0    3    0    4                      
H1 7    0    0    0    1    2 0506 0506                                 
P  7 6    1 3266 6433 0 1                                               
01 4 3266 6433              00  ÉpÉCÉ~çË                                
M 362336èMïÇ                  3    6   14    4    2   83                
H2 1    6    9    4    0   66 0506 0506                                 
N  1 1    1  14410000 1 3    1   -7    8    0    0    0    0    0    0  
N  1 1    2    0 9468 1 3   -1    7   -6    0    0    0    0    0    0  
N  1 1    3    0 7920 1 3    6   -5    2    0    0    0    0    0    0  
N  1 1    4    0 6896 1 3    5   -4   -2    0    0    0    0    0    0  
N  1 1    5    0 3655 1 3    4    9    3    0    0    0    0    0    0  
N  1 1    610000  140 1 3   -8   -3   -9    0    0    0    0    0    0  
L  1 5    1     0    11    214738199999     8                           
  14410000  145 9899  138 9855  102 9747   74 9685   39 9603   23 9530  
    0 9468                                                              
L  1 5    2     0    31    414738199999    21                           
    0 7920   20 7897   33 7834   48 7799   84 7733   95 7690  102 7630  
  134 7472  136 7421  138 7291  142 7262  166 7222  190 7193  237 7111  
  244 7080  246 7023  108 6911  108 6914   96 6920   10 6891    0 6896  
L  1 5    3     0    51    614738199999   221                           
    0 3655   56 3606   71 3584   86 3547  115 3505  153 3465  235 3334  
  277 3278  317 3227  347 3198  380 3172  495 3099  512 3083  526 3064  
  550 3050  575 3053  584 3060  614 3064  718 3038  744 3035  913 2970  
  949 2947 1013 2941 1194 2907 1378 2813 1473 2774 1526 2757 1664 2730  
 1693 2704 1722 2691 1771 2686 1861 2670 1961 2667 2017 2645 2047 2625  
 2072 2599 2093 2586 2133 2569 2152 2553 2158 2542 2177 2525 2201 2514  
 2224 2514 2230 2508 2225 2500 2209 2492 2207 2483 2216 2465 2231 2461  
 2242 2466 2280 2465 2355 2471 2388 2483 2420 2502 2452 2527 2495 2581  
 2541 2624 2573 2649 2614 2671 2682 2680 2705 2673 2734 2683 2748 2683  
 2783 2675 2798 2661 2818 2651 2861 2666 2953 2613 2990 2590 3019 2579  
 2999 2543 3000 2536 3028 2527 3055 2537 3085 2537 3133 2526 3200 2533  
 3224 2527 3307 2525 3357 2518 3408 2499 3450 2470 3484 2463 3500 2444  
 3526 2431 3586 2375 3594 2345 3609 2335 3636 2348 3661 2352 3715 2340  
 3746 2326 3764 2309 3781 2284 3799 2277 3810 2277 3833 2262 3837 2256  
 3865 2237 3900 2227 3928 2204 3945 2184 3988 2166 4068 2124 4101 2101  
 4214 2061 4263 2059 4296 2048 4336 2012 4337 2003 4356 1980 4451 1928  
 4465 1916 4466 1911 4483 1888 4531 1884 4556 1873 4577 1869 4605 1875  
 4677 1914 4706 1926 4727 1928 4760 1945 4831 1957 4866 1956 4893 1968  
 4976 2015 5028 2036 5077 2030 5183 2004 5275 1989 5333 1985 5364 1971  
 5439 1956 5463 1954 5485 1930 5497 1935 5507 1969 5659 1957 5711 1960  
 5742 1968 5778 1987 5867 2059 5940 2093 6068 2107 6110 2109 6216 2105  
 6278 2111 6368 2130 6488 2174 6606 2179 6697 2172 6733 2165 6767 2154  
 6796 2138 6849 2119 6943 2093 6985 2074 7028 2049 7126 1973 7160 1951  
 7248 1875 7281 1858 7327 1848 7395 1822 7648 1665 7730 1605 7772 1563  
 7799 1526 7813 1502 7875 1458 7924 1407 7943 1368 7980 1330 8017 1282  
 8056 1251 8102 1221 8116 1205 8138 1164 8153 1124 8160 1082 8208 1014  
 8243  975 8358  886 8458  818 8556  742 8598  706 8611  687 8696  605  
 8767  551 8809  524 8887  466 8971  390 9043  334 9077  299 9098  270  
 9128  261 9137  242 9157  239 9175  250 9187  223 9210  152 9219  141  
 9233  148 9261  180 9290  199 9329  207 9390  199 9410  193 9431  207  
 9453  212 9472  208 9528  251 9562  246 9582  251 9601  260 9717  229  
 9864  170 9926  152 9992  14110000  140                                
L  1 9    4     9    51    418888847381     2                           
    0 3655    0 6896                                                    
L  1 9    5     9    41    318888899999     2                           
    0 6896    0 7920                                                    
L  1 9    6     9    31    218888847381     2                           
    0 7920    0 9468                                                    
L  1 9    7     9    21    118888899999     3                           
    0 9468    010000  14410000                                          
L  1 9    8     9    11    618888847381     3                           
  14410000100001000010000  140                                          
L  1 9    9     9    51    619999988888     4                           
    0 3655    0    010000    010000  140                                
A  199999    1   49 9736   2                                            
    1    7                                                              
A  147381    2 5001 3654   6                                            
    8   -3    4   -2    6   -1                                          
A  199999    3   68 7404   2                                            
    2    5                                                              
A  199999    4 2278 1873   2                                            
    3   -9                                                              
H1 2    0    5    0    0   10 0506 0506                                 
L  2 4    1     0    00    00               2                           
 9323  593 9114  676                                                    
L  2 5    2     0    00    00               4                           
 7804 1753 8332 1116 8635 1104 9114  676                                
L  2 5    3     0    00    00               3                           
 9323  593 9845  34010000  447                                          
L  2 4    4     0    00    00               4                           
10000 1267 9837 1141 9732  925 9323  593                                
L  2 5    5     0    00    00               5                           
 9237 5226 9635 5206 9809 4987 9845 453010000 4370                      
H1 7    0    0    0    2    4 0506 0506                                 
P  7 1    1 6667 8000 0 1                                               
01 3 6667 8000              00  í|ïxí¨                                  
P  7 7    2 5877 9740 0 1                                               
01 3 5877 9740              00  êºï\ìá                                  
M 362337êºï\ëÂå¥              3   12   25   10    1  185                
H2 1   12   15   10    0  153 0506 0506                                 
N  1 1    110000 9729 1 3   -7    9   12    0    0    0    0    0    0  
N  1 1    210000 8613 1 3    7  -10  -11    0    0    0    0    0    0  
N  1 2    3  964 2509 0 2    1   -1    0    0    0    0    0    0    0  
N  1 2    4 2972 3494 0 2    2   -2    0    0    0    0    0    0    0  
N  1 2    5 2691 2576 0 2    3   -3    0    0    0    0    0    0    0  
N  1 2    6 3339 8204 0 2    4   -4    0    0    0    0    0    0    0  
N  1 2    7 2759 6990 0 2    5   -5    0    0    0    0    0    0    0  
N  1 2    8 2405 4680 0 2    6   -6    0    0    0    0    0    0    0  
N  1 1    9    0  140 1 3   13   11    8    0    0    0    0    0    0  
N  1 1   10 436010000 1 3   14  -13   -8    0    0    0    0    0    0  
N  1 1   11 955310000 1 3  -12  -15   -9    0    0    0    0    0    0  
N  1 1   12 731110000 1 3   15  -14   10    0    0    0    0    0    0  
L  1 5    1     0    30    304738199999    11                           
  964 2509  953 2539  939 2552  931 2547  929 2533  928 2506  936 2482  
  946 2471  958 2474  962 2482  964 2509                                
L  1 5    2     0    40    404738199999    15                           
 2972 3494 2968 3513 2937 3535 2923 3526 2911 3526 2881 3515 2875 3502  
 2876 3485 2888 3483 2908 3488 2932 3497 2944 3491 2954 3481 2970 3476  
 2972 3494                                                              
L  1 5    3     0    50    504738199999    11                           
 2691 2576 2687 2593 2669 2614 2651 2619 2635 2603 2635 2584 2647 2562  
 2671 2544 2689 2549 2691 2555 2691 2576                                
L  1 5    4     0    60    604738199999    15                           
 3339 8204 3347 8215 3377 8231 3391 8245 3397 8267 3393 8291 3363 8293  
 3321 8287 3303 8274 3281 8230 3281 8214 3295 8187 3313 8174 3322 8174  
 3339 8204                                                              
L  1 5    5     0    70    704738199999    12                           
 2759 6990 2747 7036 2747 7071 2741 7087 2731 7093 2717 7082 2711 7066  
 2709 6987 2716 6960 2722 6960 2758 6977 2759 6990                      
L  1 5    6     0    80    804738199999    17                           
 2405 4680 2407 4699 2405 4720 2391 4747 2384 4766 2376 4771 2362 4763  
 2345 4739 2341 4706 2343 4685 2341 4676 2347 4655 2361 4636 2391 4634  
 2395 4636 2403 4647 2405 4680                                          
L  1 9    7     9    21    114738188888     2                           
10000 861310000 9729                                                    
L  1 5    8     0    91   1014738199999   431                           
    0  140   85  139  151  145  253  149  379  166  425  180  517  222  
  557  249  569  268  592  407  653  597  669  632  720  847  719  882  
  690 1047  660 1093  635 1195  622 1255  621 1263  621 1276  619 1295  
  617 1321  616 1337  613 1361  609 1388  608 1402  609 1415  611 1429  
  616 1441  620 1453  626 1453  674 1415  869 1902  797 1947  833 2028  
  811 2033  774 2058  756 2052  730 2076  736 2090  738 2109  721 2141  
  733 2206  733 2244  724 2320  730 2360  754 2409  755 2458  769 2504  
  783 2529  787 2559  781 2580  761 2594  757 2588  738 2604  729 2580  
  717 2569  705 2566  668 2576  651 2565  630 2565  606 2578  554 2583  
  462 2628  440 2644  429 2666  435 2761  441 2801  458 2845  482 2870  
  468 2910  464 2945  470 2972  491 3010  523 3051  567 3117  621 3182  
  673 3197  743 3192  799 3203  829 3196  859 3196  889 3204  917 3205  
  929 3197  935 3161  946 3132  988 3105 1042 3092 1120 3109 1150 3112  
 1228 3154 1260 3157 1290 3168 1332 3176 1360 3169 1376 3169 1402 3156  
 1408 3148 1423 3112 1425 3015 1434 2966 1470 2910 1488 2891 1554 2911  
 1598 2895 1627 2879 1673 2874 1721 2875 1779 2864 1809 2854 1845 2833  
 1904 2774 1928 2742 1940 2701 1969 2577 1990 2526 2018 2488 2115 2410  
 2163 2376 2191 2344 2213 2349 2217 2355 2345 2408 2381 2430 2465 2512  
 2479 2542 2476 2571 2437 2736 2431 2788 2429 2839 2423 2861 2408 2887  
 2388 2912 2359 3009 2357 3063 2365 3117 2367 3158 2342 3222 2323 3306  
 2321 3363 2331 3425 2330 3474 2336 3488 2358 3518 2386 3545 2400 3564  
 2400 3570 2372 3580 2366 3591 2390 3629 2401 3748 2360 3802 2368 3827  
 2382 3843 2374 3924 2380 3959 2391 3997 2395 4060 2390 4160 2378 4195  
 2353 4308 2327 4368 2288 4443 2286 4473 2290 4511 2290 4557 2281 4603  
 2287 4624 2305 4638 2311 4654 2311 4692 2301 4722 2302 4803 2286 4863  
 2275 4911 2277 4952 2226 5041 2212 5095 2198 5127 2176 5146 2149 5159  
 2095 5213 2079 5237 2065 5242 2049 5255 2040 5285 2060 5331 2090 5367  
 2086 5413 2074 5429 2064 5432 2061 5448 2069 5470 2085 5497 2097 5529  
 2093 5546 2079 5567 2065 5578 2044 5602 2040 5629 2042 5640 2068 5694  
 2086 5762 2103 5784 2171 5809 2197 5826 2213 5858 2225 5899 2239 5923  
 2253 5929 2261 5970 2273 6000 2280 6043 2276 6062 2260 6097 2234 6140  
 2217 6226 2231 6248 2245 6284 2241 6308 2226 6346 2234 6378 2252 6408  
 2272 6414 2288 6425 2292 6455 2289 6509 2299 6531 2303 6533 2317 6528  
 2325 6534 2329 6553 2329 6582 2355 6593 2363 6591 2395 6607 2407 6629  
 2407 6635 2429 6648 2441 6648 2471 6641 2483 6690 2537 6723 2540 6755  
 2568 6804 2598 6845 2642 6862 2687 6968 2689 7003 2687 7038 2669 7060  
 2663 7060 2643 7073 2609 7081 2615 7086 2621 7086 2624 7113 2646 7151  
 2664 7168 2724 7290 2743 7318 2749 7337 2751 7383 2749 7396 2769 7464  
 2782 7497 2810 7624 2825 7665 2857 7725 2933 7839 2955 7864 2973 7870  
 3018 7897 3048 7906 3117 7914 3151 7934 3159 7942 3166 7988 3160 8023  
 3142 8039 3136 8039 3120 8023 3100 8012 3064 8017 3034 8035 3011 8060  
 2991 8095 2977 8149 2997 8401 3029 8441 3043 8480 3052 8569 3065 8550  
 3075 8526 3099 8529 3125 8551 3134 8602 3150 8605 3162 8600 3193 8595  
 3229 8571 3247 8566 3273 8604 3299 8604 3311 8599 3317 8604 3315 8642  
 3318 8664 3332 8667 3349 8651 3349 8588 3380 8451 3390 8440 3402 8437  
 3498 8465 3534 8468 3554 8455 3561 8423 3587 8407 3611 8377 3651 8310  
 3698 8248 3734 8181 3785 8111 3795 8103 3823 8090 3847 8074 3884 8001  
 3908 7958 3917 7907 3929 7858 3955 7807 3960 7755 3958 7709 3970 7680  
 3990 7666 4097 7646 4109 7638 4149 7592 4171 7582 4191 7560 4212 7517  
 4214 7482 4208 7439 4206 7401 4235 7349 4261 7336 4289 7334 4309 7350  
 4337 7413 4353 7424 4373 7427 4385 7451 4381 7459 4360 7464 4342 7475  
 4336 7502 4336 7535 4350 7559 4356 7559 4370 7570 4374 7584 4379 7676  
 4383 7708 4417 7755 4411 7771 4395 7792 4384 7836 4388 7871 4376 7906  
 4360 7925 4333 7941 4297 8005 4271 8037 4194 8096 4150 8142 4125 8193  
 4109 8247 4088 8401 4090 8471 4097 8515 4115 8572 4113 8610 4122 8678  
 4126 8683 4138 8678 4146 8680 4172 8700 4220 8757 4268 8787 4292 8815  
 4312 8845 4330 8864 4348 8861 4366 8810 4376 8772 4399 8740 4433 8724  
 4459 8716 4489 8719 4501 8736 4503 8795 4507 8817 4519 8822 4530 8839  
 4528 8866 4500 8876 4500 8882 4488 8906 4435 9103 4410 9173 4345 9265  
 4285 9340 4279 9353 4254 9483 4249 9553 4263 9616 4319 9673 4329 9700  
 4324 9722 4314 9743 4308 9816 4316 9838 4336 9871 4365 9939 4367 9950  
 4351 9969 4345 9982 4349 9998 436010000                                
L  1 5    9     0    11   1114738199999    10                           
10000 9729 9957 9718 9925 9725 9889 9749 9867 9771 9863 9768 9840 9773  
 9760 9816 9665 9891 955310000                                          
L  1 5   10     0   121    214738199999   134                           
 731110000 7275 9974 7247 9963 7217 9960 7123 9927 7115 9910 7119 9891  
 7117 9851 7113 9851 7055 9812 7013 9796 6955 9822 6927 9824 6915 9822  
 6889 9805 6855 9791 6827 9775 6797 9772 6760 9779 6718 9795 6588 9829  
 6525 9872 6485 9893 6455 9904 6443 9903 6427 9890 6405 9857 6337 9764  
 6312 9694 6296 9599 6277 9525 6275 9488 6279 9485 6323 9491 6355 9475  
 6385 9467 6383 9451 6402 9429 6400 9413 6422 9392 6448 9438 6450 9435  
 6466 9433 6482 9441 6510 9452 6560 9466 6642 9497 6658 9508 6766 9539  
 6848 9567 6896 9575 6940 9600 6988 9611 7042 9615 7090 9596 7115 9575  
 7121 9561 7123 9537 7117 9521 7105 9483 7121 9437 7136 9423 7162 9434  
 7184 9440 7204 9435 7252 9441 7442 9451 7528 9449 7773 9424 7811 9414  
 7832 9390 7842 9325 7854 9312 7908 9309 7932 9331 7962 9337 8014 9338  
 8129 9331 8229 9313 8251 9318 8265 9319 8275 9311 8303 9300 8504 9253  
 8588 9254 8821 9224 8867 9208 8905 9190 9002 9161 9052 9135 9086 9111  
 9143 9060 9175 9025 9189 8995 9204 8865 9205 8765 9187 8697 9183 8654  
 9190 8611 9220 8587 9230 8565 9226 8533 9226 8498 9239 8449 9261 8430  
 9323 8385 9357 8366 9418 8345 9448 8340 9480 8341 9502 8346 9518 8336  
 9536 8333 9560 8325 9592 8328 9598 8326 9612 8328 9616 8342 9630 8345  
 9638 8369 9652 8378 9680 8421 9690 8421 9698 8432 9716 8443 9720 8454  
 9738 8476 9768 8487 9780 8501 9828 8539 9862 8558 9950 8597 9968 8600  
10000 8613                                                              
L  1 9   11     9    91    219999988888     4                           
    0  140    0    010000    010000 8613                                
L  1 9   12     9    11   1119999988888     3                           
10000 97291000010000 955310000                                          
L  1 9   13     9    91   1018888847381     3                           
    0  140    010000 436010000                                          
L  1 9   14     9   101   1218888899999     2                           
 436010000 731110000                                                    
L  1 9   15     9   121   1118888847381     2                           
 731110000 955310000                                                    
A  147381    1 9512 9150   4                                            
   -7  -10   15   -9                                                    
A  199999    2 9856 9854   2                                            
    9  -12                                                              
A  199999    3 7901 5146  16                                            
  -11    8   14   10    0    6    0    5    0    4    0    3    0    2  
    0    1                                                              
A  147381    4  946 2510   1                                            
   -1                                                                   
A  147381    5 2923 3505   1                                            
   -2                                                                   
A  147381    6 2663 2581   1                                            
   -3                                                                   
A  147381    7 3332 8234   1                                            
   -4                                                                   
A  147381    8 2730 7026   1                                            
   -5                                                                   
A  147381    9 2374 4702   1                                            
   -6                                                                   
A  147381   10 1098 5128   2                                            
   13   -8                                                              
H1 2    0   10    0    0   27 0506 0506                                 
L  2 4    1     0    00    00              13                           
  672 3486  636 3430  625 3243  413 2922  395 2672  446 2523  448 2395  
  467 2373  627 2328  661 2260  517 1802  414 1710  304 1546            
L  2 5    2     0    00    00               3                           
 7433 9839 6768 9679 6412 9639                                          
L  2 5    3     0    00    00               4                           
 7433 9839 7687 9692 8721 9453 9272 9294                                
L  2 5    4     0    00    00               3                           
 9272 9294 9358 8948 9523 8656                                          
L  2 5    5     0    00    00               6                           
    0  447   47  479  301  539  503  708  583  947  304 1546            
L  2 4    6     0    00    00               3                           
  304 1546  242 1455    0 1267                                          
L  2 5    7     0    00    00               3                           
    0 4370  561 3793  672 3486                                          
L  2 5    8     0    00    00               2                           
 767010000 7433 9839                                                    
L  2 5    9     0    00    00               3                           
 9272 9294 9416 9706 927910000                                          
L  2 4   10     0    00    00              48                           
 347210000 3459 9965 3366 9867 3332 9763 3262 9705 3193 9611 3203 9514  
 3185 9267 3002 8542 2958 8105 2844 8048 2772 7897 2682 7460 2688 7291  
 2560 6972 2441 6917 2364 6808 2281 6753 2224 6635 2160 6584 2117 6333  
 2042 6194 2008 6078 1928 6010 1891 5924 1892 5540 1815 5380 1825 5262  
 1911 5048 1903 4943 1812 4827 1796 4731 1825 4590 1783 4440 1800 4325  
 1753 4196 1742 4053 1704 3955 1659 3895 1601 3882 1352 4019 1313 4019  
 1129 3809 1043 3744 1017 3671 1024 3563  978 3503  672 3486            
H1 7    0    0    0    1    2 0506 0506                                 
P  7 7    1 8420 9522 0 1                                               
01 3 8420 9522              00  è¨ïlìá                                  
M 362345ëDâYÉâêŒ              2   14   23   10    0  153                
H2 1   14   19   10    0  142 0506 0506                                 
N  1 2    1 6004 1023 0 2    1   -1    0    0    0    0    0    0    0  
N  1 2    2 8411 4808 0 2    2   -2    0    0    0    0    0    0    0  
N  1 2    3 8793 3239 0 2    3   -3    0    0    0    0    0    0    0  
N  1 2    4 9694 5784 0 2    4   -4    0    0    0    0    0    0    0  
N  1 1    510000 6444 1 3    5  -16  -10    0    0    0    0    0    0  
N  1 1    610000 5321 1 3   16   -5  -15    0    0    0    0    0    0  
N  1 1    710000 3959 1 3   15    6  -14    0    0    0    0    0    0  
N  1 1    810000 2684 1 3   14   -6  -13    0    0    0    0    0    0  
N  1 1    910000 1221 1 3   13    7  -12    0    0    0    0    0    0  
N  1 1   1010000  211 1 3   12   -7  -11    0    0    0    0    0    0  
N  1 1   11 8454    0 1 3   11    8  -19    0    0    0    0    0    0  
N  1 1   12 7718    0 1 3   19   -8  -18    0    0    0    0    0    0  
N  1 1   13 6875    0 1 3   18    9  -17    0    0    0    0    0    0  
N  1 1   14 6250    0 1 3   17   -9   10    0    0    0    0    0    0  
L  1 5    1     0    10    104738199999    15                           
 6004 1023 6005 1020 5981 1030 5972 1026 5951 1034 5945 1032 5918 1009  
 5915  997 5923  980 5937  974 5998  967 6017  975 6023  996 6021 1005  
 6004 1023                                                              
L  1 5    2     0    20    204738199999   102                           
 8411 4808 8406 4823 8387 4858 8336 4916 8318 4975 8297 4993 8277 4996  
 8217 5014 8209 5042 8196 5065 8141 5124 8122 5130 8096 5114 8054 5094  
 8029 5059 7902 5038 7868 5024 7786 5000 7745 4977 7708 4951 7677 4943  
 7640 4925 7595 4895 7544 4876 7461 4852 7386 4843 7361 4863 7318 4874  
 7286 4873 7264 4846 7195 4774 7162 4762 7124 4721 7068 4611 7032 4504  
 7007 4387 7006 4335 7011 4293 7009 4245 7012 4138 7023 4082 7027 4030  
 7058 3951 7084 3917 7136 3854 7195 3802 7210 3794 7225 3798 7240 3778  
 7283 3693 7332 3638 7367 3615 7390 3594 7444 3540 7470 3443 7496 3407  
 7554 3377 7604 3328 7625 3343 7630 3424 7639 3459 7660 3480 7698 3481  
 7715 3471 7756 3420 7776 3402 7792 3397 7801 3405 7793 3420 7760 3465  
 7705 3573 7690 3623 7699 3697 7703 3780 7709 3839 7716 3857 7721 3908  
 7735 3951 7732 3996 7749 4174 7761 4255 7813 4432 7842 4489 7863 4542  
 7918 4629 7968 4681 8001 4703 8037 4717 8136 4742 8162 4745 8207 4738  
 8232 4730 8254 4715 8289 4616 8307 4606 8328 4600 8375 4599 8392 4604  
 8410 4620 8418 4666 8420 4750 8411 4808                                
L  1 5    3     0    30    304738199999   136                           
 8793 3239 8792 3264 8781 3279 8660 3384 8640 3388 8599 3378 8585 3353  
 8566 3285 8537 3217 8520 3104 8509 3075 8510 3078 8494 3071 8427 3064  
 8392 3071 8294 3117 8227 3146 8170 3180 8153 3210 8133 3308 8124 3321  
 8111 3321 8084 3310 8065 3286 8056 3260 8046 3180 8046 3126 8073 2908  
 8072 2845 8047 2811 8062 2748 8060 2695 8055 2610 8078 2516 8095 2487  
 8119 2456 8139 2435 8155 2426 8265 2378 8301 2355 8327 2323 8347 2275  
 8368 2214 8385 2151 8393 2129 8464 2026 8490 1970 8531 1860 8562 1838  
 8586 1832 8601 1806 8616 1771 8648 1727 8678 1706 8752 1691 8777 1674  
 8816 1618 8834 1577 8860 1550 8887 1504 8909 1471 8944 1447 8980 1431  
 9028 1377 9060 1363 9090 1340 9146 1271 9173 1246 9182 1242 9231 1176  
 9241 1167 9328 1072 9374 1027 9377 1020 9404 1008 9450  999 9474 1009  
 9518 1044 9609 1200 9641 1231 9667 1241 9681 1262 9682 1306 9667 1356  
 9662 1398 9671 1482 9663 1508 9619 1562 9599 1620 9608 1658 9621 1667  
 9647 1669 9669 1679 9673 1700 9665 1742 9654 1755 9622 1781 9624 1802  
 9647 1911 9633 1954 9625 1997 9610 2019 9560 2072 9483 2131 9452 2166  
 9446 2181 9445 2218 9449 2276 9427 2335 9422 2373 9411 2394 9395 2412  
 9381 2435 9308 2522 9289 2530 9279 2524 9253 2521 9103 2562 9019 2575  
 8953 2601 8907 2626 8821 2684 8788 2712 8728 2772 8665 2850 8650 2882  
 8619 2987 8614 3040 8619 3076 8627 3091 8644 3103 8673 3111 8728 3118  
 8740 3130 8771 3180 8793 3239                                          
L  1 5    4     0    40    404738199999    14                           
 9694 5784 9697 5777 9707 5766 9725 5776 9732 5785 9742 5804 9727 5827  
 9710 5842 9698 5841 9687 5845 9676 5845 9673 5837 9675 5825 9694 5784  
L  1 5    5     0    51    614738199999    55                           
10000 6444 9961 6443 9895 6454 9873 6462 9839 6557 9826 6566 9809 6603  
 9802 6664 9800 6719 9805 6754 9802 6777 9797 6788 9762 6792 9724 6771  
 9678 6761 9632 6764 9626 6769 9587 6770 9574 6778 9560 6775 9566 6629  
 9570 6590 9568 6549 9546 6467 9522 6391 9510 6340 9511 6306 9520 6260  
 9543 6201 9576 6179 9583 6146 9583 6102 9586 6086 9593 6073 9600 6073  
 9614 6090 9628 6117 9647 6133 9671 6133 9700 6139 9723 6153 9734 6175  
 9744 6187 9767 6188 9786 6176 9807 6151 9825 6111 9856 6005 9888 5848  
 9938 5694 9949 5650 9952 5563 9947 5455 9978 537910000 5321            
L  1 5    6     0    71    814738199999    43                           
10000 3959 9865 3874 9832 3839 9778 3792 9743 3769 9703 3759 9672 3759  
 9640 3769 9625 3778 9622 3777 9609 3808 9594 3824 9592 3772 9580 3746  
 9560 3723 9557 3693 9565 3665 9564 3630 9554 3606 9556 3585 9576 3534  
 9591 3514 9603 3397 9623 3361 9643 3342 9653 3301 9686 3239 9689 3196  
 9698 3167 9734 3116 9765 3019 9796 2987 9800 2962 9772 2850 9758 2823  
 9737 2790 9748 2762 9834 2666 9839 2637 9927 2663 9930 2660 9959 2679  
10000 2684                                                              
L  1 5    7     0    91   1014738199999    43                           
10000 1221 9982 1168 9964 1126 9947 1098 9927 1075 9904 1063 9887 1063  
 9855 1052 9844 1032 9839  991 9853  967 9875  952 9882  938 9880  907  
 9872  882 9867  875 9848  863 9816  863 9794  859 9753  793 9702  670  
 9687  641 9674  627 9670  613 9691  558 9711  556 9732  557 9738  540  
 9758  524 9765  516 9785  505 9804  452 9812  409 9833  395 9851  392  
 9856  380 9860  338 9880  323 9913  308 9934  287 9946  260 9966  237  
10000  211                                                              
L  1 5    8     0   111   1214738199999    41                           
 8454    0 8460   98 8468  118 8479  145 8482  207 8496  257 8494  291  
 8468  369 8470  395 8488  457 8484  490 8457  529 8403  590 8314  679  
 8273  708 8242  725 8191  733 8130  723 8105  735 8100  717 8102  700  
 8098  674 8061  580 8060  542 8075  505 8088  432 8085  415 8063  371  
 8037  334 7948  228 7912  197 7871  172 7836  166 7806  171 7790  167  
 7732   96 7706   40 7707   23 7713   15 7720   10 7718    0            
L  1 5    9     0   131   1414738199999    67                           
 6875    0 6845   48 6820   76 6801   94 6761  164 6685  216 6603  297  
 6585  326 6582  342 6597  388 6600  417 6589  543 6581  588 6564  631  
 6522  715 6431  900 6425  917 6421  952 6434  985 6466 1042 6487 1071  
 6541 1120 6574 1149 6593 1176 6602 1212 6606 1257 6600 1287 6583 1311  
 6568 1318 6551 1320 6529 1333 6510 1350 6494 1381 6478 1456 6473 1469  
 6451 1495 6424 1515 6402 1524 6392 1515 6390 1491 6399 1446 6394 1426  
 6384 1411 6308 1360 6199 1267 6183 1271 6165 1271 6155 1264 6134 1197  
 6124 1136 6127 1101 6136 1070 6170 1028 6187  995 6214  958 6214  843  
 6219  794 6218  624 6190  566 6170  475 6167  376 6173  280 6193  191  
 6199  113 6209   79 6238   19 6250    0                                
L  1 9   10     9   141    518888899999     5                           
 6250    0    0    0    010000100001000010000 6444                      
L  1 9   11     9   111   1019999988888     3                           
 8454    010000    010000  211                                          
L  1 9   12     9   101    914738188888     2                           
10000  21110000 1221                                                    
L  1 9   13     9    91    819999988888     2                           
10000 122110000 2684                                                    
L  1 9   14     9    81    714738188888     2                           
10000 268410000 3959                                                    
L  1 9   15     9    71    619999988888     2                           
10000 395910000 5321                                                    
L  1 9   16     9    61    514738188888     2                           
10000 532110000 6444                                                    
L  1 9   17     9   141   1314738188888     2                           
 6250    0 6875    0                                                    
L  1 9   18     9   131   1219999988888     2                           
 6875    0 7718    0                                                    
L  1 9   19     9   121   1114738188888     2                           
 7718    0 8454    0                                                    
A  147381    1 5969 1000   1                                            
   -1                                                                   
A  147381    2 7384 4245   1                                            
   -2                                                                   
A  147381    3 8912 2180   1                                            
   -3                                                                   
A  147381    4 9713 5804   1                                            
   -4                                                                   
A  199999    5 3751 3404  18                                            
    5  -15    6  -13    7  -11    8  -18    9   10    0    1    0    2  
    0    3    0    4                                                    
A  147381    6 9920 6058   2                                            
  -16   -5                                                              
A  147381    7 9827 3298   2                                            
  -14   -6                                                              
A  147381    8 9861  720   2                                            
  -12   -7                                                              
A  147381    9 8264  366   2                                            
  -19   -8                                                              
A  147381   10 6359  760   2                                            
  -17   -9                                                              
H1 2    0    4    0    0    9 0506 0506                                 
L  2 4    1     1    00    00               4                           
 9894 3625 9853 3474 9847 3293 9893 2934                                
L  2 4    2     0    00    00               3                           
 9893 2934 9911 269010000 2712                                          
L  2 4    3     0    00    00               4                           
10000 3774 9999 3773 9932 3696 9894 3625                                
L  2 4    4     0    00    00               8                           
10000 5413 9968 5495 9958 5666 9897 5891 9910 5977 9907 6275 9941 6315  
10000 6333                                                              
M 362346ëDâY                  2   15   27   11    0  182                
H2 1   15   20   11    0  154 0506 0506                                 
N  1 2    1 1824 9785 0 2    1   -1    0    0    0    0    0    0    0  
N  1 2    2 9596 8158 0 2    2   -2    0    0    0    0    0    0    0  
N  1 2    3 9411 8130 0 2    3   -3    0    0    0    0    0    0    0  
N  1 2    4 5859 9738 0 2    4   -4    0    0    0    0    0    0    0  
N  1 2    5 5609 9869 0 2    5   -5    0    0    0    0    0    0    0  
N  1 1    6 201810000 1 3    6  -17   18    0    0    0    0    0    0  
N  1 1    7    0 6444 1 3   -6   17  -16    0    0    0    0    0    0  
N  1 1    8    0 5321 1 3   16  -15    7    0    0    0    0    0    0  
N  1 1    9    0 3959 1 3   -7   15  -14    0    0    0    0    0    0  
N  1 1   10    0 2684 1 3    8   14  -13    0    0    0    0    0    0  
N  1 1   11    0 1221 1 3   -8   13  -12    0    0    0    0    0    0  
N  1 1   12    0  211 1 3   12  -11    9    0    0    0    0    0    0  
N  1 1   13  144    0 1 3   20   -9   11    0    0    0    0    0    0  
N  1 1   1410000 7958 1 3  -19   10  -20    0    0    0    0    0    0  
N  1 1   15 414610000 1 3   19  -18  -10    0    0    0    0    0    0  
L  1 5    1     0    10    104738199999    16                           
 1824 9785 1820 9780 1811 9768 1811 9746 1824 9721 1871 9672 1889 9674  
 1917 9666 1935 9668 1939 9682 1920 9731 1907 9750 1893 9762 1890 9797  
 1880 9810 1824 9785                                                    
L  1 5    2     0    20    204738199999    16                           
 9596 8158 9570 8184 9559 8191 9552 8191 9542 8183 9505 8176 9500 8166  
 9512 8159 9521 8140 9541 8136 9558 8118 9568 8115 9611 8122 9612 8135  
 9602 8146 9596 8158                                                    
L  1 5    3     0    30    304738199999    16                           
 9411 8130 9401 8120 9401 8113 9414 8097 9431 8086 9453 8101 9462 8104  
 9476 8094 9497 8101 9509 8109 9515 8122 9502 8133 9466 8136 9439 8146  
 9418 8139 9411 8130                                                    
L  1 5    4     0    40    404738199999    21                           
 5859 9738 5848 9780 5848 9796 5842 9816 5822 9827 5808 9843 5775 9843  
 5751 9861 5743 9858 5723 9822 5724 9809 5731 9803 5754 9806 5776 9761  
 5784 9758 5803 9759 5832 9715 5839 9708 5853 9711 5858 9717 5859 9738  
L  1 5    5     0    50    504738199999    13                           
 5609 9869 5617 9862 5641 9855 5646 9859 5649 9872 5645 9891 5629 9909  
 5613 9904 5603 9913 5595 9936 5589 9936 5578 9889 5609 9869            
L  1 5    6     0    61    714738199999    82                           
 201810000 2015 9999 1976 9845 1948 9638 1882 9600 1862 9587 1838 9591  
 1807 9608 1788 9606 1751 9568 1720 9545 1640 9513 1584 9497 1554 9502  
 1506 9577 1487 9573 1455 9577 1438 9567 1424 9540 1422 9515 1412 9501  
 1341 9441 1257 9381 1210 9357 1102 9321 1059 9336 1040 9321 1016 9267  
 1010 9241 1019 9225 1034 9168 1039 9138 1035 9111 1018 9091  988 9025  
  974 8986  966 8926  979 8872  980 8849  928 8763  913 8722  897 8691  
  845 8636  834 8619  814 8573  791 8494  771 8466  722 8417  683 8392  
  642 8353  575 8283  524 8243  463 8210  378 8136  363 8109  343 8057  
  272 7984  240 7956  221 7929  204 7829  198 7721  204 7685  218 7666  
  276 7610  300 7583  332 7510  392 7319  419 7265  449 7237  458 7220  
  469 7070  458 6937  428 6780  402 6675  382 6618  333 6510  323 6491  
  255 6514  220 6518  159 6506   48 6459    0 6444                      
L  1 5    7     0    81    914738199999    20                           
    0 5321    7 5304   28 5286   64 5267   94 5244  139 5184  157 5172  
  198 5087  239 4992  322 4823  344 4761  351 4680  349 4530  337 4407  
  320 4335  303 4293  241 4195  142 4065  114 4038    0 3959            
L  1 5    8     0   101   1114738199999    89                           
    0 2684   11 2686   17 2678   34 2676   40 2687   55 2696   93 2707  
  122 2710  190 2703  196 2660  249 2643  281 2624  296 2605  315 2596  
  330 2594  331 2588  327 2561  334 2544  370 2500  364 2496  316 2512  
  307 2505  303 2486  287 2469  279 2454  274 2435  301 2404  307 2388  
  297 2335  300 2292  314 2203  315 2173  327 2151  349 2128  360 2086  
  383 2059  392 2036  391 1998  400 1959  400 1890  418 1825  440 1767  
  487 1745  536 1698  555 1695  580 1684  600 1660  640 1600  656 1580  
  686 1558  706 1526  763 1468  814 1393  845 1380  855 1274  794 1243  
  753 1220  720 1207  686 1204  644 1214  535 1263  498 1283  452 1295  
  408 1298  379 1305  347 1319  330 1333  224 1484  213 1503  183 1512  
  174 1524  171 1541  156 1547  135 1550  107 1538   88 1545   79 1554  
   71 1550   59 1526   53 1506   58 1484   96 1438  106 1415  108 1401  
   99 1380   84 1358   42 1315   12 1258    0 1221                      
L  1 5    9     0   121   1314738199999    10                           
    0  211   21  200   53  201   66  193   93  157  109  150  121  138  
  131  108  144    3  144    0                                          
L  1 5   10     0   141   1514738199999   300                           
10000 7958 9985 7981 9961 7977 9947 7980 9942 7993 9925 7995 9911 7977  
 9878 7964 9863 7961 9832 7967 9804 7998 9789 8010 9768 8020 9745 8039  
 9726 8061 9706 8069 9690 8067 9671 8051 9663 8038 9599 8037 9586 8027  
 9580 8008 9579 7815 9567 7707 9555 7664 9500 7534 9485 7488 9480 7460  
 9483 7406 9510 7293 9503 7254 9471 7192 9432 7132 9377 7084 9351 7056  
 9321 7016 9301 6996 9269 6970 9238 6917 9204 6922 9191 6916 9179 6904  
 9169 6918 9142 6933 9098 6946 9081 6948 9070 6911 9060 6890 9045 6872  
 9039 6879 9033 6908 9026 6922 9006 6945 8893 7033 8831 7084 8791 7106  
 8717 7141 8701 7164 8640 7224 8586 7266 8537 7315 8521 7336 8496 7379  
 8480 7422 8481 7432 8493 7448 8506 7483 8509 7502 8494 7583 8498 7728  
 8490 7797 8496 7843 8486 7856 8475 7863 8460 7867 8413 7859 8405 7863  
 8365 7912 8344 7927 8319 7919 8293 7909 8218 7955 8162 7977 8139 8000  
 8122 7999 8090 7989 8054 8026 8049 8025 8043 8014 8008 8018 7987 8050  
 7954 7995 7932 7966 7924 7949 7905 7947 7884 7950 7871 7966 7859 7963  
 7843 7948 7780 7928 7746 7911 7726 7893 7707 7869 7682 7822 7675 7792  
 7663 7792 7564 7831 7388 7887 7254 7933 7100 8056 7042 8124 6902 8250  
 6810 8321 6793 8341 6775 8384 6745 8438 6736 8440 6726 8436 6715 8422  
 6701 8379 6695 8348 6663 8260 6652 8179 6624 8156 6605 8148 6565 8142  
 6555 8149 6544 8165 6535 8162 6530 8176 6520 8146 6509 8127 6513 8103  
 6523 8083 6527 7927 6496 7764 6496 7719 6511 7666 6510 7628 6496 7569  
 6471 7503 6465 7478 6464 7455 6469 7426 6465 7399 6399 7292 6389 7311  
 6375 7325 6359 7318 6322 7245 6309 7228 6247 7172 6194 7144 6165 7144  
 6090 7162 6064 7176 6044 7199 6038 7227 6032 7284 6021 7315 6011 7319  
 5980 7311 5968 7312 5919 7332 5909 7332 5897 7327 5891 7319 5886 7286  
 5890 7237 5914 7198 5586 7319 5580 7290 5912 7170 5917 7152 5916 7053  
 5909 6966 5887 6862 5866 6766 5869 6713 5871 6652 5883 6601 5883 6566  
 5878 6543 5871 6528 5832 6518 5819 6509 5805 6487 5804 6506 5798 6528  
 5789 6544 5772 6562 5737 6572 5722 6573 5705 6570 5654 6546 5578 6479  
 5537 6459 5500 6454 5488 6448 5475 6438 5464 6439 5437 6489 5439 6517  
 5441 6584 5440 6680 5418 6696 5406 6701 5394 6712 5377 6749 5370 6804  
 5365 6821 5354 6826 5347 6821 5333 6788 5331 6779 5293 6764 5289 6766  
 5250 6839 5161 6984 5099 7089 5003 7239 4887 7484 4877 7515 4859 7606  
 4851 7623 4847 7626 4870 7695 4882 7737 4888 7738 4898 7722 4899 7694  
 4886 7559 4885 7534 4889 7522 4917 7511 4929 7498 5009 7484 5227 7404  
 5299 7382 5314 7383 5333 7390 5455 7337 5461 7365 5333 7416 5333 7412  
 4991 7543 4964 7598 4950 7665 4937 7811 4936 7873 4947 7977 4957 8012  
 4997 8075 5014 8092 5033 8084 5050 8134 5064 8128 5079 8178 5062 8189  
 5083 8288 5089 8322 5128 8380 5152 8454 5172 8570 5173 8611 5164 8632  
 5110 8715 5096 8753 5088 8792 5088 8823 5081 8843 5058 8858 5003 8876  
 4920 8895 4880 8907 4768 8976 4672 9020 4628 9033 4556 9075 4441 9151  
 4391 9187 4309 9260 4281 9291 4222 9376 4185 9448 4164 9511 4137 9563  
 4086 9643 4072 9714 4064 9745 4066 9762 4083 9810 4085 9844 4090 9868  
 4102 9885 4129 9902 4138 9918 4143 9948 4142 9999 414610000            
L  1 9   11     9   131   1218888899999     3                           
  144    0    0    0    0  211                                          
L  1 9   12     9   121   1118888847381     2                           
    0  211    0 1221                                                    
L  1 9   13     9   111   1018888899999     2                           
    0 1221    0 2684                                                    
L  1 9   14     9   101    918888847381     2                           
    0 2684    0 3959                                                    
L  1 9   15     9    91    818888899999     2                           
    0 3959    0 5321                                                    
L  1 9   16     9    81    718888847381     2                           
    0 5321    0 6444                                                    
L  1 9   17     9    71    618888899999     3                           
    0 6444    010000 201810000                                          
L  1 9   18     9    61   1518888847381     2                           
 201810000 414610000                                                    
L  1 9   19     9   151   1418888899999     3                           
 414610000100001000010000 7958                                          
L  1 9   20     9   131   1414738188888     3                           
  144    010000    010000 7958                                          
A  147381    1 1866 9736   1                                            
   -1                                                                   
A  147381    2 9557 8152   1                                            
   -2                                                                   
A  147381    3 9457 8116   1                                            
   -3                                                                   
A  147381    4 5806 9784   1                                            
   -4                                                                   
A  147381    5 5611 9894   1                                            
   -5                                                                   
A  199999    6  250 8230   4                                            
    6   17    0    1                                                    
A  147381    7 5099 5088  10                                            
   18  -10  -20   -9   12   -8   14   -7   16   -6                      
A  199999    8  175 4634   2                                            
    7   15                                                              
A  199999    9  200 1956   2                                            
    8   13                                                              
A  199999   10   66  108   2                                            
    9   11                                                              
A  199999   11 8218 8188  10                                            
   10   19    0    2    0    3    0    4    0    5                      
H1 2    0    7    0    0   26 0506 0506                                 
L  2 5    1     0    00    00              27                           
    0 2712   97 2735   86 2762   20 2777   34 2810   71 2815   86 2832  
   92 2915  135 2990  155 2995  181 2973  200 2907  220 2902  277 2946  
  363 2906  479 3103  463 3258  520 3366  512 3432  525 3516  475 3588  
  426 3788  468 3911  569 4044  550 4113  459 4232  385 4509            
L  2 4    2     0    00    00               8                           
  385 4509  335 4191  292 4117  288 4014  215 3907  209 3867  166 3861  
    0 3774                                                              
L  2 4    3     0    00    00               5                           
  385 4509  383 4721  169 5191   39 5313    0 5413                      
L  2 4    4     0    00    00              20                           
    0 6333  212 6398  358 6475  448 6552  639 6889  825 7029 1250 7082  
 1810 7400 2039 7631 2356 8080 2358 8142 2311 8340 2339 8562 2329 8744  
 2353 8830 2454 8965 2478 9095 2433 9691 2331 9968 233110000            
L  2 4    5     0    00    00               2                           
 3997 9770 393810000                                                    
L  2 4    6     0    00    00               4                           
 400110000 4008 9913 4045 9857 3997 9770                                
L  2 4    7     0    00    00              46                           
 3997 9770 4049 9563 4146 9429 4202 9297 4552 9012 4641 8971 4712 8841  
 4712 8728 4670 8544 4752 8500 4790 8448 4817 8290 4905 8246 5016 8132  
 4936 8030 4911 7870 4928 7548 5240 7432 6114 7108 6293 7125 6447 7334  
 6553 7526 6545 7855 6591 7968 6752 8176 6843 8189 6942 8127 7272 7839  
 7575 7728 7648 7748 7787 7884 7934 7896 8047 7873 8196 7714 8313 7627  
 8550 7221 8674 7114 8940 6941 9095 6807 9269 6823 9481 6905 9533 6945  
 9684 7269 9799 7366 9904 740810000 7374                                
M 362347î¸å¥                  3    8   19    6    1  150                
H2 1    8   11    6    0  116 0506 0506                                 
N  1 1    110000 3498 1 3    1   -4   -7    0    0    0    0    0    0  
N  1 1    210000 2867 1 3    4   -1   -8    0    0    0    0    0    0  
N  1 2    3 4957  695 0 2    2   -2    0    0    0    0    0    0    0  
N  1 2    4 5618 3680 0 2    3   -3    0    0    0    0    0    0    0  
N  1 1    5 4360    0 1 3   10    5    9    0    0    0    0    0    0  
N  1 1    6    0 7958 1 3    7   -9   -5    0    0    0    0    0    0  
N  1 1    7 9553    0 1 3    8    6  -11    0    0    0    0    0    0  
N  1 1    8 7311    0 1 3   11   -6  -10    0    0    0    0    0    0  
L  1 5    1     0    11    214738199999    30                           
10000 3498 9979 3474 9965 3450 9958 3425 9952 3417 9908 3390 9862 3357  
 9836 3340 9814 3291 9806 3294 9796 3277 9796 3264 9788 3245 9788 3231  
 9778 3218 9772 3199 9781 3183 9779 3169 9783 3153 9791 3145 9813 3102  
 9827 3048 9838 2978 9842 2969 9888 2932 9910 2924 9918 2924 9953 2914  
 9985 288710000 2867                                                    
L  1 5    2     0    30    304738199999    42                           
 4957  695 4997  795 5018  896 5024  942 5018  982 4993 1036 4981 1052  
 4957 1109 4946 1144 4938 1152 4922 1144 4911 1100 4883 1054 4873 1003  
 4872  910 4896  840 4900  800 4895  783 4885  778 4859  778 4800  785  
 4774  785 4742  768 4690  724 4650  724 4613  686 4577  637 4567  618  
 4565  601 4567  582 4606  518 4610  488 4612  464 4616  445 4630  440  
 4646  440 4696  448 4796  493 4834  526 4880  578 4941  676 4957  695  
L  1 5    3     0    40    404738199999    28                           
 5618 3680 5610 3699 5600 3701 5578 3690 5554 3660 5544 3665 5558 3706  
 5548 3717 5532 3703 5500 3657 5483 3611 5479 3518 5467 3489 5465 3475  
 5446 3429 5440 3375 5446 3326 5460 3296 5473 3291 5490 3316 5526 3397  
 5538 3441 5553 3489 5607 3544 5631 3574 5635 3599 5633 3623 5618 3680  
L  1 9    4     9    21    114738188888     2                           
10000 286710000 3498                                                    
L  1 5    5     0    51    614738199999   291                           
 4360    0 4360   20 4364   31 4376   33 4392   47 4392   63 4370   98  
 4365  147 4355  187 4347  201 4329  217 4325  228 4315  238 4292  284  
 4286  328 4280  344 4266  357 4254  362 4250  379 4254  389 4264  400  
 4270  417 4271  446 4285  512 4266  628 4268  652 4282  674 4304  750  
 4335  826 4401  927 4413  938 4437  949 4445  957 4432 1014 4456  984  
 4468  985 4486  996 4546 1042 4572 1078 4584 1110 4586 1129 4576 1159  
 4537 1205 4535 1286 4547 1275 4549 1213 4584 1165 4602 1157 4626 1151  
 4640 1154 4674 1187 4690 1190 4698 1182 4716 1161 4760 1204 4774 1223  
 4775 1248 4849 1281 4877 1306 4887 1349 4923 1439 4940 1469 4948 1466  
 4989 1469 5005 1453 5025 1445 5041 1456 5045 1475 5042 1502 5044 1578  
 5060 1652 5075 1744 5093 1793 5104 1869 5114 1901 5128 1926 5156 1950  
 5172 1945 5178 1951 5182 1975 5160 2002 5147 2050 5145 2123 5160 2289  
 5153 2394 5167 2500 5178 2562 5208 2595 5230 2606 5242 2606 5272 2601  
 5280 2604 5290 2615 5304 2653 5328 2702 5338 2710 5364 2748 5371 2870  
 5367 2892 5348 2946 5342 3013 5345 3114 5337 3133 5333 3160 5314 3251  
 5300 3303 5280 3330 5219 3367 5205 3383 5193 3391 5177 3388 5157 3380  
 5123 3368 5009 3394 4939 3369 4899 3366 4779 3368 4704 3375 4598 3376  
 4508 3392 4432 3385 4345 3390 4293 3406 4167 3448 4133 3453 4119 3458  
 4094 3460 4062 3476 3992 3511 3920 3507 3912 3513 3906 3526 3873 3637  
 3883 3656 3887 3677 3883 3696 3868 3734 3848 3766 3834 3780 3741 3874  
 3709 3917 3658 3976 3624 4021 3593 4097 3579 4156 3577 4229 3584 4340  
 3593 4413 3595 4468 3560 4635 3544 4686 3523 4767 3519 4800 3512 4943  
 3508 4946 3500 4943 3488 4927 3472 4927 3456 4937 3408 4980 3389 4991  
 3355 4996 3349 5004 3303 5036 3186 5124 3150 5170 3075 5245 3071 5250  
 3035 5285 3017 5293 2989 5295 2979 5300 2954 5338 2914 5365 2801 5423  
 2779 5444 2751 5463 2729 5485 2696 5528 2686 5557 2700 5593 2702 5612  
 2702 5644 2688 5663 2659 5676 2629 5668 2609 5667 2531 5710 2424 5758  
 2390 5765 2362 5784 2348 5787 2340 5781 2298 5732 2260 5694 2204 5674  
 2188 5663 2167 5636 2159 5630 2115 5570 2101 5567 2087 5578 2038 5596  
 2004 5604 1894 5638 1872 5652 1759 5759 1735 5794 1722 5818 1714 5848  
 1702 5923 1696 5939 1679 5955 1667 5953 1651 5955 1631 5968 1607 5993  
 1591 5995 1573 6003 1539 6008 1501 6027 1485 6021 1485 6018 1471 6016  
 1436 6021 1427 6002 1423 5877 1413 5847 1382 5798 1362 5779 1342 5749  
 1318 5703 1304 5692 1264 5688 1224 5680 1180 5663 1156 5639 1118 5592  
 1094 5573 1086 5576 1070 5608 1054 5621 1054 5654 1068 5667 1068 5689  
 1057 5719 1041 5746  989 5834  968 5891  950 5894  912 5907  900 5920  
  892 5936  837 6012  801 6055  756 6095  712 6138  686 6181  675 6256  
  658 6354  616 6445  587 6583  584 6643  606 6746  629 6830  627 6914  
  586 7092  585 7171  582 7309  602 7366  611 7431  609 7474  621 7482  
  625 7501  619 7515  607 7515  597 7506  589 7520  508 7606  442 7656  
  383 7683  353 7691  329 7701  299 7723  224 7787  208 7795  174 7797  
  164 7805  102 7842   41 7893    0 7958                                
L  1 5    6     0    71    814738199999   148                           
 9553    0 9528   22 9496   59 9403  188 9330  325 9296  417 9287  452  
 9268  617 9256  695 9262  739 9277  796 9315  869 9323  872 9345  864  
 9375  859 9415  876 9446  841 9457  854 9477  892 9459  919 9461  930  
 9449  941 9469  952 9485  939 9491  941 9507  969 9525  980 9569  975  
 9605  964 9615  964 9619  997 9601 1002 9585  988 9567  994 9565 1007  
 9575 1013 9576 1072 9556 1077 9544 1085 9500 1131 9484 1144 9415 1217  
 9270 1358 9182 1431 9047 1545 9000 1591 8920 1647 8877 1703 8853 1722  
 8829 1749 8789 1770 8771 1781 8754 1802 8738 1816 8706 1834 8700 1831  
 8672 1842 8650 1866 8628 1882 8610 1887 8602 1882 8495 1935 8471 1940  
 8447 1937 8431 1942 8419 1958 8399 1977 8379 1979 8347 1976 8315 1979  
 8266 1995 8246 2016 8228 2016 8178 2023 8156 2034 8154 2047 8116 2074  
 8073 2084 8053 2082 8047 2076 8029 2070 7999 2078 7949 2080 7915 2075  
 7889 2042 7853 2014 7815 2009 7729 1945 7698 1913 7674 1893 7636 1879  
 7608 1863 7570 1857 7534 1840 7526 1832 7486 1829 7452 1799 7424 1766  
 7384 1747 7354 1725 7326 1695 7302 1676 7288 1651 7295 1608 7295 1578  
 7271 1535 7221 1491 7205 1453 7194 1374 7198 1333 7206 1293 7255 1234  
 7307 1153 7372 1081 7446 1028 7485  985 7537  907 7537  890 7529  871  
 7530  852 7548  834 7568  831 7586  840 7596  823 7606  783 7612  772  
 7624  772 7632  778 7638  770 7655  716 7677  697 7691  670 7705  608  
 7692  570 7680  527 7674  475 7699  335 7717  294 7719  273 7710  224  
 7692  215 7672  196 7644  147 7630  131 7496   97 7428   85 7406   72  
 7311    0                                                              
L  1 9    7     9    61    118888899999     4                           
    0 7958    010000100001000010000 3498                                
L  1 9    8     9    71    219999988888     3                           
 9553    010000    010000 2867                                          
L  1 9    9     9    51    618888847381     3                           
 4360    0    0    0    0 7958                                          
L  1 9   10     9    51    819999988888     2                           
 4360    0 7311    0                                                    
L  1 9   11     9    81    714738188888     2                           
 7311    0 9553    0                                                    
A  199999    1 6855 3916  10                                            
    1   -8    6  -10    5    7    0    3    0    2                      
A  147381    2 9890 3184   2                                            
   -4   -1                                                              
A  147381    3 4948  795   1                                            
   -2                                                                   
A  147381    4 5520 3504   1                                            
   -3                                                                   
A  147381    5 1830 3974   2                                            
    9   -5                                                              
A  147381    6 8494 1052   2                                            
  -11   -6                                                              
H1 2    0    8    0    0   29 0506 0506                                 
L  2 4    1     0    00    00               6                           
 8614  390 8800  279 8950  258 9085  307 9117  354 9212  397            
L  2 4    2     0    00    00               2                           
 9493 1024 9544 1014                                                    
L  2 5    3     0    00    00               8                           
 9493 1024 9185 1074 9049 1260 7755 1552 7678 1127 7745  768 8325  662  
 8334  450                                                              
L  2 5    4     0    00    00               2                           
 8334  450 8614  390                                                    
L  2 4    5     0    00    00               6                           
 9212  397 9223  735 9272  860 9298  882 9389  890 9493 1024            
L  2 5    6     0    00    00               5                           
 8334  450 8199  463 7996  343 7726   38 7670    0                      
L  2 5    7     0    00    00               3                           
 9279    0 9243   78 9212  397                                          
L  2 4    8     0    00    00              86                           
    0 7374  240 7288  408 7283  457 7253  536 7069  547 6813  493 6624  
  584 6274  602 6024  643 5840  660 5570  746 5468  868 5390  961 5259  
 1006 5225 1037 5223 1319 5483 1390 5615 1490 5717 1548 5687 1911 5178  
 1949 5048 2021 5050 2182 5136 2207 5200 2294 5232 2370 5209 2453 5115  
 2493 5099 2555 5102 2620 5144 2693 5384 2762 5351 3014 5129 3051 5073  
 3088 5046 3228 5003 3435 4740 3458 4680 3507 4369 3399 4101 3398 4061  
 3418 4027 3457 4004 3556 3992 3596 3965 3760 3703 3807 3680 3892 3486  
 3923 3462 4038 3451 4178 3378 4296 3374 4479 3280 4798 3280 4985 3311  
 5197 3271 5245 3235 5285 3106 5292 2878 5221 2650 5150 2565 5106 1986  
 5025 1693 4965 1668 4852 1740 4582 1606 4523 1600 4356 1642 4304 1640  
 4243 1608 4200 1552 4161 1454 4086  974 4035  900 4012  795 3981  743  
 3853  664 3789  648 3670  545 3617  385 3453  260 3433  219 3435  173  
 3487   42 3472    0                                                    
H1 7    0    0    0    1    2 0506 0506                                 
P  7 2    1 1264 2455 0 1                                               
01 3 1264 2455              00  å√å©äx                                  
M 362350ó^ìﬂ                  3    6    8    6    1   86                
H2 1    6    7    6    0   80 0506 0506                                 
N  1 1    1    0 2213 1 3    1    6   -7    0    0    0    0    0    0  
N  1 1    2    0 5723 1 3   -1    7   -6    0    0    0    0    0    0  
N  1 2    3 2731 3833 0 2    2   -2    0    0    0    0    0    0    0  
N  1 2    4 2068 3097 0 2    3   -3    0    0    0    0    0    0    0  
N  1 2    5  103 6078 0 2    4   -4    0    0    0    0    0    0    0  
N  1 2    6  493 1802 0 2    5   -5    0    0    0    0    0    0    0  
L  1 5    1     0    11    214738299999   297                           
    0 2213   38 2231   87 2271  112 2280  133 2280  216 2245  292 2203  
  321 2177  342 2133  356 2092  376 2066  383 2063  412 2016  446 1977  
  457 1950  504 1936  521 1870  538 1855  556 1863  567 1881  589 1901  
  616 1908  665 1909  687 1913  714 1911  743 1888  743 1880  732 1844  
  731 1818  743 1773  758 1765  773 1781  787 1780  803 1768  831 1764  
  861 1772  886 1789  932 1834  951 1859  967 1892  988 1973 1009 2020  
 1041 2076 1051 2086 1102 2175 1140 2216 1173 2243 1217 2258 1241 2275  
 1295 2294 1325 2320 1357 2355 1393 2387 1400 2399 1407 2425 1396 2499  
 1407 2530 1414 2534 1433 2532 1450 2533 1469 2540 1477 2546 1496 2573  
 1533 2606 1557 2638 1563 2650 1572 2688 1596 2814 1606 2841 1644 2888  
 1684 2927 1709 2930 1727 2927 1790 2939 1813 2935 1879 3025 1904 3073  
 1923 3098 1967 3148 1998 3171 2028 3186 2052 3209 2076 3220 2106 3242  
 2161 3276 2182 3268 2205 3275 2217 3273 2239 3302 2250 3277 2261 3288  
 2262 3312 2277 3329 2286 3300 2292 3299 2350 3347 2357 3349 2375 3362  
 2394 3391 2409 3436 2422 3457 2428 3446 2434 3399 2448 3399 2463 3417  
 2481 3448 2474 3500 2527 3578 2541 3620 2553 3621 2567 3635 2577 3656  
 2570 3717 2579 3740 2583 3735 2579 3713 2595 3692 2608 3652 2618 3637  
 2645 3667 2682 3699 2685 3745 2678 3785 2669 3798 2656 3810 2662 3831  
 2687 3882 2700 3979 2704 4059 2715 4118 2735 4163 2755 4194 2778 4217  
 2804 4226 2831 4230 2863 4246 2906 4273 2929 4273 2941 4267 2953 4284  
 2961 4312 2988 4348 3106 4457 3160 4485 3177 4500 3203 4530 3226 4543  
 3285 4558 3319 4558 3343 4551 3405 4574 3422 4589 3464 4665 3468 4684  
 3456 4690 3452 4713 3468 4771 3461 4810 3452 4839 3433 4875 3416 4925  
 3420 4955 3412 4972 3386 4990 3328 5013 3277 4996 3223 4945 3199 4935  
 3184 4918 3125 4912 3098 4903 3084 4892 3048 4891 2998 4906 2919 4964  
 2814 5017 2767 5059 2749 5069 2721 5090 2706 5116 2680 5138 2639 5163  
 2616 5158 2580 5165 2469 5241 2427 5276 2387 5324 2364 5360 2360 5386  
 2346 5390 2326 5403 2302 5414 2275 5410 2242 5397 2220 5392 2212 5397  
 2192 5427 2151 5471 2079 5522 2062 5547 2035 5574 2004 5579 1987 5594  
 1963 5627 1939 5644 1928 5646 1895 5665 1869 5688 1850 5694 1832 5714  
 1820 5718 1808 5714 1789 5728 1755 5760 1729 5770 1721 5770 1699 5789  
 1686 5793 1675 5806 1649 5816 1618 5834 1597 5835 1570 5842 1554 5861  
 1536 5865 1468 5857 1424 5848 1345 5855 1288 5844 1264 5851 1246 5878  
 1239 5908 1234 5955 1215 5995 1159 6046 1144 6052 1135 6048 1116 6065  
 1103 6092 1076 6101 1033 6147 1021 6149  996 6160  966 6188  932 6168  
  896 6195  875 6206  833 6186  817 6153  794 6168  785 6156  782 6157  
  769 6186  756 6183  743 6168  718 6151  702 6163  664 6170  641 6154  
  632 6177  614 6178  606 6158  594 6147  574 6139  556 6147  547 6185  
  536 6209  525 6224  524 6235  517 6250  497 6258  478 6272  453 6274  
  425 6270  407 6254  392 6258  369 6247  355 6261  319 6223  308 6204  
  306 6192  316 6160  291 6153  281 6146  265 6102  262 6081  284 6072  
  287 6054  291 6049  254 6042  229 6009  183 5955  153 5906  129 5857  
   83 5787   31 5743    0 5723                                          
L  1 5    2     0    30    304738299999    12                           
 2731 3833 2733 3834 2729 3866 2716 3874 2711 3872 2687 3833 2687 3810  
 2708 3774 2715 3774 2722 3782 2731 3809 2731 3833                      
L  1 5    3     0    40    404738299999    12                           
 2068 3097 2071 3125 2068 3132 2043 3148 2039 3141 2029 3112 2030 3099  
 2035 3082 2043 3075 2062 3084 2069 3094 2068 3097                      
L  1 5    4     0    50    504738299999    26                           
  103 6078   72 6087   62 6063   37 6039   34 5993   46 5972   57 5962  
   69 5958  122 5971  139 5968  152 5974  155 5983  155 6005  177 6013  
  219 6038  228 6052  232 6068  221 6083  209 6082  190 6068  174 6061  
  170 6063  153 6055  143 6063  123 6063  103 6078                      
L  1 5    5     0    60    604738299999    11                           
  493 1802  494 1809  500 1809  510 1824  515 1864  505 1885  501 1887  
  479 1847  480 1808  484 1797  493 1802                                
L  1 9    6     9    11    218888847382     2                           
    0 2213    0 5723                                                    
L  1 9    7     9    21    118888899999     6                           
    0 5723    010000100001000010000    0    0    0    0 2213            
A  199999    1 6350 3978  10                                            
    1    7    0    5    0    4    0    3    0    2                      
A  147382    2 1352 4060   2                                            
    6   -1                                                              
A  147382    3 2709 3824   1                                            
   -2                                                                   
A  147382    4 2049 3112   1                                            
   -3                                                                   
A  147382    5  114 6022   1                                            
   -4                                                                   
A  147382    6  496 1842   1                                            
   -5                                                                   
H1 2    0    1    0    0    2 0506 0506                                 
L  2 4    1     0    00    00               7                           
  252 5807  184 5791  171 5756  234 5689  260 5556  248 5519    0 5588  
H1 7    0    0    0    1    1 0506 0506                                 
P  753    1  333 5500 0 0                                               
M 362356îµä‘ìá                3    4   14    4    2   87                
H2 1    4    5    4    0   59 0506 0506                                 
N  1 2    1 2313 2099 0 2    1   -1    0    0    0    0    0    0    0  
N  1 2    2 6203 6201 0 2    2   -2    0    0    0    0    0    0    0  
N  1 1    3 4146    0 1 3    3   -5   -4    0    0    0    0    0    0  
N  1 1    4 2018    0 1 3    5   -3    4    0    0    0    0    0    0  
L  1 5    1     0    10    104738199999    18                           
 2313 2099 2313 2096 2295 2093 2265 2074 2253 2125 2247 2130 2209 2078  
 2211 2027 2239 2030 2249 2019 2266 1992 2294 1976 2304 1977 2324 1996  
 2326 2009 2319 2082 2319 2096 2313 2099                                
L  1 5    2     0    20    204738199999   105                           
 6203 6201 6198 6230 6178 6265 6176 6273 6184 6279 6182 6290 6170 6311  
 6150 6338 6148 6352 6133 6384 6127 6389 6131 6411 6125 6419 6117 6422  
 6107 6440 6081 6489 6064 6497 6056 6497 6050 6516 6036 6529 6016 6575  
 5994 6599 5985 6631 5945 6647 5897 6679 5883 6690 5857 6719 5849 6717  
 5841 6706 5831 6700 5823 6714 5809 6711 5811 6703 5796 6719 5780 6719  
 5760 6713 5748 6726 5734 6732 5714 6726 5690 6731 5678 6726 5672 6720  
 5666 6742 5654 6742 5640 6731 5626 6739 5600 6757 5554 6735 5524 6770  
 5497 6772 5449 6769 5411 6774 5395 6769 5383 6758 5375 6769 5365 6768  
 5343 6749 5306 6681 5298 6665 5286 6657 5274 6638 5232 6542 5217 6480  
 5215 6415 5225 6350 5248 6280 5317 6167 5331 6156 5351 6132 5390 6059  
 5402 6024 5408 5995 5451 5906 5467 5857 5471 5819 5489 5776 5528 5774  
 5550 5758 5576 5734 5594 5729 5749 5698 5769 5684 5771 5665 5775 5617  
 5789 5612 5791 5652 5791 5677 5821 5685 5863 5688 5885 5696 5911 5689  
 6011 5679 6055 5671 6089 5680 6121 5715 6137 5740 6149 5791 6147 5829  
 6180 5919 6208 6014 6213 6073 6223 6109 6221 6157 6207 6187 6203 6201  
L  1 5    3     0    31    414738199999   153                           
 4146    0 4144    1 4140   31 4121  101 4109  169 4094  212 3951  392  
 3911  429 3866  453 3826  480 3802  512 3786  541 3759  579 3711  592  
 3693  603 3665  640 3641  659 3594  718 3572  753 3554  745 3538  747  
 3516  760 3472  803 3334  981 3298 1042 3255 1123 3194 1242 3134 1325  
 3095 1379 3067 1411 3020 1489 2990 1529 2909 1642 2832 1768 2784 1863  
 2779 1882 2781 1949 2795 2014 2775 2017 2761 2009 2709 1992 2685 1989  
 2658 2002 2650 2029 2630 2026 2546 1993 2492 1962 2468 1954 2398 1948  
 2382 1950 2354 1947 2312 1931 2300 1922 2288 1901 2258 1884 2220 1878  
 2170 1872 2162 1891 2152 1902 2134 1921 2120 1953 2113 1961 2083 1963  
 2075 1966 2055 1958 2039 1958 2015 1938 2013 1949 1987 1968 1963 1981  
 1943 1970 1937 1986 1925 1975 1899 1942 1885 1934 1857 1942 1835 1955  
 1823 1955 1813 1931 1815 1925 1805 1920 1793 1928 1787 1925 1777 1941  
 1751 1946 1727 1927 1711 1911 1689 1921 1647 1872 1629 1858 1563 1795  
 1559 1795 1537 1779 1504 1738 1498 1743 1476 1721 1464 1691 1458 1629  
 1410 1591 1390 1599 1382 1598 1376 1582 1379 1542 1391 1517 1411 1504  
 1409 1477 1397 1452 1367 1414 1296 1329 1262 1261 1248 1213 1239 1142  
 1247 1056 1264 1037 1278 1013 1284  986 1291  829 1287  747 1280  715  
 1292  688 1314  639 1359  580 1345  577 1339  561 1347  531 1365  521  
 1407  556 1451  576 1474  641 1482  687 1484  763 1497  836 1501  847  
 1521  858 1531  864 1537  893 1543  907 1589  905 1703  906 1743  898  
 1762  885 1842  810 1852  794 1887  756 1921  703 1939  668 1970  587  
 2017  476 2041  390 2050  330 2056  206 2047  141 2018    0            
L  1 9    4     9    41    318888899999     6                           
 2018    0    0    0    010000100001000010000    0 4146    0            
L  1 9    5     9    41    314738188888     2                           
 2018    0 4146    0                                                    
A  147381    1 2266 2052   1                                            
   -1                                                                   
A  147381    2 5752 6196   1                                            
   -2                                                                   
A  199999    3 2650 3480   6                                            
    3    4    0    1    0    2                                          
A  147381    4 2297 1012   2                                            
   -5   -3                                                              
H1 2    0    9    0    0   21 0506 0506                                 
L  2 4    1     0    00    00               4                           
 2650 1001 2814 1089 2944 1022 3157 1051                                
L  2 4    2     0    00    00               5                           
 2650 1001 2657 1060 2643 1157 2673 1206 2680 1279                      
L  2 4    3     0    00    00               8                           
 3157 1051 3311  860 3514  699 3542  652 3597  435 3727  345 3853  100  
 3921   66                                                              
L  2 4    4     0    00    00               8                           
 2680 1279 2810 1346 2921 1356 2985 1337 3108 1255 3176 1160 3183 1125  
 3157 1051                                                              
L  2 5    5     0    00    00              12                           
 2680 1279 2560 1447 2372 1572 2195 1572 2080 1664 1885 1639 1745 1422  
 1703 1146 1787  884 1970  795 2147  560 2335  393                      
L  2 4    6     0    00    00               5                           
 2335  393 2336  547 2404  697 2453  895 2650 1001                      
L  2 4    7     0    00    00               2                           
 2331    0 2335  393                                                    
L  2 4    8     0    00    00               2                           
 3938    0 3921   66                                                    
L  2 4    9     0    00    00               3                           
 3921   66 3999   25 4001    0                                          
H1 7    0    0    0    2    4 0506 0506                                 
P  7 6    1 1577 1266 0 1                                               
01 4 1577 1266              00  âFìﬁóòçË                                
P  7 7    2 5666 6200 0 1                                               
01 3 5666 6200              00  îµä‘ìá                                  
