M 404067êºîV                  2    2    2    2    1   27                
H2 1    2    2    2    0   23 0506 0506                                 
N  1 2    1   66 8974 0 2    1   -1    0    0    0    0    0    0    0  
N  1 1    210000    0 1 2   -2    2    0    0    0    0    0    0    0  
L  1 5    1     0    10    101342199999    95                           
   66 8974   80 8971   88 8963   93 8952  106 8937  110 8928  116 8905  
  121 8888  133 8869  137 8855  152 8845  165 8836  171 8831  192 8821  
  218 8818  225 8824  241 8800  248 8792  258 8796  275 8803  292 8806  
  304 8797  319 8782  325 8802  336 8828  357 8823  367 8823  376 8823  
  386 8830  394 8837  409 8857  423 8875  451 8905  470 8910  487 8913  
  501 8917  520 8937  542 8964  560 8998  581 9011  595 9016  600 9026  
  607 9054  615 9087  620 9110  627 9125  633 9136  636 9146  630 9160  
  619 9163  602 9170  587 9174  542 9208  522 9229  483 9269  464 9290  
  443 9315  421 9339  389 9375  363 9404  325 9445  302 9460  289 9476  
  286 9497  287 9505  284 9518  279 9516  267 9524  259 9523  242 9510  
  228 9493  227 9486  197 9441  184 9406  180 9382  184 9332  170 9293  
  157 9298  152 9290  154 9275  140 9248  131 9239  119 9234   88 9227  
   71 9222   39 9199   40 9177   47 9160   40 9145   45 9118   47 9099  
   38 9045   38 9016   43 8993   66 8974                                
L  1 9    2     9    21    218888899999     5                           
10000    0    0    0    010000100001000010000    0                      
A  113421    1  338 9152   1                                            
   -1                                                                   
A  199999    2 5195 9375   3                                            
    2    0    1                                                         
H1 7    0    0    0    1    2 0506 0506                                 
P  7 7    1  335 9154 0 1                                               
01 3  335 9154              00  êºîVìá                                  
