M 414211ãÛ“‡                  2    8    8    8    1   86                
H2 1    8    8    8    0   82 0506 0506                                 
N  1 2    1 7015 8843 0 2    1   -1    0    0    0    0    0    0    0  
N  1 2    2 7025 8707 0 2    2   -2    0    0    0    0    0    0    0  
N  1 2    3 7069 9023 0 2    3   -3    0    0    0    0    0    0    0  
N  1 2    4 7205 9250 0 2    4   -4    0    0    0    0    0    0    0  
N  1 2    5 6379 7873 0 2    5   -5    0    0    0    0    0    0    0  
N  1 2    6 6278 8468 0 2    6   -6    0    0    0    0    0    0    0  
N  1 2    7 6032 9572 0 2    7   -7    0    0    0    0    0    0    0  
N  1 1    810000    0 1 2    8   -8    0    0    0    0    0    0    0  
L  1 5    1     0    10    101342199999    14                           
 7015 8843 7010 8860 6994 8875 6969 8880 6945 8883 6927 8871 6922 8850  
 6928 8837 6956 8824 6987 8811 7003 8809 7013 8819 7018 8836 7015 8843  
L  1 5    2     0    20    201342199999   184                           
 7025 8707 7031 8714 7026 8738 7013 8758 6997 8774 6979 8791 6950 8809  
 6916 8820 6894 8833 6896 8845 6903 8871 6898 8902 6891 8923 6876 8949  
 6855 8965 6816 8987 6802 9017 6802 9040 6807 9061 6819 9077 6867 9112  
 6879 9126 6874 9151 6851 9164 6827 9162 6824 9179 6827 9234 6818 9273  
 6820 9292 6809 9290 6776 9280 6761 9284 6750 9292 6723 9288 6706 9280  
 6708 9291 6720 9357 6722 9425 6723 9468 6745 9497 6769 9517 6783 9537  
 6783 9558 6786 9591 6779 9619 6776 9636 6786 9664 6773 9684 6750 9678  
 6725 9660 6696 9671 6692 9701 6710 9721 6744 9735 6759 9745 6753 9773  
 6713 9761 6712 9794 6756 9815 6752 9873 6714 9864 6708 9895 6693 9936  
 6675 9973 6659 9992 6645 9994 6628 9988 6616 9975 6607 9956 6600 9941  
 6592 9920 6579 9891 6565 9847 6550 9796 6532 9754 6523 9738 6495 9717  
 6480 9708 6455 9697 6426 9683 6401 9687 6393 9715 6384 9765 6376 9792  
 6300 9776 6284 9698 6276 9700 6262 9708 6255 9733 6254 9757 6248 9779  
 6237 9781 6138 9764 6129 9708 6119 9700 6096 9685 6063 9657 6053 9629  
 6050 9604 6049 9588 6051 9569 6056 9558 6069 9549 6094 9543 6121 9554  
 6141 9569 6164 9570 6189 9565 6205 9545 6206 9494 6186 9484 6151 9471  
 6129 9454 6117 9445 6102 9426 6096 9403 6106 9379 6109 9371 6137 9351  
 6150 9332 6175 9311 6205 9291 6225 9299 6251 9325 6272 9305 6275 9281  
 6297 9250 6320 9232 6352 9236 6383 9263 6404 9281 6408 9268 6408 9241  
 6411 9220 6413 9211 6426 9200 6441 9186 6455 9170 6459 9153 6469 9153  
 6488 9169 6518 9184 6549 9188 6573 9186 6600 9179 6629 9147 6654 9110  
 6679 9064 6689 9004 6695 8944 6687 8901 6656 8880 6636 8851 6632 8816  
 6642 8783 6644 8774 6661 8733 6672 8699 6681 8656 6687 8610 6680 8579  
 6674 8556 6687 8541 6709 8537 6713 8514 6743 8515 6771 8518 6782 8483  
 6807 8462 6837 8485 6873 8478 6900 8467 6935 8484 6945 8511 6938 8543  
 6937 8570 6941 8606 6932 8640 6932 8674 6943 8695 6963 8698 6997 8689  
 7021 8696 7025 8707                                                    
L  1 5    3     0    30    301342199999    12                           
 7069 9023 7060 9022 7053 9007 7052 8990 7066 8967 7081 8961 7094 8968  
 7101 8982 7102 8992 7092 9022 7081 9036 7069 9023                      
L  1 5    4     0    40    401342199999    32                           
 7205 9250 7196 9249 7188 9234 7186 9197 7193 9165 7186 9137 7179 9112  
 7180 9071 7192 9021 7179 8986 7171 8951 7198 8912 7199 8891 7209 8870  
 7241 8859 7265 8865 7279 8878 7282 8898 7278 8930 7264 8959 7255 8991  
 7267 9025 7269 9053 7258 9063 7262 9093 7275 9125 7283 9161 7281 9193  
 7265 9226 7250 9234 7231 9251 7205 9250                                
L  1 5    5     0    50    501342199999    23                           
 6379 7873 6379 7889 6378 7914 6365 7927 6360 7942 6367 7964 6369 7976  
 6367 7994 6358 8016 6341 8024 6330 8004 6319 7974 6301 7955 6279 7944  
 6271 7926 6265 7910 6270 7881 6281 7864 6319 7864 6341 7864 6362 7851  
 6375 7866 6379 7873                                                    
L  1 5    6     0    60    601342199999    36                           
 6278 8468 6272 8453 6247 8420 6200 8403 6156 8396 6140 8362 6128 8320  
 6121 8294 6134 8277 6179 8280 6214 8257 6261 8273 6303 8270 6341 8260  
 6355 8233 6351 8209 6289 8184 6253 8168 6246 8143 6253 8126 6298 8118  
 6367 8125 6394 8131 6401 8161 6410 8192 6440 8214 6452 8228 6453 8269  
 6437 8304 6416 8333 6385 8352 6361 8374 6338 8418 6327 8455 6300 8475  
 6278 8468                                                              
L  1 5    7     0    70    701342199999    10                           
 6032 9572 6035 9594 6040 9625 6021 9644 6011 9638 5992 9605 5990 9577  
 5994 9562 6025 9571 6032 9572                                          
L  1 9    8     9    81    818888899999     5                           
10000    0    0    0    010000100001000010000    0                      
A  113421    1 6969 8846   1                                            
   -1                                                                   
A  113421    2 6618 9230   1                                            
   -2                                                                   
A  113421    3 7076 8998   1                                            
   -3                                                                   
A  113421    4 7225 9055   1                                            
   -4                                                                   
A  113421    5 6319 7936   1                                            
   -5                                                                   
A  113421    6 6281 8296   1                                            
   -6                                                                   
A  113421    7 6014 9603   1                                            
   -7                                                                   
A  199999    8 3122 9061  15                                            
    8    0    1    0    2    0    3    0    4    0    5    0    6    0  
    7                                                                   
H1 7    0    0    0    1    2 0506 0506                                 
P  7 7    1 6527 9490 0 1                                               
01 2 6527 9490              00  ‰Å“‡                                    
M 414231”}“‡                  2   13   13   13    1  146                
H2 1   13   13   13    0  142 0506 0506                                 
N  1 2    1 3431 4753 0 2    1   -1    0    0    0    0    0    0    0  
N  1 2    2 3378 5919 0 2    2   -2    0    0    0    0    0    0    0  
N  1 2    3 3239 5923 0 2    3   -3    0    0    0    0    0    0    0  
N  1 2    4 3219 6240 0 2    4   -4    0    0    0    0    0    0    0  
N  1 2    5 3901 4225 0 2    5   -5    0    0    0    0    0    0    0  
N  1 2    6 4038 4461 0 2    6   -6    0    0    0    0    0    0    0  
N  1 2    7 4227 4090 0 2    7   -7    0    0    0    0    0    0    0  
N  1 2    8 4402 5250 0 2    8   -8    0    0    0    0    0    0    0  
N  1 2    9 2445 9207 0 2    9   -9    0    0    0    0    0    0    0  
N  1 2   10 2151 8771 0 2   10  -10    0    0    0    0    0    0    0  
N  1 2   11 2331 8524 0 2   11  -11    0    0    0    0    0    0    0  
N  1 2   12 2219 9440 0 2   12  -12    0    0    0    0    0    0    0  
N  1 1   1310000    0 1 2  -13   13    0    0    0    0    0    0    0  
L  1 5    1     0    10    101342199999    18                           
 3431 4753 3419 4712 3414 4647 3414 4563 3429 4488 3437 4436 3455 4431  
 3483 4434 3495 4442 3531 4483 3543 4513 3548 4570 3544 4594 3528 4643  
 3502 4683 3457 4729 3431 4747 3431 4753                                
L  1 5    2     0    20    201342199999    14                           
 3378 5919 3370 5927 3364 5922 3354 5924 3343 5932 3337 5930 3334 5916  
 3336 5881 3344 5865 3368 5859 3372 5860 3386 5884 3386 5900 3378 5919  
L  1 5    3     0    30    301342199999    16                           
 3239 5923 3249 5921 3253 5912 3259 5915 3279 5934 3303 6013 3299 6024  
 3277 6024 3257 6007 3251 5996 3243 5996 3243 5975 3239 5972 3239 5929  
 3241 5926 3239 5923                                                    
L  1 5    4     0    40    401342199999    27                           
 3219 6240 3193 6253 3185 6250 3167 6228 3155 6201 3155 6185 3168 6180  
 3186 6177 3196 6161 3196 6139 3192 6128 3188 6082 3190 6072 3182 6063  
 3178 6044 3180 6036 3204 6036 3222 6045 3252 6067 3268 6086 3276 6113  
 3276 6151 3272 6151 3274 6189 3268 6208 3227 6234 3219 6240            
L  1 5    5     0    50    501342199999    15                           
 3901 4225 3885 4260 3879 4262 3865 4230 3839 4208 3825 4189 3820 4142  
 3828 4107 3852 4113 3884 4124 3894 4157 3918 4143 3930 4149 3911 4216  
 3901 4225                                                              
L  1 5    6     0    60    601342199999    17                           
 4038 4461 4038 4464 4042 4464 4050 4435 4058 4421 4066 4418 4070 4427  
 4074 4448 4070 4486 4060 4508 4046 4516 4028 4521 4018 4507 4016 4499  
 4022 4480 4034 4470 4038 4461                                          
L  1 5    7     0    70    701342199999    16                           
 4227 4090 4227 4093 4241 4095 4247 4104 4253 4136 4240 4158 4242 4169  
 4238 4182 4228 4193 4210 4193 4204 4174 4213 4138 4205 4122 4211 4090  
 4219 4093 4227 4090                                                    
L  1 5    8     0    80    801342199999   319                           
 4402 5250 4392 5280 4386 5291 4362 5307 4291 5336 4235 5335 4217 5324  
 4195 5286 4171 5310 4155 5294 4131 5291 4115 5283 4105 5291 4091 5307  
 4085 5326 4087 5342 4101 5358 4103 5366 4099 5377 4091 5383 4063 5382  
 4059 5382 4043 5358 4033 5322 4042 5398 4022 5460 4020 5506 4023 5558  
 3999 5622 3997 5647 4003 5685 3998 5693 3982 5701 3972 5684 3969 5676  
 3948 5690 3930 5687 3920 5733 3910 5738 3902 5738 3874 5702 3862 5708  
 3854 5718 3844 5721 3832 5713 3828 5705 3822 5732 3798 5772 3773 5799  
 3785 5829 3779 5856 3773 5866 3765 5874 3749 5874 3743 5869 3756 5926  
 3752 5945 3722 5944 3712 5936 3690 5901 3669 5887 3661 5879 3651 5854  
 3624 5692 3594 5629 3584 5591 3568 5602 3526 5607 3514 5642 3479 5706  
 3447 5733 3425 5744 3411 5757 3404 5798 3392 5816 3378 5822 3368 5816  
 3362 5794 3365 5767 3343 5751 3333 5745 3329 5732 3331 5716 3355 5664  
 3371 5673 3381 5694 3395 5697 3399 5662 3428 5608 3436 5571 3422 5551  
 3438 5503 3455 5479 3471 5398 3467 5384 3447 5357 3447 5346 3453 5327  
 3496 5281 3514 5257 3559 5177 3579 5147 3575 5131 3565 5136 3551 5155  
 3543 5160 3519 5157 3515 5149 3529 5109 3522 5022 3534 5017 3540 4998  
 3560 4971 3570 4966 3554 4946 3548 4935 3542 4898 3528 4922 3516 4941  
 3504 4932 3504 4878 3496 4870 3470 4872 3468 4859 3505 4764 3509 4729  
 3521 4713 3531 4711 3537 4727 3531 4778 3517 4813 3529 4813 3547 4803  
 3557 4803 3567 4811 3579 4825 3589 4828 3599 4828 3603 4812 3614 4703  
 3614 4590 3629 4530 3653 4482 3667 4474 3693 4512 3699 4531 3717 4528  
 3741 4510 3749 4491 3758 4450 3772 4437 3780 4464 3792 4456 3804 4429  
 3802 4413 3780 4369 3748 4315 3745 4293 3745 4280 3751 4269 3771 4250  
 3785 4250 3801 4267 3836 4348 3850 4370 3890 4384 3906 4398 3916 4414  
 3922 4452 3916 4479 3904 4501 3885 4519 3875 4563 3871 4587 3885 4603  
 3893 4595 3907 4533 3916 4520 3924 4514 3936 4515 3950 4520 3962 4534  
 3975 4569 3983 4599 3985 4645 3970 4710 3964 4723 3940 4750 3924 4758  
 3922 4763 3930 4780 3944 4788 3962 4815 3968 4813 3964 4802 3972 4791  
 3994 4786 4008 4773 4016 4743 4008 4721 4009 4697 4033 4692 4065 4627  
 4063 4589 4070 4559 4088 4522 4118 4495 4130 4490 4138 4481 4159 4390  
 4169 4365 4179 4357 4203 4352 4221 4355 4250 4293 4270 4258 4282 4250  
 4294 4250 4292 4277 4267 4329 4259 4361 4287 4434 4323 4354 4356 4302  
 4372 4292 4382 4289 4368 4270 4364 4235 4368 4205 4387 4165 4397 4151  
 4437 4138 4459 4138 4463 4128 4459 4090 4463 4084 4478 4076 4510 4069  
 4520 4058 4526 4042 4516 4025 4520 4004 4528 3993 4530 3960 4554 3972  
 4582 3972 4590 3999 4592 4026 4610 4026 4616 4029 4624 4064 4632 4083  
 4654 4092 4682 4089 4680 4111 4676 4116 4639 4140 4659 4173 4685 4190  
 4689 4206 4691 4236 4699 4271 4711 4268 4737 4274 4747 4290 4745 4309  
 4735 4325 4716 4339 4694 4341 4640 4322 4630 4349 4616 4365 4644 4406  
 4642 4416 4634 4427 4624 4427 4606 4435 4624 4451 4639 4465 4643 4476  
 4633 4481 4627 4533 4623 4549 4591 4568 4587 4573 4599 4592 4625 4608  
 4627 4614 4608 4635 4600 4641 4584 4641 4580 4665 4572 4684 4556 4697  
 4538 4702 4528 4729 4588 4746 4612 4763 4622 4782 4597 4841 4573 4860  
 4557 4862 4525 4856 4523 4897 4519 4905 4508 4905 4499 4889 4493 4872  
 4489 4878 4488 4964 4472 5018 4447 5067 4443 5091 4445 5102 4461 5127  
 4459 5145 4414 5226 4400 5245 4402 5250                                
L  1 5    9     0    90    901342199999    96                           
 2445 9207 2418 9258 2402 9280 2366 9315 2336 9339 2297 9376 2292 9360  
 2284 9260 2286 9251 2294 9243 2316 9241 2335 9214 2343 9192 2353 9147  
 2361 9122 2362 9044 2356 9000 2340 8987 2334 8973 2332 8962 2358 8927  
 2363 8895 2353 8889 2353 8876 2363 8833 2353 8830 2339 8827 2341 8797  
 2339 8800 2301 8789 2285 8786 2255 8791 2241 8726 2244 8693 2260 8677  
 2348 8629 2370 8600 2383 8548 2389 8540 2399 8535 2421 8530 2451 8503  
 2453 8490 2443 8479 2442 8462 2452 8433 2452 8392 2440 8392 2434 8368  
 2436 8341 2428 8335 2410 8332 2402 8316 2406 8302 2405 8281 2395 8251  
 2397 8218 2399 8210 2409 8210 2429 8232 2435 8246 2461 8251 2473 8273  
 2471 8306 2464 8319 2464 8327 2472 8352 2496 8382 2492 8414 2488 8449  
 2493 8504 2491 8525 2461 8547 2469 8571 2475 8579 2483 8601 2467 8631  
 2454 8649 2442 8657 2434 8657 2442 8717 2438 8730 2418 8736 2396 8733  
 2381 8811 2387 8830 2411 8841 2421 8871 2427 8928 2430 9047 2422 9069  
 2440 9072 2454 9083 2467 9126 2461 9169 2445 9207                      
L  1 5   10     0   100   1001342199999    14                           
 2151 8771 2181 8758 2187 8750 2209 8752 2215 8761 2219 8788 2213 8815  
 2199 8828 2156 8839 2150 8838 2149 8792 2145 8801 2141 8790 2151 8771  
L  1 5   11     0   110   1101342199999    17                           
 2331 8524 2353 8527 2363 8532 2367 8551 2360 8602 2350 8621 2340 8627  
 2298 8629 2268 8637 2258 8623 2292 8594 2307 8567 2295 8550 2295 8542  
 2301 8531 2323 8521 2331 8524                                          
L  1 5   12     0   120   1201342199999    11                           
 2219 9440 2215 9438 2215 9400 2225 9375 2243 9378 2253 9378 2259 9400  
 2257 9416 2251 9430 2235 9443 2219 9440                                
L  1 9   13     9   131   1318888899999     5                           
10000    0    0    0    010000100001000010000    0                      
A  113421    1 3479 4590   1                                            
   -1                                                                   
A  113421    2 3361 5896   1                                            
   -2                                                                   
A  113421    3 3264 5968   1                                            
   -3                                                                   
A  113421    4 3236 6144   1                                            
   -4                                                                   
A  113421    5 3872 4184   1                                            
   -5                                                                   
A  113421    6 4053 4469   1                                            
   -6                                                                   
A  113421    7 4232 4140   1                                            
   -7                                                                   
A  113421    8 4027 4960   1                                            
   -8                                                                   
A  113421    9 2348 8792   1                                            
   -9                                                                   
A  113421   10 2183 8794   1                                            
  -10                                                                   
A  113421   11 2331 8580   1                                            
  -11                                                                   
A  113421   12 2237 9408   1                                            
  -12                                                                   
A  199999   13 7120 7020  25                                            
   13    0    1    0    2    0    3    0    4    0    5    0    6    0  
    7    0    8    0    9    0   10    0   11    0   12                 
H1 7    0    0    0    1    2 0506 0506                                 
P  7 7    1 3833 5200 0 1                                               
01 2 3833 5200              00  ”}“‡                                    
M 414240ãÛ“‡                  2   17   18   17    1  147                
H2 1   17   18   17    0  143 0506 0506                                 
N  1 2    1 8727 5843 0 2    1   -1    0    0    0    0    0    0    0  
N  1 2    2 8816 7081 0 2    2   -2    0    0    0    0    0    0    0  
N  1 2    3 8560 5898 0 2    3   -3    0    0    0    0    0    0    0  
N  1 2    4 8462 5456 0 2    4   -4    0    0    0    0    0    0    0  
N  1 2    5 8518 5586 0 2    5   -5    0    0    0    0    0    0    0  
N  1 2    6 8317 5541 0 2    6   -6    0    0    0    0    0    0    0  
N  1 2    7 7526 6198 0 2    7   -7    0    0    0    0    0    0    0  
N  1 2    8 7354 6418 0 2    8   -8    0    0    0    0    0    0    0  
N  1 2    9 7967 5123 0 2    9   -9    0    0    0    0    0    0    0  
N  1 2   10 7971 5478 0 2   10  -10    0    0    0    0    0    0    0  
N  1 2   11 7636 5802 0 2   11  -11    0    0    0    0    0    0    0  
N  1 2   12 9798 5770 0 2   12  -12    0    0    0    0    0    0    0  
N  1 2   13 9579 5863 0 2   13  -13    0    0    0    0    0    0    0  
N  1 2   14 9883 1067 0 2   14  -14    0    0    0    0    0    0    0  
N  1 2   15 9734 1593 0 2   15  -15    0    0    0    0    0    0    0  
N  1 1   1610000 2213 1 3   16  -18   17    0    0    0    0    0    0  
N  1 1   1710000 1433 1 3   18  -16  -17    0    0    0    0    0    0  
L  1 5    1     0    10    101342199999    13                           
 8727 5843 8705 5848 8683 5845 8673 5831 8675 5802 8687 5777 8697 5769  
 8707 5767 8729 5772 8741 5783 8743 5813 8739 5827 8727 5843            
L  1 5    2     0    20    201342199999    11                           
 8816 7081 8801 7102 8793 7107 8771 7091 8758 7064 8764 7045 8776 7023  
 8782 7013 8798 7024 8816 7070 8816 7081                                
L  1 5    3     0    30    301342199999    17                           
 8560 5898 8550 5906 8526 5892 8520 5884 8518 5878 8526 5860 8552 5825  
 8587 5793 8605 5785 8623 5788 8629 5790 8631 5804 8627 5817 8574 5887  
 8566 5895 8558 5901 8560 5898                                          
L  1 5    4     0    40    401342199999    18                           
 8462 5456 8474 5467 8480 5483 8480 5513 8464 5531 8452 5539 8432 5545  
 8382 5539 8362 5525 8356 5495 8360 5487 8372 5476 8408 5466 8414 5452  
 8428 5450 8444 5453 8458 5458 8462 5456                                
L  1 5    5     0    50    501342199999    61                           
 8518 5586 8532 5600 8534 5621 8525 5643 8483 5667 8469 5672 8465 5669  
 8457 5669 8445 5677 8435 5696 8435 5704 8445 5702 8467 5675 8485 5670  
 8509 5667 8525 5665 8541 5670 8545 5681 8541 5692 8521 5705 8511 5705  
 8495 5713 8495 5716 8513 5708 8541 5703 8557 5706 8583 5719 8595 5736  
 8593 5752 8563 5784 8541 5795 8476 5781 8467 5753 8446 5769 8412 5761  
 8408 5758 8404 5745 8407 5734 8393 5734 8358 5763 8338 5776 8304 5790  
 8286 5800 8276 5800 8262 5795 8246 5784 8254 5692 8271 5678 8301 5681  
 8335 5690 8341 5665 8349 5655 8383 5628 8399 5628 8417 5612 8444 5580  
 8458 5572 8474 5572 8500 5583 8510 5589 8518 5586                      
L  1 5    6     0    60    601342199999    12                           
 8317 5541 8338 5536 8348 5538 8394 5563 8399 5571 8401 5585 8389 5609  
 8365 5631 8343 5614 8321 5589 8309 5551 8317 5541                      
L  1 5    7     0    70    701342199999    15                           
 7526 6198 7522 6204 7506 6212 7488 6214 7474 6211 7444 6181 7446 6173  
 7464 6152 7472 6135 7484 6133 7524 6144 7536 6158 7540 6171 7540 6185  
 7526 6198                                                              
L  1 5    8     0    80    801342199999    15                           
 7354 6418 7350 6410 7350 6402 7384 6386 7390 6386 7392 6367 7409 6354  
 7438 6381 7452 6390 7450 6417 7418 6414 7378 6419 7368 6432 7364 6435  
 7354 6418                                                              
L  1 5    9     0    90    901342199999    14                           
 7967 5123 7965 5139 7955 5150 7913 5163 7903 5163 7897 5155 7897 5122  
 7903 5098 7911 5090 7923 5090 7937 5096 7955 5101 7965 5117 7967 5123  
L  1 5   10     0   100   1001342199999    13                           
 7971 5478 7957 5488 7933 5485 7925 5482 7905 5436 7895 5420 7901 5393  
 7911 5388 7939 5396 7957 5412 7975 5453 7975 5464 7971 5478            
L  1 5   11     0   110   1101342199999    81                           
 7636 5802 7640 5804 7677 5742 7691 5726 7721 5721 7741 5705 7763 5700  
 7787 5673 7809 5676 7816 5668 7834 5636 7864 5536 7899 5523 7919 5523  
 7935 5531 7971 5570 7984 5591 7988 5621 7974 5640 7950 5651 7942 5667  
 7952 5688 7952 5705 7939 5734 7929 5742 7919 5745 7885 5723 7873 5782  
 7875 5793 7887 5801 7897 5818 7903 5837 7927 5880 7924 5891 7914 5913  
 7904 5918 7890 5918 7872 5910 7864 5893 7855 5836 7843 5833 7823 5844  
 7820 5868 7828 5893 7832 5915 7826 5925 7816 5928 7816 5947 7824 5960  
 7824 5974 7814 5982 7792 5987 7786 5995 7767 6014 7745 6008 7729 5992  
 7724 5970 7701 5973 7681 6008 7685 6024 7695 6040 7695 6057 7673 6073  
 7661 6072 7623 6053 7575 6080 7556 6082 7537 6071 7519 6047 7509 6052  
 7492 6095 7484 6106 7476 6108 7466 6106 7454 6084 7452 6070 7461 5954  
 7471 5943 7586 5877 7614 5850 7636 5802                                
L  1 5   12     0   120   1201342199999    25                           
 9798 5770 9749 5805 9731 5813 9689 5818 9675 5807 9667 5798 9663 5777  
 9669 5763 9687 5750 9716 5742 9726 5737 9738 5667 9740 5664 9758 5659  
 9786 5675 9800 5675 9840 5649 9850 5646 9864 5657 9870 5668 9872 5684  
 9866 5700 9828 5741 9804 5767 9798 5770                                
L  1 5   13     0   130   1301342199999    23                           
 9579 5863 9559 5860 9553 5854 9543 5819 9537 5813 9529 5794 9529 5759  
 9533 5748 9559 5749 9565 5732 9552 5667 9558 5657 9570 5665 9580 5681  
 9587 5738 9589 5754 9603 5765 9615 5782 9621 5803 9623 5828 9613 5876  
 9591 5873 9579 5863                                                    
L  1 5   14     0   140   1401342199999    46                           
 9883 1067 9887 1100 9893 1124 9913 1152 9923 1171 9926 1200 9920 1227  
 9902 1257 9902 1273 9910 1314 9910 1346 9895 1417 9889 1433 9873 1443  
 9865 1430 9855 1394 9783 1337 9771 1323 9759 1337 9747 1328 9730 1288  
 9730 1271 9738 1255 9772 1226 9708 1198 9666 1165 9650 1162 9638 1157  
 9632 1143 9636 1138 9664 1116 9679 1095 9721 1068 9795 1053 9803 1053  
 9791 1037 9779 1009 9779  988 9787  969 9804  947 9816  945 9826  950  
 9852  980 9863  999 9883 1054 9883 1067                                
L  1 5   15     0   150   1501342199999    18                           
 9734 1593 9740 1577 9750 1564 9760 1561 9780 1575 9802 1605 9810 1602  
 9820 1605 9828 1616 9834 1641 9824 1665 9813 1670 9797 1670 9791 1664  
 9782 1643 9766 1634 9752 1626 9734 1593                                
L  1 5   16     0   161   1711342199999    59                           
10000 2213 9981 2197 9973 2167 9973 2148 9967 2148 9943 2137 9915 2115  
 9829 2084 9817 2073 9807 2062 9803 2076 9789 2087 9771 2081 9763 2070  
 9775 2043 9781 2035 9781 2022 9765 2016 9759 2011 9764 1975 9754 1908  
 9744 1891 9690 1888 9674 1880 9664 1855 9666 1812 9646 1782 9641 1766  
 9641 1755 9651 1747 9661 1747 9663 1739 9659 1723 9669 1696 9665 1668  
 9669 1650 9679 1639 9691 1634 9713 1634 9753 1656 9765 1672 9769 1707  
 9769 1732 9785 1735 9815 1749 9865 1717 9888 1682 9896 1671 9896 1601  
 9900 1584 9918 1566 9910 1547 9909 1525 9923 1512 9921 1466 9925 1441  
 9937 1431 9955 142810000 1433                                          
L  1 9   17     9   161   1719999988888     6                           
10000 22131000010000    010000    0    010000    010000 1433            
L  1 9   18     9   171   1611342188888     2                           
10000 143310000 2213                                                    
A  113421    1 8709 5807   1                                            
   -1                                                                   
A  113421    2 8786 7060   1                                            
   -2                                                                   
A  113421    3 8572 5844   1                                            
   -3                                                                   
A  113421    4 8418 5496   1                                            
   -4                                                                   
A  113421    5 8388 5685   1                                            
   -5                                                                   
A  113421    6 8360 5582   1                                            
   -6                                                                   
A  113421    7 7493 6173   1                                            
   -7                                                                   
A  113421    8 7407 6396   1                                            
   -8                                                                   
A  113421    9 7932 5126   1                                            
   -9                                                                   
A  113421   10 7937 5438   1                                            
  -10                                                                   
A  113421   11 7763 5816   1                                            
  -11                                                                   
A  113421   12 9782 5732   1                                            
  -12                                                                   
A  113421   13 9566 5766   1                                            
  -13                                                                   
A  113421   14 9814 1194   1                                            
  -14                                                                   
A  113421   15 9787 1615   1                                            
  -15                                                                   
A  199999   16 4987 2166  32                                            
   16  -17    0    1    0    2    0    3    0    4    0    5    0    6  
    0    7    0    8    0    9    0   10    0   11    0   12    0   13  
    0   14    0   15                                                    
A  113421   17 9833 1820   2                                            
  -18  -16                                                              
H1 7    0    0    0    1    2 0506 0506                                 
P  7 7    1 7688 5866 0 1                                               
01 3 7688 5866              00  –k”V“‡                                  
M 414241ãÛ“‡                  2    7    8    7    1   91                
H2 1    7    8    7    0   87 0506 0506                                 
N  1 2    1  777  315 0 2    1   -1    0    0    0    0    0    0    0  
N  1 2    2  687  148 0 2    2   -2    0    0    0    0    0    0    0  
N  1 2    3 2320 2828 0 2    3   -3    0    0    0    0    0    0    0  
N  1 2    4 1674 1154 0 2    4   -4    0    0    0    0    0    0    0  
N  1 2    5 1767  444 0 2    5   -5    0    0    0    0    0    0    0  
N  1 1    6    0 1433 1 3    6   -7    8    0    0    0    0    0    0  
N  1 1    7    0 2213 1 3   -6    7   -8    0    0    0    0    0    0  
L  1 5    1     0    10    101342199999    12                           
  777  315  774  301  777  282  781  278  796  278  821  292  848  328  
  846  333  816  357  806  358  792  351  777  315                      
L  1 5    2     0    20    201342199999    17                           
  687  148  705  138  730  139  749  155  757  190  775  193  791  212  
  784  231  773  236  752  241  735  231  728  219  724  197  702  202  
  687  188  680  169  687  148                                          
L  1 5    3     0    30    301342199999    19                           
 2320 2828 2314 2838 2306 2838 2297 2877 2290 2891 2277 2904 2265 2903  
 2264 2849 2270 2829 2302 2774 2308 2749 2322 2735 2347 2725 2350 2767  
 2340 2792 2330 2796 2322 2831 2319 2835 2320 2828                      
L  1 5    4     0    40    401342199999    11                           
 1674 1154 1665 1173 1632 1181 1616 1173 1607 1162 1615 1130 1628 1120  
 1660 1131 1670 1147 1674 1148 1674 1154                                
L  1 5    5     0    50    501342199999    12                           
 1767  444 1764  462 1734  477 1727  475 1721  469 1719  451 1726  428  
 1733  416 1757  421 1763  426 1765  445 1767  444                      
L  1 5    6     0    61    711342199999   304                           
    0 1433   53 1430   66 1424   93 1365   82 1330   94 1312   97 1302  
  100 1251  106 1231  125 1205  143 1208  148 1200  160 1154  176 1131  
  195 1122  215 1086  229 1046  236 1038  244 1035  274 1046  279 1061  
  280 1089  268 1162  276 1187  283 1195  313 1197  333 1189  358 1102  
  373 1086  384 1087  395 1099  407 1129  410 1222  391 1350  410 1374  
  459 1401  474 1405  502 1399  515 1407  526 1434  546 1417  561 1380  
  564 1364  564 1331  575 1263  588 1240  599 1236  634 1243  650 1237  
  682 1203  701 1206  714 1215  722 1234  737 1233  750 1212  743 1155  
  751 1136  762 1124  776 1117  796 1116  831 1127  841 1130  848 1124  
  875 1034  881  979  872  972  839  961  821  951  808  933  798  895  
  798  874  807  826  818  799  846  780  885  768  905  766  902  753  
  887  732  872  699  872  670  870  677  837  657  831  649  831  641  
  838  622  849  607  869  593  864  582  857  581  833  599  819  603  
  793  593  781  581  776  569  777  556  785  541  800  527  826  515  
  849  509  887  464  911  461  911  443  905  429  891  413  866  408  
  847  400  836  388  836  366  843  344  867  335  881  330  890  324  
  902  280  915  277  933  283  966  319  983  328  994  342 1001  382  
 1017  384 1068  367 1078  344 1057  328 1035  306 1019  279 1014  239  
 1024  213 1034  204 1047  198 1097  199 1120  206 1124  208 1139  185  
 1150  178 1161  180 1175  208 1193  220 1248  220 1260  213 1314  146  
 1375  101 1391   97 1411   97 1424  102 1465  152 1481  155 1499  165  
 1521  210 1526  228 1539  252 1562  276 1578  313 1603  350 1622  370  
 1636  395 1649  435 1650  461 1646  477 1619  523 1614  548 1615  569  
 1624  617 1614  653 1612  709 1626  850 1633  871 1636  901 1616  925  
 1617  958 1610  984 1595 1023 1611 1068 1611 1100 1584 1179 1585 1185  
 1617 1206 1641 1311 1621 1380 1604 1424 1596 1456 1586 1470 1570 1471  
 1561 1469 1563 1512 1566 1519 1579 1513 1605 1513 1614 1517 1623 1534  
 1621 1566 1615 1594 1611 1644 1596 1671 1565 1703 1550 1728 1540 1758  
 1525 1787 1489 1824 1416 1871 1406 1874 1381 1855 1372 1870 1358 1919  
 1332 1944 1328 1944 1291 1967 1242 1987 1211 1993 1168 2057 1145 2104  
 1158 2236 1156 2280 1150 2293 1137 2298 1113 2297 1098 2290 1091 2298  
 1069 2309 1019 2277 1005 2273  988 2261  963 2269  956 2257  950 2200  
  952 2172  960 2129  981 2058  982 2043  965 2023  926 2003  905 1985  
  866 1933  855 1909  848 1905  832 1916  829 1970  818 1997  806 2019  
  790 2032  766 2023  762 2047  752 2059  740 2061  730 2058  715 2046  
  698 2021  686 2017  674 2038  679 2106  665 2114  638 2113  614 2100  
  582 2059  570 2019  549 2009  521 1982  500 1984  473 1980  453 1962  
  444 1952  420 1946  401 1936  387 1917  378 1894  371 1893  362 1897  
  354 1921  343 2069  330 2149  333 2174  341 2189  356 2200  359 2239  
  383 2258  394 2289  384 2318  374 2323  363 2322  348 2312  338 2292  
  334 2269  302 2269  278 2260  258 2270  255 2267  257 2307  252 2330  
  233 2345  212 2339  199 2324  185 2281  155 2285  141 2282  125 2265  
  123 2250  133 2220  135 2219  116 2185  106 2180   71 2179   49 2210  
   36 2217   19 2218    0 2213                                          
L  1 9    7     9    71    618888899999     6                           
    0 2213    010000100001000010000    0    0    0    0 1433            
L  1 9    8     9    61    718888813421     2                           
    0 1433    0 2213                                                    
A  113421    1  809  318   1                                            
   -1                                                                   
A  113421    2  722  189   1                                            
   -2                                                                   
A  113421    3 2302 2814   1                                            
   -3                                                                   
A  113421    4 1642 1150   1                                            
   -4                                                                   
A  113421    5 1744  446   1                                            
   -5                                                                   
A  199999    6 5803 1513  12                                            
    6    7    0    1    0    2    0    3    0    4    0    5            
A  113421    7 1135 1239   2                                            
    8   -6                                                              
H1 7    0    0    0    1    2 0506 0506                                 
P  7 7    1 1088 1333 0 1                                               
01 2 1088 1333              00  ãÛ“‡                                    
