M 432817‰¡“–“‡                2    8   12    5    1   75                
H2 1    8   12    5    0   71 0506 0506                                 
N  1 1    110000 6319 1 3    1   -6    7    0    0    0    0    0    0  
N  1 1    210000 4648 1 3    6   -1   -5    0    0    0    0    0    0  
N  1 1    310000 9778 1 3    5    2  -12    0    0    0    0    0    0  
N  1 1    410000 9734 1 3   12   -2  -11    0    0    0    0    0    0  
N  1 1    510000 9625 1 3   11    3  -10    0    0    0    0    0    0  
N  1 1    610000 9494 1 3   10   -3   -9    0    0    0    0    0    0  
N  1 1    710000 9215 1 3    9    4   -8    0    0    0    0    0    0  
N  1 1    810000 9097 1 3    8   -4   -7    0    0    0    0    0    0  
L  1 5    1     0    11    214630499999   192                           
10000 6319 9986 6328 9947 6345 9886 6339 9840 6350 9789 6384 9770 6381  
 9758 6402 9739 6417 9721 6415 9679 6405 9670 6406 9665 6403 9665 6382  
 9686 6353 9685 6333 9672 6320 9633 6291 9583 6244 9549 6220 9540 6219  
 9512 6247 9503 6221 9511 6186 9503 6157 9491 6153 9471 6153 9465 6147  
 9454 6108 9443 6110 9429 6120 9422 6110 9426 6104 9420 6089 9374 6060  
 9340 6011 9311 5983 9232 5895 9192 5859 9155 5816 9127 5778 9102 5709  
 9088 5622 9060 5627 9047 5623 9048 5616 9064 5593 9076 5565 9055 5526  
 9034 5502 9017 5490 8995 5495 8992 5486 8997 5460 8996 5436 8986 5394  
 8970 5363 8934 5344 8909 5345 8848 5360 8819 5374 8733 5423 8693 5455  
 8639 5509 8625 5540 8626 5565 8640 5592 8645 5632 8592 5693 8587 5719  
 8578 5717 8568 5696 8549 5678 8529 5674 8506 5686 8469 5714 8465 5714  
 8439 5680 8444 5670 8435 5681 8422 5711 8404 5733 8367 5758 8354 5780  
 8321 5793 8299 5787 8280 5794 8246 5759 8240 5757 8219 5763 8213 5794  
 8211 5832 8202 5873 8169 5899 8125 5894 8106 5871 8108 5802 8102 5785  
 8076 5770 8047 5777 8022 5796 7991 5817 7975 5808 7962 5794 7967 5739  
 7983 5707 8016 5674 8051 5634 8067 5590 8079 5489 8076 5476 8044 5486  
 8040 5478 8078 5428 8097 5386 8108 5336 8101 5297 8105 5280 8113 5270  
 8145 5247 8170 5246 8193 5226 8215 5159 8234 5145 8241 5127 8253 5058  
 8258 5049 8273 5039 8297 5034 8316 4996 8336 4927 8336 4908 8326 4885  
 8341 4851 8367 4839 8397 4818 8425 4762 8422 4734 8440 4730 8466 4747  
 8564 4765 8572 4770 8590 4794 8613 4806 8644 4812 8714 4836 8767 4844  
 8798 4834 8813 4833 8828 4838 8847 4833 8856 4854 8856 4888 8848 4931  
 8843 4941 8836 4970 8837 4985 8867 5085 8886 5131 8916 5177 8983 5174  
 9001 5183 9024 5185 9117 5147 9265 5019 9296 4984 9326 4938 9335 4934  
 9342 4911 9431 4849 9533 4764 9565 4729 9565 4702 9570 4679 9573 4676  
 9587 4676 9600 4689 9614 4699 9654 4685 9717 4640 9766 4616 9779 4604  
 9778 4566 9784 4539 9798 4528 9817 4527 9827 4547 9835 4574 9849 4602  
 9864 4616 9882 462310000 4648                                          
L  1 5    2     0    31    414630499999     4                           
10000 9778 9992 9773 9988 975710000 9734                                
L  1 5    3     0    51    614630499999    16                           
10000 9625 9993 9607 9985 9599 9962 9611 9927 9618 9922 9615 9915 9603  
 9915 9584 9922 9561 9945 9533 9962 9539 9977 9550 9990 9550 9985 9512  
 9986 950010000 9494                                                    
L  1 5    4     0    71    814630499999     6                           
10000 9215 9988 9210 9972 9194 9963 9110 9969 910210000 9097            
L  1 9    5     9    31    219999988888     6                           
10000 97781000010000    010000    0    010000    010000 4648            
L  1 9    6     9    21    114630488888     2                           
10000 464810000 6319                                                    
L  1 9    7     9    11    819999988888     2                           
10000 631910000 9097                                                    
L  1 9    8     9    81    714630488888     2                           
10000 909710000 9215                                                    
L  1 9    9     9    71    619999988888     2                           
10000 921510000 9494                                                    
L  1 9   10     9    61    514630488888     2                           
10000 949410000 9625                                                    
L  1 9   11     9    51    419999988888     2                           
10000 962510000 9734                                                    
L  1 9   12     9    41    314630488888     2                           
10000 973410000 9778                                                    
A  199999    1 4858 6414   8                                            
    1   -5    2  -11    3   -9    4   -7                                
A  146304    2 9497 5472   2                                            
   -6   -1                                                              
A  146304    3 9994 9756   2                                            
  -12   -2                                                              
A  146304    4 9962 9558   2                                            
  -10   -3                                                              
A  146304    5 9984 9156   2                                            
   -8   -4                                                              
H1 7    0    0    0    1    2 0506 0506                                 
P  7 7    1 9068 5320 0 1                                               
01 3 9068 5320              00  ‰¡“–“‡                                  
