M 432910â°ìñ                  2    8   12    5    2   64                
H2 1    8   12    5    0   58 0506 0506                                 
N  1 1    1    0 4648 1 3    1    5  -12    0    0    0    0    0    0  
N  1 1    2    0 6319 1 3    6   -5   -1    0    0    0    0    0    0  
N  1 1    3    0 9097 1 3    7   -6    2    0    0    0    0    0    0  
N  1 1    4    0 9778 1 3   -2   12  -11    0    0    0    0    0    0  
N  1 1    5    0 9494 1 3    9   -8    3    0    0    0    0    0    0  
N  1 1    6    0 9215 1 3   -3    8   -7    0    0    0    0    0    0  
N  1 1    7    0 9734 1 3   11  -10    4    0    0    0    0    0    0  
N  1 1    8    0 9625 1 3   -4   10   -9    0    0    0    0    0    0  
L  1 5    1     0    11    214630499999    54                           
    0 4648   91 4676  112 4691  164 4719  204 4720  223 4743  282 4774  
  301 4790  318 4815  331 4854  338 4889  362 4978  395 5021  398 5051  
  386 5061  391 5133  400 5195  405 5203  420 5196  431 5196  422 5229  
  414 5231  419 5279  427 5329  446 5445  450 5521  418 5663  424 5711  
  412 5715  392 5728  380 5743  378 5754  390 5779  389 5800  380 5827  
  366 5835  342 5835  329 5844  317 5863  302 5902  302 5934  307 5947  
  318 5960  324 5975  318 5981  291 5990  275 6001  255 6038  227 6106  
  188 6154  115 6246   60 6289   21 6305    0 6319                      
L  1 5    2     0    31    414630499999    58                           
    0 9097   16 9095   79 9096   84 9079  120 8986  153 8941  185 8913  
  212 8896  255 8877  291 8883  420 8920  485 8981  506 8982  565 8940  
  613 8941  645 8959  652 8972  653 8989  648 9021  644 9025  579 9018  
  559 9024  494 9065  481 9078  478 9092  476 9150  471 9182  435 9326  
  409 9422  407 9507  389 9597  375 9723  384 9754  437 9800  435 9811  
  385 9937  365 9961  354 9956  338 9935  334 9935  320 9953  305 9958  
  264 9949  244 9953  241 9950  246 9914  242 9891  233 9883  219 9878  
  211 9864  224 9818  216 9789  182 9766  144 9750  101 9759   31 9778  
    3 9781    0 9778                                                    
L  1 5    3     0    51    614630499999     9                           
    0 9494    3 9492    2 9477   14 9384   32 9323   53 9273   58 9250  
   48 9235    0 9215                                                    
L  1 5    4     0    71    814630499999     4                           
    0 9734   19 9720   23 9708    0 9625                                
L  1 9    5     9    11    218888846304     2                           
    0 4648    0 6319                                                    
L  1 9    6     9    21    318888899999     2                           
    0 6319    0 9097                                                    
L  1 9    7     9    31    618888846304     2                           
    0 9097    0 9215                                                    
L  1 9    8     9    61    518888899999     2                           
    0 9215    0 9494                                                    
L  1 9    9     9    51    818888846304     2                           
    0 9494    0 9625                                                    
L  1 9   10     9    81    718888899999     2                           
    0 9625    0 9734                                                    
L  1 9   11     9    71    418888846304     2                           
    0 9734    0 9778                                                    
L  1 9   12     9    41    118888899999     6                           
    0 9778    010000100001000010000    0    0    0    0 4648            
A  199999    1 5001 6318   4                                            
    1    6    2   12                                                    
A  146304    2  224 5484   2                                            
    5   -1                                                              
A  146304    3  210 9418   6                                            
    7   -3    9   -4   11   -2                                          
A  199999    4   11 9354   2                                            
    3    8                                                              
A  199999    5    8 9682   2                                            
    4   10                                                              
H1 7    0    0    0    2    4 0506 0506                                 
P  7 7    1    0 5600 0 1                                               
01 3    0 5600              00  â°ìñìá                                  
P  7 7    2  222 9333 0 1                                               
01 4  222 9333              00  è„Émç™ìá                                
M 432951ïÛìá                  2    3    3    3    2   59                
H2 1    3    3    3    0   53 0506 0506                                 
N  1 2    1 6025 5977 0 2    1   -1    0    0    0    0    0    0    0  
N  1 2    2 6847 8473 0 2    2   -2    0    0    0    0    0    0    0  
N  1 1    310000    0 1 2   -3    3    0    0    0    0    0    0    0  
L  1 5    1     0    10    104630499999    16                           
 6025 5977 6029 5973 6060 5972 6064 5977 6066 6003 6060 6019 6032 6043  
 6014 6049 5997 6047 5991 6042 5987 6026 5990 5996 5998 5987 6008 5977  
 6025 5974 6025 5977                                                    
L  1 5    2     0    20    204630499999   258                           
 6847 8473 6900 8482 6909 8457 6921 8409 6936 8370 6845 8340 6852 8310  
 6819 8302 6813 8318 6771 8302 6777 8278 6771 8278 6750 8264 6725 8240  
 6698 8224 6684 8231 6671 8243 6670 8255 6670 8328 6638 8327 6636 8312  
 6594 8315 6589 8285 6579 8282 6548 8278 6520 8283 6501 8292 6491 8298  
 6488 8471 6510 8482 6391 8558 6389 8563 6363 8577 6328 8603 6265 8638  
 6233 8645 6206 8656 6179 8661 6106 8647 6020 8639 5866 8606 5789 8577  
 5707 8516 5592 8399 5541 8364 5429 8318 5398 8311 5369 8284 5342 8266  
 5323 8264 5289 8293 5270 8323 5258 8332 5245 8300 5213 8262 5206 8225  
 5212 8206 5218 8200 5217 8167 5196 8114 5137 8031 5113 7986 5098 7915  
 5100 7890 5117 7822 5140 7803 5177 7784 5203 7760 5223 7747 5258 7700  
 5282 7680 5297 7659 5300 7650 5316 7627 5329 7594 5342 7578 5356 7539  
 5375 7508 5414 7459 5430 7446 5446 7413 5505 7323 5526 7277 5565 7206  
 5656 7066 5685 7007 5732 6918 5770 6868 5821 6806 5854 6754 5877 6734  
 5895 6729 5915 6737 5914 6688 5918 6657 5930 6652 5962 6662 5967 6660  
 5946 6633 5945 6621 5967 6577 6043 6480 6113 6351 6211 6193 6301 6101  
 6329 6079 6327 6078 6338 6060 6378 6020 6430 5987 6489 5972 6517 5972  
 6547 5966 6644 5943 6662 5928 6699 5856 6720 5834 6769 5768 6797 5748  
 6850 5731 6877 5727 6901 5719 6940 5676 6984 5656 7017 5624 7028 5618  
 7043 5620 7070 5609 7093 5580 7194 5386 7236 5291 7325 5195 7348 5181  
 7361 5179 7390 5155 7415 5123 7471 5034 7495 5009 7527 4992 7565 4966  
 7659 4905 7667 4879 7694 4841 7719 4821 7740 4810 7752 4788 7760 4783  
 7771 4787 7777 4769 7795 4768 7811 4785 7813 4824 7821 4838 7822 4834  
 7834 4827 7850 4844 7848 4852 7854 4871 7873 4887 7890 4906 7906 4914  
 7900 4936 7917 4950 7900 4973 7901 4985 7917 4975 7926 4992 7917 5016  
 7918 5030 7924 5046 7938 5047 7946 5057 7931 5077 7931 5084 7946 5089  
 7941 5107 7923 5127 7901 5185 7875 5220 7862 5249 7853 5278 7820 5424  
 7806 5467 7775 5533 7758 5582 7727 5702 7678 5820 7670 5852 7667 5887  
 7679 6000 7726 6233 7736 6313 7732 6499 7709 6618 7708 6628 7686 6681  
 7673 6735 7665 6782 7665 6821 7673 6939 7671 6974 7654 7060 7655 7098  
 7681 7192 7682 7223 7693 7227 7717 7271 7761 7271 7780 7275 7833 7319  
 7861 7351 7915 7440 7934 7486 7940 7515 7945 7610 7966 7703 7975 7761  
 7974 7805 7957 7842 7933 7869 7932 7892 7939 7932 7937 7963 7922 8032  
 7922 8066 7927 8068 7944 8092 7952 8127 7951 8145 7935 8212 7909 8296  
 7881 8350 7835 8404 7819 8435 7766 8510 7696 8566 7658 8589 7644 8594  
 7557 8597 7527 8593 7527 8599 7460 8570 7452 8556 7450 8533 7457 8509  
 7446 8509 7441 8522 7431 8597 7418 8605 7336 8629 7236 8650 7136 8651  
 7079 8647 7015 8626 6963 8587 6922 8547 6904 8525 6847 8473            
L  1 9    3     9    31    318888899999     5                           
10000    0    0    0    010000100001000010000    0                      
A  146304    1 6026 6010   1                                            
   -1                                                                   
A  146304    2 6795 6729   1                                            
   -2                                                                   
A  199999    3 2948 6729   5                                            
    3    0    1    0    2                                               
H1 7    0    0    0    2    4 0506 0506                                 
P  7 6    1 7666 5166 0 1                                               
01 3 7666 5166              00  çrñÿçÈ                                  
P  7 7    2 6688 7166 0 1                                               
01 2 6688 7166              00  ïÛìá                                    
M 432962è¨ïÛìá                2    6    6    6    2   62                
H2 1    6    6    6    0   56 0506 0506                                 
N  1 2    1 9248 6833 0 2    1   -1    0    0    0    0    0    0    0  
N  1 2    2 8817 6889 0 2    2   -2    0    0    0    0    0    0    0  
N  1 2    3 7660 6546 0 2    3   -3    0    0    0    0    0    0    0  
N  1 2    4 6511 5806 0 2    4   -4    0    0    0    0    0    0    0  
N  1 2    5 5868 5987 0 2    5   -5    0    0    0    0    0    0    0  
N  1 1    610000    0 1 2   -6    6    0    0    0    0    0    0    0  
L  1 5    1     0    10    104630499999    12                           
 9248 6833 9243 6812 9251 6783 9266 6783 9279 6798 9289 6828 9289 6847  
 9278 6854 9265 6846 9258 6839 9250 6847 9248 6833                      
L  1 5    2     0    20    204630499999    13                           
 8817 6889 8819 6902 8808 6906 8794 6920 8780 6930 8773 6908 8771 6865  
 8777 6830 8794 6814 8815 6814 8826 6837 8832 6872 8817 6889            
L  1 5    3     0    30    304630499999    60                           
 7660 6546 7667 6534 7703 6536 7750 6545 7777 6566 7814 6585 7838 6608  
 7873 6627 7921 6646 7949 6649 7977 6691 8008 6722 8050 6758 8064 6791  
 8067 6848 8059 6857 8058 6867 8071 6895 8074 6929 8068 6982 8063 7040  
 8055 7066 8030 7079 8016 7102 8017 7125 8053 7139 8052 7162 8007 7178  
 7986 7193 7948 7193 7920 7185 7895 7192 7866 7189 7846 7207 7820 7209  
 7788 7216 7758 7212 7731 7226 7677 7206 7653 7193 7629 7155 7624 7142  
 7636 7091 7626 7045 7607 7058 7601 7064 7597 6990 7599 6939 7578 6941  
 7578 6913 7581 6837 7578 6784 7581 6760 7588 6745 7595 6667 7600 6644  
 7616 6626 7632 6602 7652 6560 7660 6546                                
L  1 5    4     0    40    404630499999     9                           
 6511 5806 6524 5838 6527 5867 6507 5887 6491 5870 6484 5849 6488 5817  
 6495 5808 6511 5806                                                    
L  1 5    5     0    50    504630499999   108                           
 5868 5987 5958 5945 5963 5920 5990 5896 6032 5879 6062 5857 6087 5822  
 6110 5813 6161 5791 6207 5761 6211 5735 6243 5734 6258 5736 6262 5697  
 6281 5698 6326 5704 6349 5718 6351 5732 6342 5746 6339 5756 6338 5768  
 6347 5787 6374 5802 6395 5829 6416 5821 6439 5818 6453 5828 6464 5860  
 6478 5899 6496 5940 6522 5986 6525 5999 6521 6026 6518 6037 6527 6054  
 6543 6089 6573 6147 6595 6191 6588 6222 6587 6271 6604 6295 6619 6331  
 6615 6347 6632 6367 6654 6383 6669 6406 6681 6442 6691 6493 6689 6549  
 6686 6604 6680 6679 6670 6739 6660 6779 6643 6808 6645 6832 6640 6871  
 6633 6872 6614 6862 6602 6852 6589 6871 6585 6886 6551 6886 6511 6906  
 6474 6923 6437 6941 6409 6960 6381 6988 6362 7006 6355 7001 6341 6990  
 6316 6978 6263 6969 6222 6966 6181 6954 6146 6929 6120 6912 6088 6900  
 6051 6888 6024 6868 6003 6840 5976 6827 5960 6826 5942 6808 5909 6758  
 5870 6720 5824 6694 5807 6684 5784 6647 5753 6595 5733 6556 5715 6515  
 5708 6480 5697 6438 5693 6390 5701 6351 5720 6295 5711 6259 5722 6219  
 5774 6181 5792 6167 5793 6158 5805 6128 5828 6111 5835 6107 5832 6089  
 5839 6040 5853 6007 5868 5987                                          
L  1 9    6     9    61    618888899999     5                           
10000    0    0    0    010000100001000010000    0                      
A  146304    1 9265 6818   1                                            
   -1                                                                   
A  146304    2 8802 6871   1                                            
   -2                                                                   
A  146304    3 7822 6880   1                                            
   -3                                                                   
A  146304    4 6505 5846   1                                            
   -4                                                                   
A  146304    5 6160 6352   1                                            
   -5                                                                   
A  199999    6 2859 6522  11                                            
    6    0    1    0    2    0    3    0    4    0    5                 
H1 7    0    0    0    2    4 0506 0506                                 
P  7 7    1 7755 6900 0 1                                               
01 2 7755 6900              00  è¨ìá                                    
P  7 7    2 6177 6366 0 1                                               
01 3 6177 6366              00  è¨ïÛìá                                  
