M 452907Œû”V                  2    3    4    3    1   28                
H2 1    3    4    3    0   24 0506 0506                                 
N  1 2    1 3661  356 0 2    1   -1    0    0    0    0    0    0    0  
N  1 1    2 3573    0 1 3    2   -4   -3    0    0    0    0    0    0  
N  1 1    3 3044    0 1 3    4   -2    3    0    0    0    0    0    0  
L  1 5    1     0    10    104630499999    16                           
 3661  356 3665  370 3666  386 3658  407 3656  429 3650  440 3598  466  
 3592  463 3590  439 3584  385 3588  369 3607  358 3613  350 3631  339  
 3643  340 3661  356                                                    
L  1 5    2     0    21    314630499999    42                           
 3573    0 3552   49 3546   79 3562  165 3561  244 3551  279 3547  311  
 3555  339 3572  358 3546  395 3540  409 3520  436 3514  457 3508  465  
 3478  451 3458  430 3446  424 3428  424 3408  415 3386  429 3370  404  
 3358  391 3356  372 3350  363 3332  358 3298  355 3288  344 3252  324  
 3200  289 3170  275 3142  266 3132  258 3122  239 3116  220 3113  196  
 3099  155 3075  122 3073  103 3077   87 3071   65 3052   11 3044    0  
L  1 9    3     9    31    218888899999     6                           
 3044    0    0    0    010000100001000010000    0 3573    0            
L  1 9    4     9    31    214630488888     2                           
 3044    0 3573    0                                                    
A  146304    1 3623  402   1                                            
   -1                                                                   
A  199999    2 5000 4765   4                                            
    2    3    0    1                                                    
A  146304    3 3340  232   2                                            
   -4   -2                                                              
H1 7    0    0    0    1    2 0506 0506                                 
P  7 6    1 3444  333 0 1                                               
01 4 3444  333              00  ƒZƒŠƒC–¦                                
