M 474010                      2    2    2    2    1   18                
H2 1    2    2    2    0   14 0506 0506                                 
N  1 2    1 4257 2350 0 2    1   -1    0    0    0    0    0    0    0  
N  1 1    210000    0 1 2   -2    2    0    0    0    0    0    0    0  
L  1 5    1     0    10    101380399999    30                           
 4257 2350 4257 2345 4265 2335 4268 2302 4264 2276 4267 2194 4280 2123  
 4287 2114 4284 2095 4294 2093 4336 2095 4343 2089 4349 2090 4364 2109  
 4383 2119 4388 2126 4383 2142 4371 2152 4359 2152 4333 2237 4329 2263  
 4333 2287 4335 2310 4323 2358 4326 2371 4315 2379 4292 2351 4276 2342  
 4261 2344 4257 2350                                                    
L  1 9    2     9    21    218888899999     5                           
10000    0    0    0    010000100001000010000    0                      
A  113803    1 4300 2234   1                                            
   -1                                                                   
A  199999    2 5000 4572   3                                            
    2    0    1                                                         
H1 7    0    0    0    1    2 0506 0506                                 
P  7 7    1 4288 2200 0 1                                               
01 4 4288 2200              00  ê{î¸éıìá                                
