M 543507‰z‘O                  2    3    5    3    0   35                
H2 1    3    4    3    0   29 0506 0506                                 
N  1 2    1 9906 1929 0 2    1   -1    0    0    0    0    0    0    0  
N  1 1    210000 1925 1 3    2   -4   -3    0    0    0    0    0    0  
N  1 1    3 8086    0 1 3    4   -2    3    0    0    0    0    0    0  
L  1 5    1     0    10    101842499999    10                           
 9906 1929 9928 1919 9939 1924 9927 1973 9916 1998 9896 1998 9895 1987  
 9883 1979 9894 1943 9906 1929                                          
L  1 5    2     0    21    311842499999    84                           
10000 1925 9992 1926 9975 1916 9937 1873 9933 1851 9945 1829 9931 1809  
 9883 1802 9856 1779 9825 1723 9818 1679 9792 1637 9710 1533 9693 1530  
 9663 1517 9625 1481 9542 1351 9524 1281 9486 1218 9460 1186 9468 1167  
 9463 1146 9440 1120 9387 1106 9369 1106 9358 1116 9328 1087 9299 1036  
 9253  976 9232  938 9207  905 9160  857 9133  818 9116  775 9086  718  
 9058  697 9014  655 8993  652 8966  642 8953  658 8944  663 8864  675  
 8819  683 8808  680 8780  650 8737  554 8682  458 8642  389 8632  359  
 8619  343 8603  301 8569  254 8509  216 8492  203 8483  200 8412  169  
 8362  145 8311  114 8279  171 8284  180 8282  186 8263  201 8242  203  
 8220  199 8207  211 8184  206 8174  194 8160  196 8141  185 8131  188  
 8131  194 8118  207 8102  195 8093  162 8115  134 8123  130 8136  142  
 8139  137 8134  111 8108  102 8107   97 8118   73 8087   18 8086    0  
L  1 9    3     9    31    218888899999     5                           
 8086    0    0    0    010000100001000010000 1925                      
L  1 9    4     9    31    211842488888     3                           
 8086    010000    010000 1925                                          
A  118424    1 9910 1958   1                                            
   -1                                                                   
A  199999    2 5000 4800   4                                            
    2    3    0    1                                                    
A  118424    3 9623  962   2                                            
   -4   -2                                                              
H1 2    0    1    0    0    4 0506 0506                                 
L  2 2    1     0    00    00              18                           
10000 1766 9944 1750 9888 1708 9581 1331 9540 1204 9500 1115 9465 1093  
 9362 1089 9047  643 9010  633 8810  645 8653  296 8591  220 8476  164  
 8357   89 8239  102 8195   88 8116    0                                
