M 563605äFåé                  2    2    5    2    0   33                
H2 1    2    3    2    0   26 0506 0506                                 
N  1 1    110000  757 1 3    1   -3   -2    0    0    0    0    0    0  
N  1 1    2 9219    0 1 3    3   -1    2    0    0    0    0    0    0  
L  1 5    1     0    11    211746299999   102                           
10000  757 9932  749 9895  749 9845  758 9811  784 9793  806 9740  893  
 9705  955 9699  988 9706  994 9709 1040 9719 1053 9735 1054 9746 1048  
 9760 1066 9760 1074 9735 1099 9700 1105 9684 1091 9662 1088 9653 1084  
 9650 1093 9651 1133 9659 1141 9661 1152 9658 1165 9634 1199 9630 1214  
 9605 1242 9587 1253 9567 1275 9549 1286 9535 1286 9453 1365 9413 1382  
 9381 1377 9365 1369 9350 1373 9318 1371 9298 1377 9276 1376 9251 1409  
 9247 1409 9225 1374 9225 1342 9237 1319 9273 1287 9262 1256 9256 1229  
 9243 1214 9238 1192 9245 1172 9238 1147 9238 1126 9229 1089 9215 1078  
 9213 1081 9193 1091 9186 1081 9187 1058 9204 1030 9195  970 9197  961  
 9214  971 9247  929 9269  876 9285  844 9291  821 9296  814 9305  760  
 9325  721 9337  719 9354  696 9370  680 9363  677 9357  650 9366  603  
 9381  596 9406  599 9416  581 9431  536 9433  504 9427  460 9424  395  
 9417  381 9407  376 9404  378 9376  373 9371  375 9354  333 9341  312  
 9354  281 9339  264 9335  251 9328  244 9326  229 9338  191 9337  172  
 9321  166 9294  101 9267   47 9219    0                                
L  1 9    2     9    21    118888899999     5                           
 9219    0    0    0    010000100001000010000  757                      
L  1 9    3     9    21    111746288888     3                           
 9219    010000    010000  757                                          
A  199999    1 4661  728   2                                            
    1    2                                                              
A  117462    2 9661  728   2                                            
   -3   -1                                                              
H1 2    0    2    0    0    5 0506 0506                                 
L  2 5    1     0    00    00               8                           
 9415    0 9478  153 9490  582 9346  868 9334 1054 9382 1154 9490 1126  
 9667  985                                                              
L  2 4    2     0    00    00               5                           
10000  755 9935  736 9863  741 9799  770 9667  985                      
M 563606äFåé                  2   11   31    8    0  281                
H2 1   11   15    8    0  204 0506 0506                                 
N  1 1    1    0  757 1 3   -7   13   15    0    0    0    0    0    0  
N  1 2    2 2416 4081 0 3   -8    7    1    0    0    0    0    0    0  
N  1 1    3 3509    0 1 3    9   -1  -13    0    0    0    0    0    0  
N  1 1    4 5406    0 1 3   12    2  -11    0    0    0    0    0    0  
N  1 1    5 6476    0 1 3   14   -2  -12    0    0    0    0    0    0  
N  1 1    6 3628    0 1 3   10    3   -9    0    0    0    0    0    0  
N  1 1    7 4334    0 1 3   11   -3  -10    0    0    0    0    0    0  
N  1 2    8 2372 4102 0 2    4   -4    0    0    0    0    0    0    0  
N  1 2    9 7604 7640 0 2    5   -5    0    0    0    0    0    0    0  
N  1 2   10 9648 8489 0 2    6   -6    0    0    0    0    0    0    0  
N  1 1   1110000 8526 1 3  -15    8  -14    0    0    0    0    0    0  
L  1 3    1     0    20    311720417462    82                           
 2416 4081 2425 4059 2429 4035 2451 3967 2482 3910 2502 3889 2583 3829  
 2616 3799 2640 3756 2667 3664 2678 3637 2728 3548 2761 3347 2761 3307  
 2752 3261 2748 3253 2750 3223 2794 3077 2807 3007 2849 2944 2853 2925  
 2853 2893 2862 2869 2930 2782 2976 2671 3018 2606 3027 2587 3044 2520  
 3064 2487 3088 2422 3106 2392 3198 2306 3225 2216 3238 2122 3227 2024  
 3189 1911 3178 1851 3183 1786 3180 1735 3167 1713 3121 1695 3099 1681  
 3062 1611 3042 1557 3037 1535 3031 1470 3064 1424 3090 1400 3136 1319  
 3174 1267 3191 1202 3233 1154 3255 1121 3272 1083 3299  986 3301  915  
 3294  886 3264  818 3253  802 3187  794 3160  780 3143  745 3118  640  
 3114  599 3118  461 3138  405 3156  380 3195  340 3246  302 3272  275  
 3292  247 3323  185 3325  166 3307   99 3305   77 3309   55 3320   42  
 3334   34 3389   23 3487   20 3501   12 3509    0                      
L  1 3    2     0    41    511720417462   109                           
 5406    0 5474   53 5505   88 5545  153 5582  223 5593  258 5611  299  
 5633  337 5637  353 5626  375 5624  386 5626  407 5644  475 5681  567  
 5778  756 5778  777 5758  851 5756  878 5761  902 5778  932 5864 1053  
 5882 1105 5895 1129 5921 1153 5952 1188 5972 1221 6005 1261 6051 1304  
 6077 1321 6117 1315 6152 1302 6185 1296 6216 1302 6262 1318 6275 1331  
 6284 1358 6306 1396 6352 1456 6379 1480 6405 1496 6475 1564 6524 1601  
 6541 1628 6568 1658 6583 1666 6638 1712 6676 1736 6770 1807 6794 1815  
 6805 1804 6810 1777 6807 1752 6812 1698 6810 1666 6812 1628 6809 1471  
 6783 1428 6768 1398 6743 1314 6768 1279 6772 1252 6754 1220 6743 1168  
 6706 1077 6704 1052 6706 1025 6717  993 6728  933 6743  903 6769  876  
 6787  852 6794  822 6794  738 6787  703 6769  671 6754  660 6745  687  
 6730  728 6635  877 6587  942 6552  974 6519  982 6449  963 6391  966  
 6376  958 6372  947 6387  928 6407  915 6427  874 6448  842 6459  804  
 6451  750 6455  739 6475  720 6534  677 6547  671 6554  655 6558  560  
 6578  501 6571  463 6540  385 6532  341 6536  290 6532  268 6492  147  
 6488  120 6476   30 6479    1 6476    0                                
L  1 3    3     0    61    711720417462    26                           
 3628    0 3635   15 3650   33 3674   47 3723   50 3769   39 3817   17  
 3868    6 3925   25 3951   25 3986   20 4013   20 4033   25 4072   52  
 4105   57 4160   71 4178   84 4206  119 4228  130 4257  138 4310  144  
 4323  138 4329  130 4334  117 4338   49 4334    0                      
L  1 5    4     0    80    801746299999    10                           
 2372 4102 2374 4105 2359 4135 2348 4140 2337 4135 2313 4092 2321 4084  
 2341 4089 2354 4092 2372 4102                                          
L  1 5    5     0    90    901720499999    13                           
 7604 7640 7608 7635 7621 7635 7641 7627 7650 7629 7652 7656 7650 7667  
 7630 7689 7624 7689 7619 7678 7617 7665 7608 7654 7604 7640            
L  1 5    6     0   100   1001720499999    23                           
 9648 8489 9644 8483 9641 8473 9657 8473 9672 8481 9701 8494 9716 8497  
 9721 8502 9730 8518 9727 8559 9719 8567 9705 8556 9699 8556 9683 8554  
 9679 8543 9683 8535 9701 8524 9699 8519 9690 8513 9677 8502 9666 8502  
 9657 8492 9648 8489                                                    
L  1 5    7     0    20    111746299999   233                           
 2416 4081 2403 4084 2394 4081 2398 4073 2396 4062 2390 4054 2385 4032  
 2376 3967 2368 3951 2350 3951 2341 3959 2295 3957 2293 3948 2299 3932  
 2317 3921 2315 3916 2304 3908 2319 3908 2339 3894 2348 3873 2357 3819  
 2352 3800 2343 3805 2335 3805 2317 3794 2313 3770 2324 3756 2315 3746  
 2317 3732 2337 3721 2352 3705 2339 3681 2321 3664 2280 3659 2264 3673  
 2222 3678 2229 3697 2218 3713 2214 3735 2161 3759 2152 3748 2139 3716  
 2134 3651 2154 3640 2156 3635 2132 3616 2112 3586 2112 3575 2101 3562  
 2079 3554 2062 3559 2051 3573 2051 3592 2044 3605 2042 3622 2025 3657  
 2018 3659 2014 3657 2018 3697 2014 3732 2005 3749 1994 3749 1985 3741  
 1983 3700 1992 3681 1994 3643 1978 3646 1967 3687 1959 3700 1943 3705  
 1923 3692 1926 3630 1912 3635 1899 3646 1904 3668 1901 3678 1890 3697  
 1890 3703 1879 3708 1871 3703 1866 3689 1868 3668 1864 3622 1860 3614  
 1827 3592 1794 3608 1772 3611 1739 3587 1704 3579 1695 3552 1677 3541  
 1664 3544 1633 3517 1605 3503 1554 3495 1547 3479 1539 3471 1503 3473  
 1484 3482 1462 3468 1462 3465 1448 3463 1391 3463 1380 3479 1378 3493  
 1273 3487 1259 3474 1240 3466 1220 3463 1180 3439 1152 3436 1138 3463  
 1121 3471 1108 3482 1094 3485 1072 3471 1046 3479 1022 3450 1007 3442  
  987 3436  938 3439  914 3436  881 3439  859 3434  800 3409  758 3437  
  751 3431  756 3415  749 3393  754 3377  760 3366  745 3353  732 3339  
  736 3320  703 3291  701 3274  703 3234  677 3231  670 3218  677 3207  
  677 3201  668 3172  642 3163  613 3177  611 3147  602 3134  635 3099  
  637 3082  595 3001  584 2993  565 2988  571 2931  580 2912  578 2896  
  571 2888  573 2853  569 2831  571 2807  567 2750  573 2733  571 2717  
  547 2688  499 2682  485 2663  488 2655  503 2628  512 2598  512 2582  
  492 2571  468 2563  455 2550  428 2552  426 2531  411 2523  397 2496  
  373 2493  351 2509  301 2528  290 2517  288 2471  307 2461  310 2463  
  325 2450  342 2425  358 2393  373 2374  375 2355  373 2325  380 2314  
  417 2290  435 2290  450 2285  452 2258  446 2231  448 2225  444 2204  
  446 2166  459 2147  512 2114  523 2111  545 2095  576 2082  600 2106  
  628 2098  683 2095  705 2084  765 2025  782 1998  795 1965  798 1903  
  765 1741  743 1676  718 1646  716 1635  721 1616  714 1578  685 1516  
  613 1403  578 1281  520 1192  483 1165  459 1154  433 1146  428 1103  
  413 1070  395 1051  342 1011  279  954  241  932  158  832  129  808  
   65  781    0  757                                                    
L  1 5    8     0   111    201720499999   565                           
10000 8526 9967 8513 9956 8507 9932 8486 9916 8461 9923 8437 9934 8410  
 9932 8397 9925 8388 9910 8386 9897 8380 9883 8380 9855 8410 9855 8429  
 9870 8448 9868 8456 9859 8462 9850 8462 9831 8472 9751 8483 9723 8494  
 9703 8489 9650 8456 9617 8424 9613 8421 9608 8408 9615 8402 9628 8405  
 9639 8413 9644 8413 9646 8394 9641 8392 9644 8381 9666 8340 9663 8310  
 9643 8270 9626 8262 9529 8267 9483 8246 9470 8235 9417 8219 9401 8224  
 9364 8219 9351 8208 9316 8197 9291 8184 9285 8192 9254 8197 9223 8165  
 9223 8157 9217 8143 9181 8130 9170 8127 9164 8108 9124 8076 9115 8044  
 9076 8033 9056 8014 9032 7973 9012 7949 8992 7917 8963 7903 8935 7895  
 8928 7890 8919 7895 8908 7884 8908 7876 8902 7868 8880 7866 8847 7871  
 8834 7879 8829 7895 8825 7922 8827 7925 8814 7960 8757 8014 8744 8017  
 8726 8001 8708 7993 8702 7979 8686 7971 8677 7979 8664 7985 8607 7985  
 8587 7961 8585 7955 8550 7944 8537 7947 8523 7958 8501 7966 8482 7969  
 8460 7961 8438 7945 8420 7937 8422 7912 8433 7885 8440 7861 8438 7812  
 8442 7782 8455 7769 8449 7758 8418 7736 8424 7704 8422 7699 8407 7685  
 8374 7682 8352 7685 8338 7693 8328 7737 8319 7750 8290 7766 8273 7815  
 8262 7829 8244 7877 8233 7885 8220 7877 8213 7869 8191 7877 8178 7904  
 8169 7902 8154 7875 8138 7864 8123 7875 8110 7872 8099 7853 8094 7850  
 8072 7851 8048 7845 8033 7829 8022 7810 7984 7807 7982 7770 7976 7759  
 7943 7737 7923 7740 7903 7737 7894 7716 7896 7697 7883 7670 7879 7632  
 7892 7613 7892 7602 7887 7599 7872 7599 7843 7616 7817 7648 7804 7662  
 7771 7664 7760 7675 7725 7683 7718 7694 7716 7719 7698 7727 7683 7724  
 7676 7708 7683 7694 7665 7681 7659 7662 7661 7640 7657 7629 7646 7616  
 7621 7619 7606 7621 7602 7600 7608 7581 7617 7567 7617 7562 7601 7540  
 7568 7565 7555 7562 7551 7548 7555 7532 7575 7516 7586 7484 7586 7467  
 7573 7470 7553 7500 7544 7497 7535 7473 7551 7454 7551 7438 7560 7411  
 7551 7370 7549 7365 7538 7357 7516 7354 7491 7338 7474 7332 7450 7340  
 7441 7340 7423 7324 7425 7316 7414 7319 7408 7300 7421 7284 7405 7273  
 7399 7276 7392 7289 7383 7286 7375 7289 7353 7278 7333 7287 7317 7281  
 7315 7257 7304 7238 7284 7230 7278 7233 7265 7227 7243 7197 7229 7173  
 7223 7133 7238 7078 7236 7065 7216 7049 7214 7043 7199 7030 7194 7030  
 7192 7035 7170 7046 7172 7035 7166 7014 7132 6984 7104 6949 7086 6922  
 7073 6919 7060 6903 7049 6873 7047 6844 7003 6852 6939 6887 6934 6909  
 6917 6925 6904 6928 6886 6922 6877 6930 6866 6930 6860 6906 6873 6857  
 6884 6833 6890 6809 6888 6776 6890 6709 6877 6676 6875 6676 6873 6657  
 6815 6619 6805 6622 6767 6614 6761 6609 6754 6592 6736 6576 6734 6538  
 6745 6514 6679 6449 6653 6430 6631 6420 6617 6403 6602 6393 6580 6390  
 6573 6401 6551 6387 6549 6374 6551 6344 6538 6333 6525 6333 6518 6320  
 6525 6309 6514 6301 6492 6306 6483 6298 6474 6282 6461 6271 6444 6263  
 6435 6266 6386 6263 6360 6236 6356 6212 6349 6196 6323 6177 6305 6182  
 6287 6182 6268 6171 6199 6180 6175 6177 6158 6215 6136 6223 6118 6223  
 6096 6207 6078 6201 6063 6210 6032 6207 6026 6231 5955 6231 5929 6245  
 5929 6229 5938 6218 5953 6207 5949 6199 5935 6193 5898 6191 5858 6164  
 5856 6169 5845 6172 5817 6156 5801 6142 5788 6150 5779 6164 5753 6153  
 5720 6172 5711 6164 5709 6148 5713 6134 5709 6132 5691 6132 5674 6142  
 5656 6148 5634 6137 5606 6107 5588 6094 5555 6075 5544 6064 5531 6072  
 5518 6086 5504 6083 5487 6070 5441 6091 5414 6097 5410 6094 5377 6100  
 5348 6078 5344 6070 5320 6062 5293 6048 5271 6046 5229 6054 5179 6043  
 5166 6038 5155 6005 5152 5978 5135 5932 5113 5892 5113 5884 5100 5878  
 5084 5884 5064 5881 5053 5876 5053 5870 5007 5862 4987 5824 4981 5784  
 4987 5743 4985 5713 4983 5713 4976 5692 4978 5613 4983 5592 4992 5578  
 5007 5527 5018 5513 5036 5521 5060 5519 5071 5511 5060 5502 5044 5484  
 4981 5494 4952 5492 4932 5478 4910 5478 4868 5497 4831 5511 4732 5514  
 4706 5503 4703 5487 4721 5462 4721 5452 4681 5454 4679 5435 4688 5414  
 4666 5400 4653 5354 4637 5352 4626 5354 4624 5327 4626 5319 4624 5314  
 4611 5314 4600 5289 4600 5279 4589 5273 4585 5287 4569 5289 4563 5279  
 4563 5265 4569 5249 4571 5230 4578 5227 4582 5214 4578 5192 4556 5195  
 4543 5200 4532 5189 4527 5171 4534 5168 4527 5154 4508 5157 4483 5168  
 4477 5152 4486 5095 4468 5060 4470 5046 4505 5033 4496 4941 4477 4873  
 4463 4846 4448 4830 4356 4765 4331 4749 4327 4749 4323 4735 4305 4735  
 4274 4746 4283 4765 4261 4792 4239 4819 4235 4819 4226 4828 4222 4857  
 4224 4873 4237 4901 4224 4919 4208 4933 4204 4933 4193 4941 4189 4952  
 4178 4955 4162 4995 4142 5020 4134 5036 4129 5039 4118 5036 4099 5039  
 4094 5025 4088 5017 4077 5012 4077 5001 4085 4987 4074 4958 4033 4928  
 4015 4922 3975 4925 3978 4904 3971 4909 3960 4904 3958 4898 3936 4885  
 3901 4879 3874 4869 3865 4879 3780 4882 3753 4888 3736 4915 3718 4923  
 3705 4936 3692 4939 3676 4947 3670 4945 3663 4936 3639 4936 3617 4945  
 3610 4953 3606 4974 3584 4983 3575 4991 3569 4985 3564 4972 3555 4969  
 3531 4974 3527 4958 3529 4937 3538 4920 3544 4899 3549 4861 3560 4834  
 3573 4823 3582 4799 3579 4788 3582 4763 3606 4712 3593 4682 3599 4658  
 3584 4631 3582 4620 3590 4612 3604 4617 3597 4585 3588 4571 3564 4561  
 3524 4553 3496 4563 3450 4553 3414 4555 3410 4561 3401 4574 3355 4547  
 3340 4545 3324 4553 3280 4550 3274 4534 3247 4534 3241 4526 3239 4496  
 3228 4472 3206 4453 3177 4445 3124 4440 3085 4399 3067 4394 3043 4399  
 3030 4423 3016 4423 3001 4413 3014 4380 3012 4372 3001 4359 2986 4348  
 2959 4318 2939 4272 2922 4259 2902 4234 2902 4215 2889 4199 2880 4169  
 2878 4123 2869 4069 2862 3994 2865 3994 2869 3977 2895 3972 2902 3948  
 2889 3894 2860 3845 2832 3826 2801 3823 2772 3840 2752 3864 2717 3932  
 2704 3961 2702 3978 2693 3988 2682 3994 2660 4024 2649 4048 2634 4059  
 2607 4040 2574 4045 2555 4059 2524 4091 2528 4105 2519 4119 2500 4119  
 2473 4089 2456 4081 2451 4102 2436 4105 2416 4081                      
L  1 9    9     9    31    611720488888     2                           
 3509    0 3628    0                                                    
L  1 9   10     9    61    711746288888     2                           
 3628    0 4334    0                                                    
L  1 9   11     9    71    411720488888     2                           
 4334    0 5406    0                                                    
L  1 9   12     9    41    511746288888     2                           
 5406    0 6476    0                                                    
L  1 9   13     9    11    311746288888     3                           
    0  757    0    0 3509    0                                          
L  1 9   14     9    51   1111720488888     3                           
 6476    010000    010000 8526                                          
L  1 9   15     9    11   1118888899999     4                           
    0  757    010000100001000010000 8526                                
A  117462    1 1997 2022   3                                            
   -7    1  -13                                                         
A  199999    2 1790 4791   9                                            
   15    8    7    0    6    0    5    0    4                           
A  117204    3 6462 4260   7                                            
   -8  -14   -2  -11   -3   -9   -1                                     
A  117462    4 6087  902   2                                            
    2  -12                                                              
A  117462    5 4246   70   2                                            
    3  -10                                                              
A  117462    6 2347 4112   1                                            
   -4                                                                   
A  117204    7 7631 7658   1                                            
   -5                                                                   
A  117204    8 9714 8519   1                                            
   -6                                                                   
H1 2    0   16    0    0   75 0506 0506                                 
L  2 2    1     0    00    00              23                           
 9425 2035 9340 1907 9309 1683 9110 1446 8967 1318 8864 1263 8708 1272  
 8633 1256 8571 1216 8398 1036 8195 1049 7909  947 7833  879 7776  786  
 7680  710 7520  620 7393  575 7201  583 6929  648 6697  587 6447  439  
 6169  209 6145  145                                                    
L  2 2    2     1    00    00               2                           
 6145  145 6097    0                                                    
L  2 3    3     0    00    00              19                           
 4115 1226 4078 1214 4051 1229 3968 1350 3863 1401 3829 1390 3780 1447  
 3735 1403 3774 1189 3783 1060 3762  937 3783  700 3853  501 3761  334  
 3757  271 3808  132 3795   95 3716   50 3710    0                      
L  2 5    4     0    00    00              17                           
 4115 1226 4190 1026 4310  968 4514  954 4634  725 4766  668 4934  668  
 5377 1040 5461 1054 5509  954 5425  782 5413  654 5485  596 5665  554  
 5665  382 5785  382 5785  282                                          
L  2 5    5     0    00    00               3                           
 5785  282 5761   96 5662    0                                          
L  2 5    6     0    00    00              24                           
 5785  282 5893  310 5989  582 5905  740 6001  954 6193 1040 6349  897  
 6421  997 6349 1140 6373 1255 6876 1669 6960 1612 7080 1755 7044 1812  
 6924 1770 6864 1827 6864 1927 7104 2027 7200 2184 7272 2413 7356 2485  
 7452 2657 7596 2671 7704 2771                                          
L  2 3    7     0    00    00              97                           
 7489 7137 7372 7033 7357 6923 7324 6850 7226 6800 7088 6637 6986 6557  
 6949 6472 6857 6463 6786 6349 6789 6259 6800 6216 6796 6191 6783 6174  
 6758 6175 6708 6206 6669 6213 6642 6206 6596 6176 6544 6167 6520 6151  
 6478 6094 6407 6059 6366 6008 6226 6008 6195 6047 6159 6062 6052 6023  
 5985 6011 5964 6005 5957 5944 5936 5926 5862 5901 5808 5877 5771 5881  
 5721 5891 5668 5865 5650 5828 5628 5665 5592 5519 5561 5497 5540 5497  
 5489 5538 5360 5552 5301 5541 5240 5447 5113 5479 5085 5421 5075 5306  
 5018 5205 4965 5209 4904 5265 4852 5279 4784 5334 4747 5329 4700 5205  
 4652 5194 4628 5154 4608 4962 4570 4966 4591 5115 4566 5115 4521 4889  
 4388 4736 4301 4720 4255 4736 4212 4790 4185 4917 4129 4937 3942 4840  
 3769 4853 3642 4915 3607 4890 3612 4831 3689 4709 3709 4561 3653 4484  
 3331 4443 3003 4266 2937 4121 2957 3684 3037 3248 3324 2919 3481 2856  
 3695 2219 3671 2112 3679 1981 3581 1799 3594 1757 3655 1677 3816 1632  
 3843 1566 3846 1505 3882 1452 4001 1375 4064 1260 4115 1226            
L  2 5    8     0    00    00              25                           
 7704 2771 7596 2885 7260 2943 7164 3071 7224 3157 7308 3143 7320 3286  
 7416 3329 7464 3415 7476 3544 7392 3644 7248 3644 7152 3729 7344 4273  
 7344 4502 7380 4874 7488 5217 7488 5689 7428 5933 7404 6204 7332 6347  
 7320 6476 7524 6748 7512 6977 7489 7137                                
L  2 3    9     0    00    00              22                           
 9888 8332 9611 8197 9412 8146 9288 8116 9188 8060 9012 7875 8853 7865  
 8752 7931 8669 7938 8513 7873 8484 7826 8497 7756 8484 7659 8426 7588  
 8307 7587 8198 7673 8082 7550 7921 7444 7757 7492 7689 7374 7641 7160  
 7489 7137                                                              
L  2 4   10     0    00    00              40                           
 3138    0 3139   42 3187  113 3155  181 3034  216 2919  123 2868  157  
 2875  271 2940  342 2948  418 2894  457 2827  468 2651  570 2582  668  
 2388  776 2191  726 2180  871 2148  938 2106  954 2022  889 1952  887  
 1838  965 1837 1062 1734 1140 1768 1328 1578 1535 1598 1635 1534 1718  
 1491 1821 1401 1908 1215 1954 1054 1865  946 1823  818 1797  788 1761  
  719 1539  622 1364  559 1200  127  792    0  755                      
L  2 2   11     0    00    00              11                           
10000 3813 9998 3812 9900 3697 9853 3546 9847 3426 9746 3256 9502 2982  
 9486 2834 9615 2324 9596 2258 9425 2035                                
L  2 3   12     0    00    00              13                           
 9425 2035 9484 1880 9560 1891 9598 1812 9660 1761 9736 1781 9812 1753  
 9839 1683 9830 1460 9785 1257 9796 1206 9890 117310000 1217            
L  2 3   13     0    00    00               9                           
10000  603 9967  563 9971  403 9938  328 9862  300 9867  237 9913  196  
 9961   7710000   36                                                    
L  2 5   14     0    00    00              36                           
 7704 2771 7800 2857 7884 2900 7764 3071 7908 3243 7908 3544 7991 3672  
 7944 3744 7836 3644 7788 3715 7800 3987 7968 4001 8087 4159 8243 4101  
 8327 4287 8405 4321 8549 4378 8741 4349 8765 4550 8825 4650 8957 4707  
 9017 4879 9113 4965 9125 5179 9233 5165 9233 4950 9317 4950 9400 5136  
 9472 5136 9520 4979 9592 4993 9628 5151 9808 5294 9928 5351 9952 5852  
10000 5918                                                              
L  2 5   15     0    00    00              12                           
10000 6326 9904 6295 9784 6410 9556 6424 9484 6538 9520 6796 9508 7025  
 9676 7168 9856 7268 9964 7726 9940 8112 9888 8332                      
L  2 3   16     0    00    00               2                           
10000 8386 9888 8332                                                    
M 563607ó÷ìá                  4    6   71    5    3  271                
H2 1    6    8    5    0   97 0506 0506                                 
N  1 1    1    0 8526 1 3   -4    7    8    0    0    0    0    0    0  
N  1 1    2 8214    0 1 3    5    1   -7    0    0    0    0    0    0  
N  1 1    310000 6647 1 3    6   -1   -5    0    0    0    0    0    0  
N  1 2    4 1908 8519 0 2    2   -2    0    0    0    0    0    0    0  
N  1 2    5  490 8537 0 2    3   -3    0    0    0    0    0    0    0  
N  1 1    6 882110000 1 3   -6   -8    4    0    0    0    0    0    0  
L  1 3    1     0    21    311720417463   205                           
 8214    0 8214    7 8200   72 8187   99 8153  147 8125  174 8079  182  
 8040  198 8016  235 7926  245 7886  266 7869  307 7877  318 7959  354  
 7979  381 7977  400 7945  418 7931  437 7943  462 7975  489 8017  517  
 8038  539 8044  563 8052  633 8064  669 8088  677 8166  675 8196  692  
 8231  765 8251  776 8265  809 8277  842 8277  850 8243  901 8245  928  
 8250  952 8244  971 8216  998 8210 1030 8224 1066 8242 1101 8233 1158  
 8239 1185 8319 1237 8393 1246 8419 1255 8449 1271 8453 1279 8453 1306  
 8441 1339 8448 1401 8456 1417 8480 1450 8560 1529 8585 1573 8589 1606  
 8575 1643 8511 1697 8504 1729 8484 1764 8452 1788 8399 1866 8365 1874  
 8331 1868 8307 1881 8295 1914 8297 1949 8314 1987 8326 2025 8336 2079  
 8344 2131 8343 2182 8339 2198 8313 2239 8301 2279 8298 2314 8260 2354  
 8244 2398 8253 2492 8233 2506 8195 2511 8169 2505 8145 2472 8137 2453  
 8097 2488 8051 2517 8043 2525 8022 2658 7996 2682 7973 2714 7959 2757  
 7880 2900 7842 2956 7833 2989 7879 3013 7895 3092 7929 3141 7939 3174  
 7930 3209 7890 3322 7877 3390 7885 3444 7897 3498 7934 3623 7944 3623  
 8022 3613 8050 3622 8090 3654 8126 3674 8142 3704 8144 3736 8097 3893  
 8077 3914 8007 3857 7977 3816 7959 3813 7943 3834 7873 3790 7841 3801  
 7812 3827 7728 3938 7685 4013 7659 4078 7662 4124 7720 4203 7726 4227  
 7717 4297 7707 4346 7703 4351 7675 4359 7641 4378 7633 4408 7656 4478  
 7660 4500 7654 4551 7659 4616 7665 4622 7710 4622 7722 4628 7755 4704  
 7787 4729 7809 4764 7819 4799 7820 4848 7828 4937 7844 4954 7880 4970  
 8040 5040 8090 5038 8150 5030 8257 4999 8284 5021 8302 5053 8330 5148  
 8337 5211 8351 5249 8389 5301 8407 5339 8492 5440 8512 5481 8512 5516  
 8516 5540 8538 5567 8576 5600 8606 5620 8652 5634 8700 5631 8800 5581  
 8844 5587 8935 5612 8974 5634 9032 5713 9046 5749 9046 5765 9026 5819  
 9025 5835 9047 5876 9103 5947 9119 5947 9187 5931 9225 5902 9272 5894  
 9322 5900 9382 5882 9396 5885 9416 5904 9452 5956 9521 6127 9535 6141  
 9607 6185 9621 6209 9600 6277 9596 6331 9610 6372 9653 6442 9707 6459  
 9758 6457 9807 6520 9861 6561 9897 6570 9933 6567 9961 6573 9977 6622  
 9999 664610000 6647                                                    
L  1 5    2     0    40    401720499999    11                           
 1908 8519 1904 8522 1900 8516 1900 8506 1884 8473 1882 8451 1898 8443  
 1908 8443 1926 8463 1934 8506 1908 8519                                
L  1 5    3     0    50    501720499999    11                           
  490 8537  498 8529  516 8526  546 8513  562 8511  582 8519  584 8538  
  546 8546  520 8540  502 8543  490 8537                                
L  1 5    4     0    61    111720499999   240                           
 882110000 8794 9990 8763 9965 8739 9932 8677 9832 8627 9782 8515 9727  
 8447 9678 8437 9675 8419 9656 8406 9615 8388 9496 8367 9447 8333 9406  
 8295 9381 8264 9424 8254 9411 8241 9370 8241 9280 8221 9245 8159 9215  
 8133 9209 8111 9211 8089 9222 8069 9241 8053 9205 8039 9186 7981 9134  
 7921 9099 7885 9082 7845 9073 7803 9076 7761 9100 7721 9156 7694 9172  
 7656 9185 7602 9187 7536 9168 7500 9140 7428 9072 7368 9033 7149 8920  
 6883 8768 6689 8669 6657 8658 6629 8633 6553 8586 6521 8559 6503 8529  
 6394 8447 6336 8395 6286 8343 6184 8260 6032 8153 5978 8120 5957 8101  
 5837 8019 5793 7994 5787 7983 5637 7873 5569 7810 5533 7788 5479 7760  
 5345 7689 5228 7617 5120 7575 4900 7503 4834 7472 4776 7439 4672 7368  
 4598 7307 4502 7190 4427 7135 4381 7110 4331 7093 4201 7057 3990 7030  
 3958 7038 3862 7034 3850 7031 3832 7010 3782 7001 3724 7000 3684 7019  
 3605 7034 3533 7017 3407 7024 3335 7012 3273 7012 3236 7030 3212 7030  
 3206 7017 3202 7014 3142 7038 3104 7045 3052 7045 3004 7047 2819 7077  
 2743 7098 2646 7160 2632 7178 2628 7205 2588 7210 2553 7264 2533 7307  
 2515 7359 2508 7407 2504 7475 2506 7524 2423 7539 2365 7606 2394 7652  
 2400 7755 2384 7753 2380 7660 2347 7606 2304 7611 2167 7775 2154 7877  
 2214 7994 2309 7903 2321 7922 2254 7989 2302 8085 2277 8109 2309 8158  
 2353 8129 2405 8151 2536 8084 2552 8052 2570 8066 2548 8103 2417 8167  
 2417 8200 2385 8237 2377 8267 2368 8299 2352 8315 2256 8341 2139 8381  
 2095 8405 2079 8410 2049 8410 1977 8398 2027 8437 2091 8448 2103 8470  
 2131 8478 2147 8486 2168 8535 2124 8521 2144 8551 2082 8540 2080 8529  
 2090 8529 2108 8519 2110 8508 2088 8499 2088 8505 2082 8513 2064 8515  
 2014 8496 1966 8495 1958 8471 1960 8460 1952 8438 1946 8444 1918 8438  
 1900 8422 1909 8387 1877 8332 1859 8324 1859 8313 1879 8302 1853 8288  
 1871 8281 1893 8273 1917 8262 1934 8257 1948 8238 1954 8206 1955 8100  
 1937 8027 1913 7978 1889 7948 1810 7868 1718 7811 1684 7794 1648 7788  
 1620 7793 1549 7822 1513 7830 1469 7830 1415 7837 1294 7906 1248 7922  
 1208 7927 1118 7929 1093 7934 1075 7966 1057 7988 1037 8001 1003 8012  
  969 8011  945 8025  920 8049  898 8076  888 8102  786 8104  735 8125  
  703 8160  693 8201  679 8233  620 8287  610 8319  612 8338  626 8346  
  617 8398  565 8400  525 8413  517 8418  483 8426  455 8420  431 8390  
  407 8390  369 8406  288 8454  268 8513  236 8521  212 8512  194 8499  
  206 8464  202 8437  168 8406  136 8409   92 8441   86 8462   85 8481  
   27 8489    0 8526                                                    
L  1 9    5     9    21    311746388888     3                           
 8214    010000    010000 6647                                          
L  1 9    6     9    31    611720488888     3                           
10000 66471000010000 882110000                                          
L  1 9    7     9    11    211720488888     3                           
    0 8526    0    0 8214    0                                          
L  1 9    8     9    11    618888899999     3                           
    0 8526    010000 882110000                                          
A  117204    1 4151 5052   4                                            
   -4   -6   -1   -7                                                    
A  199999    2 4297 8487   6                                            
    8    4    0    3    0    2                                          
A  117463    3 8947 3311   2                                            
    1   -5                                                              
A  117204    4 1909 8482   1                                            
   -2                                                                   
A  117204    5  543 8528   1                                            
   -3                                                                   
H1 2    0   60    0    0  155 0506 0506                                 
L  2 3    1     0    00    00               3                           
 2005 7399 2026 7478 1979 7530                                          
L  2 4    2     0    00    00              12                           
10000  844 9334  612 9190  500 9016  550 8899  549 8720  451 8666  383  
 8611  394 8546  300 8390  243 8370  208 8336    0                      
L  2 4    3     0    00    00              31                           
 7774 8962 7804 8883 7810 8853 7819 8799 7826 8781 7862 8742 7877 8739  
 8039 8739 8060 8723 8071 8701 8067 8680 8046 8656 8023 8645 8018 8634  
 8016 8616 8025 8590 8102 8469 8209 8352 8324 8271 8360 8266 8385 8258  
 8407 8243 8431 8217 8454 8210 8513 8220 8571 8166 8584 8112 8603 8095  
 8649 8065 8666 8038 8678 8023                                          
L  2 4    4     0    00    00               2                           
 2005 7399 2092 7352                                                    
L  2 3    5     0    00    00               2                           
 2005 7399 1911 7093                                                    
L  2 2    6     0    00    00               4                           
 1867 6893 1859 6724 1774 6608 1767 6422                                
L  2 3    7     0    00    00               3                           
 2610 6901 2613 6814 2671 6631                                          
L  2 2    8     0    00    00               2                           
 2610 6901 2408 6910                                                    
L  2 4    9     0    00    00               2                           
 2735 6346 2790 6401                                                    
L  2 3   10     0    00    00              10                           
 2790 6401 2912 6250 2925 5870 3011 5653 3005 5323 2987 5278 2772 4962  
 2721 4793 2718 4753 2720 4720                                          
L  2 2   11     0    00    00               9                           
 7774 8962 7660 8935 7498 9017 7364 8959 7140 8779 7103 8593 6938 8337  
 6500 8096 6368 7890                                                    
L  2 3   12     1    00    00               2                           
 2095  133 2085    0                                                    
L  2 3   13     0    00    00               3                           
 1654 6279 1644 6651 1708 7026                                          
L  2 3   14     0    00    00               5                           
 2879 3262 2947 3224 2961 3204 2984 3130 3020 3069                      
L  2 5   15     0    00    00              10                           
 2879 3262 2572 3265 2530 3176 2542 3019 2506 2947 2590 2790 2602 2533  
 2770 2375 2872 2355 2984 2246                                          
L  2 3   16     0    00    00               5                           
 3177 2811 3186 2749 3185 2685 3165 2619 2984 2246                      
L  2 5   17     0    00    00               2                           
 2984 2246 3034 2204                                                    
L  2 3   18     0    00    00               7                           
 2984 2246 2937 2174 2695 1853 2632 1761 2619 1720 2608 1674 2610 1450  
L  2 3   19     0    00    00              10                           
 2610 1450 2602 1369 2591 1329 2549 1273 2371 1129 2212 1066 2105  996  
 2051  824 2014  355 2095  133                                          
L  2 4   20     0    00    00               4                           
 2092 7352 2124 7423 2154 7545 2155 7573                                
L  2 5   21     0    00    00               3                           
 2092 7352 2078 7288 2162 7234                                          
L  2 2   22     0    00    00               2                           
 1767 6422 1654 6279                                                    
L  2 5   23     0    00    00               4                           
 1767 6422 1832 6381 1916 6438 2156 6452                                
L  2 2   24     0    00    00               4                           
 2408 6910 2241 6917 2053 6878 1867 6893                                
L  2 5   25     0    00    00               2                           
 2400 6624 2408 6910                                                    
L  2 5   26     0    00    00               2                           
 2400 6624 2671 6631                                                    
L  2 3   27     0    00    00               2                           
 2671 6631 2790 6401                                                    
L  2 5   28     0    00    00               2                           
 2162 7234 2429 7072                                                    
L  2 3   29     0    00    00               3                           
 1911 7093 1876 7014 1867 6893                                          
L  2 5   30     0    00    00               3                           
 1911 7093 2128 7038 2162 7234                                          
L  2 5   31     0    00    00               3                           
 2156 6452 2396 6467 2400 6624                                          
L  2 5   32     0    00    00               9                           
 2156 6452 2168 6080 2264 5895 2300 5694 2564 5022 2444 4893 2540 4664  
 2612 4679 2720 4720                                                    
L  2 3   33     0    00    00              13                           
 2720 4720 2740 4655 2792 4565 2799 4535 2791 4297 2795 4250 2878 3989  
 2878 3928 2800 3460 2807 3415 2820 3370 2841 3319 2879 3262            
L  2 5   34     0    00    00               7                           
 2308 8297 2098 8358 1997 8310 1980 8206 1983 8071 1957 7878 1837 7724  
L  2 4   35     0    00    00               6                           
 2155 7573 2154 7746 2142 7808 2127 7888 2168 8008 2308 8297            
L  2 5   36     0    00    00               3                           
 2155 7573 2001 7582 1979 7530                                          
L  2 3   37     0    00    00               3                           
 1979 7530 1863 7670 1837 7724                                          
L  2 5   38     0    00    00               3                           
 2429 7072 2614 6984 2610 6901                                          
L  2 5   39     0    00    00               2                           
 2429 7072 2408 6910                                                    
L  2 3   40     0    00    00               2                           
 3020 3069 3177 2811                                                    
L  2 5   41     0    00    00              25                           
 3020 3069 3114 3133 3306 3148 3630 3248 3822 3420 4145 3348 4325 3348  
 4565 3248 4673 3319 5141 3291 5440 3548 5728 3677 5884 3634 6100 3706  
 6136 3949 6304 4006 6400 4149 6592 4249 6688 4235 6724 4435 6927 4650  
 7071 4650 7095 4764 7455 4922 7575 4779                                
L  2 2   42     0    00    00               9                           
 6368 7890 6130 7920 5903 7748 5771 7813 5615 7629 5460 7620 5379 7454  
 5213 7332 5083 7163                                                    
L  2 5   43     0    00    00              34                           
 6368 7890 6604 7883 6891 8026 7035 8040 7263 8198 7323 8126 7263 7912  
 7107 7897 6915 7683 6963 7554 6879 7411 6736 7425 6592 7268 6664 7153  
 6855 7182 6831 7053 6951 6967 7059 7111 7155 7096 7275 7211 7299 7153  
 7287 7039 7431 6939 7515 7010 7563 6996 7551 6767 7323 6796 7347 6424  
 7455 6324 7479 6252 7371 6095 7359 5723 7095 5637 6939 5737            
L  2 5   44     0    00    00              15                           
 5980 5923 5908 6123 5932 6266 5872 6352 5764 6309 5644 6123 5500 6066  
 5476 6181 5584 6367 5956 6810 5896 6939 5536 6796 5476 6867 5273 6867  
 5083 7163                                                              
L  2 2   45     0    00    00              10                           
 5083 7163 4996 7184 4920 7304 4716 7301 4539 7138 4340 7037 3871 6968  
 3502 6986 2868 6859 2610 6901                                          
L  2 5   46     0    00    00              18                           
 7575 4779 7599 4922 7731 4979 7803 5265 7791 5365 7863 5394 7899 5766  
 7839 5823 7647 5394 7575 5422 7611 5923 8115 6209 8103 6410 8246 6824  
 8270 7540 8342 7897 8606 7869 8678 8023                                
L  2 5   47     0    00    00               3                           
 7575 4779 7731 4764 7839 4621                                          
L  2 5   48     0    00    00              22                           
10000 4221 9817 4106 9721 4121 9541 3992 9338 4049 9206 3935 9062 3978  
 8870 3849 8786 3734 8666 3677 8438 3477 8234 3606 8246 3677 8462 3691  
 8450 3777 8103 3820 7971 3706 7815 3706 7683 3949 7695 4364 7839 4450  
 7839 4621                                                              
L  2 5   49     0    00    00              24                           
 7839 4621 8019 4679 8127 4850 8294 4893 8330 4979 8270 5165 8390 5308  
 8462 5551 8582 5623 8666 5794 8750 5780 8774 5551 8834 5408 9038 5322  
 9050 5394 9002 5480 9074 5780 9134 5837 9314 5823 9482 5923 9577 6023  
 9637 6266 9853 641010000 6465                                          
L  2 5   50     0    00    00               5                           
 2960 2098 2906 2027 2846 1869 2724 1683 2610 1450                      
L  2 5   51     0    00    00               2                           
 2960 2098 2990 2065                                                    
L  2 5   52     0    00    00               2                           
 3034 2204 2960 2098                                                    
L  2 5   53     0    00    00               4                           
 3177 2811 3230 2723 3247 2599 3034 2204                                
L  2 4   54     0    00    00              11                           
 8678 8023 8751 7955 8784 7966 9068 7824 9099 7711 9396 7550 9647 7290  
 9705 7048 9713 6830 9875 665310000 6566                                
L  2 2   55     0    00    00              11                           
 1654 6279 1329 5681 1079 5242  810 4844  629 4621  600 4502  319 4167  
  266 4039  166 3948   97 3837    0 3813                                
L  2 3   56     0    00    00               7                           
    0 1217   69 1223  167 1101  178  972   97  856   99  722    0  603  
L  2 3   57     0    00    00               2                           
    0   36   35    0                                                    
L  2 5   58     0    00    00               5                           
    0 5918  108 6066   48 6195   36 6338    0 6326                      
L  2 3   59     0    00    00              16                           
 1837 7724 1792 7759 1571 7754 1331 7836  882 8091  783 8088  693 8126  
  582 8354  541 8381  460 8367  373 8384  261 8446  203 8384  124 8392  
   26 8399    0 8386                                                    
L  2 2   60     0    00    00              12                           
 919210000 8898 9902 8805 9805 8754 9685 8622 9587 8575 9431 8180 8970  
 8069 8807 7969 8797 7904 8896 7809 8974 7774 8962                      
H1 5    0    3    0    0   10 0506 0506                                 
L  5 1    1     0    00    00               7                           
10000 2800 9833 2682 9395 2790 9070 2667 8845 2764 8233 2827 8077 3048  
L  5 1    2     0    00    00               9                           
 8338    0 8357  360 8317  601 8413  697 8409  932 8636 1217 8618 1472  
 8701 1584 8665 1797                                                    
L  5 1    3     0    00    00              28                           
 2365 7606 2177 7177 2216 6784 2352 6302 2645 6233 2784 5353 2586 4878  
 2687 4443 2709 4080 2878 4128 2947 4023 2853 3561 2678 3447 2657 3244  
 2824 3048 2899 2721 3057 2785 3188 2594 2673 1926 2560 1748 2572 1393  
 2334 1144 2165 1152 2075 1027 1923  389 2026  206 2256  323 2207    0  
H1 7    0    0    0    3    5 0506 0506                                 
P  7 2    1 7333 6000 0 1                                               
01 3 7333 6000              00  çÇèFéR                                  
P  7 1    2 6000 4000 0 1                                               
01 3 6000 4000              00  ó÷ìáés                                  
P  752    3 2177 6500 0 0                                               
M 563617ó÷ìá                  2    2    4    2    0   19                
H2 1    2    3    2    0   15 0506 0506                                 
N  1 1    1 8821    0 1 3   -1    2    3    0    0    0    0    0    0  
N  1 1    210000  631 1 3   -2    1   -3    0    0    0    0    0    0  
L  1 5    1     0    21    111720499999    22                           
10000  631 9927  603 9863  589 9809  555 9781  547 9700  483 9616  437  
 9582  426 9550  428 9526  424 9516  416 9421  311 9373  277 9258  217  
 9199  198 9173  193 9134  193 9098  186 8958  110 8913   64 8850   11  
 8821    0                                                              
L  1 9    2     9    11    218888899999     5                           
 8821    0    0    0    010000100001000010000  631                      
L  1 9    3     9    11    211720488888     3                           
 8821    010000    010000  631                                          
A  117204    1 9710  310   2                                            
   -1   -3                                                              
A  199999    2 5000 4680   2                                            
    2    1                                                              
H1 2    0    1    0    0    2 0506 0506                                 
L  2 2    1     0    00    00               6                           
10000  400 9878  394 9689  294 9514  233 9392   87 9192    0            
M 563626                      1    2    2    2    0   13                
H2 1    2    2    2    0   12 0506 0506                                 
N  1 2    1 9442 9750 0 2    1   -1    0    0    0    0    0    0    0  
N  1 1    210000    0 1 2   -2    2    0    0    0    0    0    0    0  
L  1 5    1     0    10    101720499999    15                           
 9442 9750 9452 9794 9456 9837 9445 9853 9439 9858 9425 9856 9413 9842  
 9398 9809 9386 9766 9386 9728 9388 9723 9398 9715 9412 9712 9436 9737  
 9442 9750                                                              
L  1 9    2     9    21    218888899999     5                           
10000    0    0    0    010000100001000010000    0                      
A  117204    1 9420 9784   1                                            
   -1                                                                   
A  199999    2 4861 4855   3                                            
    2    0    1                                                         
M 563636                      1    7    7    7    0   51                
H2 1    7    7    7    0   50 0506 0506                                 
N  1 2    1 8686  143 0 2    1   -1    0    0    0    0    0    0    0  
N  1 2    2 8507  160 0 2    2   -2    0    0    0    0    0    0    0  
N  1 2    3 8462   84 0 2    3   -3    0    0    0    0    0    0    0  
N  1 2    4 8778  176 0 2    4   -4    0    0    0    0    0    0    0  
N  1 2    5 8938  254 0 2    5   -5    0    0    0    0    0    0    0  
N  1 2    6 9328  623 0 2    6   -6    0    0    0    0    0    0    0  
N  1 1    710000    0 1 2   -7    7    0    0    0    0    0    0    0  
L  1 5    1     0    10    101720499999    58                           
 8686  143 8712  168 8720  192 8716  224 8723  249 8721  265 8693  276  
 8695  286 8701  303 8687  319 8671  319 8657  313 8647  299 8637  278  
 8615  242 8609  234 8603  261 8613  272 8631  280 8645  310 8639  326  
 8617  334 8605  332 8603  318 8611  313 8627  316 8625  307 8603  304  
 8581  283 8571  269 8559  271 8543  285 8533  282 8529  274 8527  258  
 8515  241 8513  233 8519  217 8557  196 8571  188 8569  180 8574  166  
 8574  155 8558  142 8546  120 8548  109 8566   87 8582   96 8598   88  
 8622   69 8652   61 8658   59 8676   64 8684   72 8688   81 8686  100  
 8682  116 8686  143                                                    
L  1 5    2     0    20    201720499999    10                           
 8507  160 8514  144 8532  147 8554  158 8553  171 8549  179 8533  185  
 8503  176 8501  165 8507  160                                          
L  1 5    3     0    30    301720499999    10                           
 8462   84 8450   89 8444   78 8442   59 8448   59 8452   43 8462   32  
 8478   43 8476   62 8462   84                                          
L  1 5    4     0    40    401720499999     9                           
 8778  176 8780  184 8766  203 8738  217 8732  214 8734  206 8754  173  
 8766  171 8778  176                                                    
L  1 5    5     0    50    501720499999    11                           
 8938  254 8958  273 8958  289 8946  289 8940  286 8920  294 8910  291  
 8894  283 8894  280 8926  251 8938  254                                
L  1 5    6     0    60    601720499999    23                           
 9328  623 9344  645 9352  662 9344  697 9356  719 9350  743 9326  756  
 9288  748 9274  739 9260  739 9244  744 9225  741 9208  722 9194  698  
 9196  692 9202  687 9216  682 9246  652 9270  653 9286  647 9300  626  
 9314  621 9328  623                                                    
L  1 9    7     9    71    718888899999     5                           
10000    0    0    0    010000100001000010000    0                      
A  117204    1 8638  196   1                                            
   -1                                                                   
A  117204    2 8528  164   1                                            
   -2                                                                   
A  117204    3 8459   60   1                                            
   -3                                                                   
A  117204    4 8757  194   1                                            
   -4                                                                   
A  117204    5 8930  272   1                                            
   -5                                                                   
A  117204    6 9273  688   1                                            
   -6                                                                   
A  199999    7 4789  392  13                                            
    7    0    1    0    2    0    3    0    4    0    5    0    6       
M 563637éµÉcìá                1    6    6    6    0   63                
H2 1    6    6    6    0   62 0506 0506                                 
N  1 2    1 2410 2681 0 2    1   -1    0    0    0    0    0    0    0  
N  1 2    2 2028 2709 0 2    2   -2    0    0    0    0    0    0    0  
N  1 2    3  278  449 0 2    3   -3    0    0    0    0    0    0    0  
N  1 2    4 1497 3397 0 2    4   -4    0    0    0    0    0    0    0  
N  1 2    5 1079 3433 0 2    5   -5    0    0    0    0    0    0    0  
N  1 1    610000    0 1 2   -6    6    0    0    0    0    0    0    0  
L  1 5    1     0    10    101720499999   118                           
 2410 2681 2424 2682 2438 2709 2448 2736 2446 2736 2432 2747 2430 2760  
 2433 2793 2431 2801 2417 2817 2411 2852 2425 2863 2425 2876 2419 2887  
 2409 2898 2401 2925 2400 2938 2417 2920 2431 2917 2439 2920 2443 2928  
 2446 2961 2430 3012 2434 3044 2424 3058 2406 3060 2392 3055 2382 3036  
 2380 2979 2360 3000 2334 3011 2348 3068 2351 3098 2349 3108 2351 3119  
 2327 3146 2299 3146 2293 3154 2285 3156 2279 3154 2273 3140 2257 3132  
 2253 3132 2257 3162 2245 3172 2221 3169 2183 3155 2163 3142 2157 3117  
 2157 3104 2181 3066 2163 3042 2157 3020 2158 2998 2137 2998 2121 3003  
 2105 2987 2085 2995 2085 3022 2077 3035 2051 3059 2033 3067 2007 3070  
 1999 3064 2007 3043 1995 3037 1989 3021 1993 3002 1979 2991 1949 2982  
 1907 2982 1893 2974 1871 2952 1857 2930 1857 2900 1873 2895 1875 2887  
 1862 2868 1858 2857 1872 2830 1862 2825 1858 2816 1860 2795 1868 2784  
 1882 2781 1900 2792 1916 2831 1928 2836 1934 2847 1932 2877 1954 2874  
 1992 2896 2030 2924 2046 2918 2040 2889 2018 2829 2022 2815 2034 2807  
 2085 2762 2109 2765 2125 2792 2134 2827 2161 2814 2195 2839 2221 2853  
 2225 2836 2217 2804 2225 2774 2247 2750 2271 2737 2293 2740 2307 2748  
 2310 2688 2316 2675 2326 2670 2372 2659 2382 2662 2410 2681            
L  1 5    2     0    20    201720499999    13                           
 2028 2709 2052 2709 2052 2720 2070 2742 2070 2750 2060 2761 2046 2774  
 2020 2774 2008 2766 2002 2747 2008 2728 2018 2715 2028 2709            
L  1 5    3     0    30    301720499999    53                           
  278  449  238  435  204  413  206  378  216  368  232  365  240  357  
  240  333  263  300  295  284  301  276  295  266  287  265  283  255  
  287  244  297  249  303  241  313  239  335  239  331  228  323  223  
  319  209  321  182  320  163  304  119  294  106  286  103  282   95  
  306   49  312   71  330   20  334   14  353    1  391    1  413   15  
  421   23  421   21  441   42  452   67  460   97  456  121  444  132  
  418  140  399  234  397  261  429  302  431  324  401  351  388  369  
  362  393  340  404  308  436  278  449                                
L  1 5    4     0    40    401720499999    16                           
 1497 3397 1519 3413 1524 3435 1520 3443 1514 3443 1506 3432 1500 3443  
 1494 3443 1498 3437 1492 3443 1480 3440 1474 3429 1456 3418 1450 3399  
 1463 3391 1497 3397                                                    
L  1 5    5     0    50    501720499999    44                           
 1079 3433 1079 3425 1099 3420 1152 3428 1174 3434 1182 3431 1184 3420  
 1248 3421 1266 3429 1280 3443 1290 3470 1275 3489 1263 3494 1261 3500  
 1271 3511 1279 3524 1279 3532 1271 3546 1253 3548 1217 3540 1207 3542  
 1197 3540 1201 3567 1193 3569 1181 3567 1165 3569 1147 3561 1145 3550  
 1151 3539 1147 3534 1131 3534 1127 3523 1157 3523 1165 3526 1149 3496  
 1139 3496 1131 3498 1123 3496 1103 3476 1111 3468 1111 3452 1103 3447  
 1089 3447 1079 3433                                                    
L  1 9    6     9    61    618888899999     5                           
10000    0    0    0    010000100001000010000    0                      
A  117204    1 2225 2916   1                                            
   -1                                                                   
A  117204    2 2037 2742   1                                            
   -2                                                                   
A  117204    3  364  225   1                                            
   -3                                                                   
A  117204    4 1488 3417   1                                            
   -4                                                                   
A  117204    5 1192 3494   1                                            
   -5                                                                   
A  199999    6 5000 5144  11                                            
    6    0    1    0    2    0    3    0    4    0    5                 
M 563667‰wëqìá                2    3    3    3    1   45                
H2 1    3    3    3    0   41 0506 0506                                 
N  1 2    1 3998 1616 0 2    1   -1    0    0    0    0    0    0    0  
N  1 2    2 3798 1377 0 2    2   -2    0    0    0    0    0    0    0  
N  1 1    310000    0 1 2   -3    3    0    0    0    0    0    0    0  
L  1 5    1     0    10    101720499999    12                           
 3998 1616 4022 1627 4038 1619 4055 1651 4054 1665 4046 1675 4021 1686  
 3998 1682 3986 1662 3980 1636 3981 1628 3998 1616                      
L  1 5    2     0    20    201720499999   177                           
 3798 1377 3826 1389 3831 1369 3852 1371 3845 1394 3884 1397 3875 1425  
 3790 1405 3743 1445 3709 1501 3707 1532 3717 1566 3736 1611 3739 1611  
 3745 1600 3820 1587 3864 1565 3877 1611 3837 1631 3848 1669 3944 1678  
 4021 1784 4059 1751 4181 1907 4210 1869 4186 1759 4111 1688 4131 1668  
 4208 1750 4231 1884 4121 1989 4129 2093 4156 2177 4156 2189 4141 2192  
 4133 2206 4139 2214 4155 2210 4177 2242 4181 2258 4178 2262 4151 2278  
 4126 2262 4121 2248 4109 2264 4076 2225 4083 2216 4079 2209 4064 2202  
 4057 2186 4058 2170 4038 2172 4002 2160 3995 2161 3983 2169 3990 2183  
 3989 2192 4023 2238 4015 2256 3998 2273 3994 2296 3973 2287 3959 2287  
 3949 2279 3949 2270 3966 2249 3971 2227 3968 2222 3957 2230 3930 2207  
 3911 2206 3897 2211 3890 2204 3891 2191 3878 2184 3850 2199 3838 2184  
 3830 2182 3820 2194 3819 2201 3823 2219 3816 2220 3798 2211 3789 2193  
 3766 2177 3753 2190 3735 2164 3744 2162 3755 2171 3764 2174 3770 2159  
 3761 2144 3759 2124 3742 2125 3733 2104 3721 2090 3694 2091 3691 2068  
 3680 2067 3673 2062 3647 2110 3618 2127 3609 2127 3610 2084 3599 2005  
 3571 1969 3557 1972 3527 1996 3497 2012 3489 2000 3483 1941 3433 1896  
 3424 1882 3399 1878 3399 1862 3410 1831 3431 1809 3457 1810 3488 1822  
 3504 1810 3511 1787 3510 1754 3500 1731 3485 1723 3459 1725 3384 1754  
 3359 1739 3322 1735 3307 1717 3294 1697 3294 1687 3303 1667 3344 1636  
 3345 1608 3333 1573 3294 1573 3273 1567 3264 1542 3230 1505 3211 1470  
 3212 1436 3222 1417 3241 1402 3238 1379 3253 1298 3275 1207 3289 1173  
 3292 1157 3278 1110 3256 1111 3246 1104 3244 1093 3266 1026 3284  981  
 3297  961 3317  954 3346  963 3363  978 3390 1038 3418 1099 3441 1191  
 3455 1211 3471 1224 3486 1247 3507 1256 3549 1264 3624 1245 3636 1253  
 3646 1277 3656 1288 3673 1287 3686 1316 3701 1374 3722 1391 3731 1368  
 3743 1354 3798 1377                                                    
L  1 9    3     9    31    318888899999     5                           
10000    0    0    0    010000100001000010000    0                      
A  117204    1 4019 1651   1                                            
   -1                                                                   
A  117204    2 3594 1628   1                                            
   -2                                                                   
A  199999    3 5000 5390   5                                            
    3    0    1    0    2                                               
H1 7    0    0    0    1    2 0506 0506                                 
P  7 7    1 3633 1522 0 1                                               
01 3 3633 1522              00  ‰wëqìá                                  
