M 664620                      1    4    5    4    0   46                
H2 1    4    5    4    0   45 0506 0506                                 
N  1 2    1 4413 1198 0 2    1   -1    0    0    0    0    0    0    0  
N  1 2    2 4197 1900 0 2    2   -2    0    0    0    0    0    0    0  
N  1 1    3    0  378 1 3    3    4    5    0    0    0    0    0    0  
N  1 1    4 784710000 1 3   -5   -4   -3    0    0    0    0    0    0  
L  1 5    1     0    10    10 169699999    20                           
 4413 1198 4446 1263 4453 1298 4425 1354 4390 1408 4348 1438 4288 1465  
 4250 1486 4193 1459 4163 1430 4158 1359 4183 1335 4190 1332 4205 1297  
 4238 1246 4251 1233 4273 1197 4311 1181 4413 1200 4413 1198            
L  1 5    2     0    20    20 169699999    11                           
 4197 1900 4209 1916 4217 1938 4216 1959 4206 1973 4181 1978 4159 1975  
 4141 1954 4137 1921 4149 1897 4197 1900                                
L  1 5    3     0    31    41 169699999   142                           
    0  378   24  389   73  421  166  473  233  503  303  505  366  487  
  434  419  501  290  516  282  599  330  746  455  836  485  936  499  
  984  510 1103  545 1201  564 1328  570 1374  559 1474  516 1526  535  
 1596  630 1706  725 1781  798 1853  841 1963  866 2058  871 2148  871  
 2238  861 2321  891 2380  953 2503 1137 2477 1275 2462 1396 2464 1494  
 2549 1683 2631 1791 2751 1856 2861 1889 3041 1897 3224 1881 3344 1882  
 3404 1909 3456 1960 3516 1974 3611 1923 3686 1853 3722 1774 3782 1699  
 3847 1669 3919 1688 3979 1726 4027 1786 4022 1880 4066 1924 4081 1945  
 4034 2007 3994 2040 4008 2167 3981 2210 3953 2226 3888 2231 3848 2285  
 3820 2396 3825 2423 3843 2472 3840 2483 3850 2523 3892 2650 3965 2758  
 4027 2786 4132 2770 4167 2805 4165 2851 4222 2913 4294 2964 4314 2970  
 4395 2924 4462 2892 4550 2916 4645 2989 4674 3222 4662 3270 4591 3311  
 4529 3313 4416 3300 4369 3286 4269 3289 4256 3299 4214 3386 4158 3518  
 4151 3564 4148 3696 4195 3823 4255 3940 4255 3996 4265 4040 4265 4086  
 4270 4096 4297 4242 4312 4283 4404 4386 4459 4386 4532 4410 4587 4470  
 4571 4543 4531 4591 4479 4629 4446 4683 4481 4726 4533 4753 4566 4805  
 4528 4975 4505 5156 4622 5248 4652 5286 4702 5448 4729 5605 4797 5764  
 4869 5900 4904 6013 4991 6183 5155 6646 5235 6838 5329 7051 5559 7417  
 5726 7665 5799 7779 5983 7982 6086 8104 6198 8250 6403 8485 6515 8631  
 6605 8764 6822 8999 7110 9300 7332 9514 7467 9630 7517 9663 7609 9749  
 7644 9790 784710000                                                    
L  1 9    4     9    31    4188888 1696     3                           
    0  378    010000 784710000                                          
L  1 9    5     9    31    419999988888     5                           
    0  378    0    010000    01000010000 784710000                      
A  1 1696    1 4312 1333   1                                            
   -1                                                                   
A  1 1696    2 4178 1938   1                                            
   -2                                                                   
A  199999    3 7254 5130   6                                            
    3   -5    0    1    0    2                                          
A  1 1696    4 2266 4960   2                                            
    4   -3                                                              
M 664630                      1    4    6    3    0   26                
H2 1    4    6    3    0   25 0506 0506                                 
N  1 1    1 7847    0 1 3    1    3    6    0    0    0    0    0    0  
N  1 1    210000 1504 1 3   -5   -1   -6    0    0    0    0    0    0  
N  1 1    3  31510000 1 3    5   -4    2    0    0    0    0    0    0  
N  1 1    4    0 9543 1 3   -2    4   -3    0    0    0    0    0    0  
L  1 5    1     0    11    21 169699999    17                           
 7847    0 7994  158 8194  361 8274  434 8459  588 8582  680 8689  767  
 8762  864 8832  951 9007 1081 9109 1151 9242 1260 9439 1406 9504 1436  
 9747 1498 9872 150710000 1504                                          
L  1 5    2     0    31    41 169699999     8                           
  31510000  273 9997  253 9957  165 9803  125 9724   81 9654    3 9551  
    0 9543                                                              
L  1 9    3     9    11    4188888 1696     3                           
 7847    0    0    0    0 9543                                          
L  1 9    4     9    41    318888899999     3                           
    0 9543    010000  31510000                                          
L  1 9    5     9    31    2188888 1696     3                           
  31510000100001000010000 1504                                          
L  1 9    6     9    11    219999988888     3                           
 7847    010000    010000 1504                                          
A  199999    1 9335  752   2                                            
    1   -6                                                              
A  1 1696    2 5000 4818   4                                            
    3   -2    5   -1                                                    
A  199999    3   75 9772   2                                            
    2    4                                                              
M 664631                      2    2    3    2    1   29                
H2 1    2    3    2    0   25 0506 0506                                 
N  1 1    1    0 1504 1 3    1    3    2    0    0    0    0    0    0  
N  1 1    210000 2131 1 3   -2   -1   -3    0    0    0    0    0    0  
L  1 5    1     0    11    21 169699999    97                           
    0 1504  157 1510  303 1542  463 1594  683 1657  758 1654  856 1627  
 1021 1530 1134 1525 1249 1552 1367 1593 1494 1610 1597 1583 1639 1561  
 1757 1440 1840 1410 1862 1410 1988 1456 2118 1540 2215 1622 2343 1719  
 2475 1763 2591 1765 2671 1760 2706 1752 2806 1763 2936 1796 2996 1823  
 3094 1893 3151 2002 3251 2094 3454 2251 3611 2299 3754 2292 3904 2251  
 4012 2198 4042 2173 4100 2144 4237 2160 4278 2149 4445 1985 4536 1937  
 4641 1910 4681 1910 4758 1923 4861 1929 4919 1948 5071 1989 5189 1994  
 5364 1949 5507 1919 5605 1925 5642 1933 5770 1985 5910 2001 6035 2010  
 6133 2053 6288 2183 6403 2240 6573 2235 6641 2237 6819 2235 7001 2238  
 7016 2246 7039 2287 7056 2344 7107 2349 7219 2233 7267 2217 7379 2266  
 7512 2312 7550 2312 7677 2280 7755 2294 7833 2375 7895 2405 8005 2391  
 8138 2359 8246 2321 8378 2314 8516 2298 8634 2236 8764 2187 8864 2171  
 9012 2158 9095 2137 9180 2169 9277 2232 9372 2224 9530 2167 9600 2175  
 9688 2227 9763 2254 9856 2195 9951 2146 9993 213010000 2131            
L  1 9    2     9    11    2188888 1696     4                           
    0 1504    010000100001000010000 2131                                
L  1 9    3     9    11    219999988888     4                           
    0 1504    0    010000    010000 2131                                
A  199999    1 6550 1906   2                                            
    1   -3                                                              
A  1 1696    2 5000 5313   2                                            
    2   -1                                                              
H1 7    0    0    0    1    2 0506 0506                                 
P  7 7    1 5040 6436 0 1                                               
01 3 5040 6436              00  çëå„ìá                                  
M 664632                      1    4    5    4    0   66                
H2 1    4    5    4    0   65 0506 0506                                 
N  1 2    1  855 1636 0 2    1   -1    0    0    0    0    0    0    0  
N  1 2    2  945 1713 0 2    2   -2    0    0    0    0    0    0    0  
N  1 1    3    0 2131 1 3    3   -5    4    0    0    0    0    0    0  
N  1 1    4 972610000 1 3    5   -4   -3    0    0    0    0    0    0  
L  1 5    1     0    10    10 169699999    11                           
  855 1636  867 1634  885 1645  893 1658  885 1672  877 1677  855 1682  
  826 1701  816 1687  833 1658  855 1636                                
L  1 5    2     0    20    20 169699999     9                           
  945 1713  922 1724  888 1723  868 1709  907 1666  925 1653  937 1651  
  951 1702  945 1713                                                    
L  1 5    3     0    31    41 169699999   288                           
    0 2131   30 2134   50 2145   66 2158   98 2199  113 2256  141 2276  
  193 2320  201 2333  221 2355  247 2369  293 2359  351 2359  369 2338  
  414 2325  464 2333  500 2347  560 2380  644 2406  709 2436  811 2491  
  871 2516  971 2536 1042 2543 1112 2541 1170 2541 1228 2523 1280 2488  
 1335 2470 1471 2477 1509 2474 1559 2486 1605 2530 1665 2582 1709 2609  
 1765 2629 1804 2654 1839 2657 1933 2587 1971 2577 2015 2594 2081 2640  
 2137 2690 2185 2717 2201 2723 2247 2702 2318 2648 2358 2630 2424 2620  
 2484 2628 2578 2627 2653 2614 2733 2593 2819 2610 2861 2646 2869 2662  
 2899 2695 2981 2728 3051 2745 3068 2770 3092 2830 3120 2876 3130 2884  
 3164 2901 3190 2904 3236 2896 3286 2870 3391 2782 3460 2709 3510 2683  
 3562 2691 3622 2708 3704 2728 3870 2741 3947 2739 3997 2755 4054 2816  
 4092 2862 4142 2903 4216 2950 4258 2986 4283 3046 4291 3102 4274 3251  
 4239 3386 4235 3440 4258 3533 4278 3571 4312 3606 4354 3642 4390 3691  
 4527 3836 4557 3880 4581 3929 4598 3996 4626 4051 4664 4084 4732 4136  
 4754 4169 4769 4226 4762 4399 4788 4450 4818 4472 4880 4500 5088 4557  
 5146 4576 5190 4574 5240 4553 5305 4532 5347 4538 5413 4565 5455 4601  
 5488 4639 5576 4789 5627 4857 5685 4955 5737 5037 5792 5141 5891 5272  
 5935 5318 5959 5324 5989 5316 6050 5298 6112 5274 6168 5274 6228 5294  
 6290 5322 6352 5341 6406 5342 6448 5323 6503 5270 6551 5246 6591 5246  
 6607 5252 6649 5280 6679 5318 6699 5367 6705 5402 6702 5429 6688 5475  
 6666 5526 6637 5577 6597 5671 6597 5677 6566 5728 6491 5873 6483 5903  
 6487 5941 6513 5993 6507 5995 6623 6021 6679 6054 6697 6070 6730 6117  
 6786 6204 6831 6299 6837 6334 6851 6348 6915 6343 6933 6346 6975 6374  
 7015 6447 7033 6491 7083 6527 7091 6535 7100 6578 7128 6624 7152 6649  
 7184 6709 7182 6736 7240 6701 7284 6672 7333 6632 7343 6632 7377 6619  
 7417 6587 7441 6593 7471 6631 7485 6623 7523 6612 7561 6618 7565 6615  
 7593 6635 7613 6657 7661 6684 7687 6741 7695 6774 7716 6834 7732 6864  
 7714 6890 7742 6942 7740 6961 7728 6980 7707 7031 7642 7131 7644 7136  
 7644 7131 7661 7128 7713 7129 7773 7145 7827 7192 7806 7230 7770 7256  
 7770 7267 7776 7275 7776 7316 7763 7351 7755 7408 7759 7489 7778 7543  
 7870 7655 8007 7787 8193 7948 8225 7970 8221 7965 8345 8064 8383 8086  
 8395 8088 8501 8087 8710 8043 8836 8025 8904 8023 8998 8057 9066 8066  
 9139 8058 9263 8011 9330 7982 9398 7958 9492 7946 9551 7889 9581 7892  
 9607 7901 9621 7898 9661 7904 9671 7912 9681 7939 9668 7991 9664 8029  
 9670 8066 9694 8118 9741 8189 9777 8230 9815 8263 9847 8277 9859 8285  
 9885 8293 9899 8315 9909 8307 9947 8299 9971 8332 9957 8359 9939 8381  
 9909 8391 9881 8388 9853 8388 9824 8433 9788 8420 9770 8438 9752 8468  
 9740 8476 9710 8486 9679 8491 9675 8513 9655 8551 9629 8569 9609 8577  
 9593 8618 9592 8653 9630 8800 9655 8862 9671 8927 9686 9044 9704 9103  
 9732 9163 9791 9250 9819 9316 9823 9359 9813 9400 9762 9502 9735 9664  
 9714 9729 9692 9772 9658 9823 9643 9863 9647 9920 9673 9975 9701 9999  
 972610000                                                              
L  1 9    4     9    31    4188888 1696     3                           
    0 2131    010000 972610000                                          
L  1 9    5     9    41    318888899999     5                           
 972610000100001000010000    0    0    0    0 2131                      
A  1 1696    1  857 1668   1                                            
   -1                                                                   
A  1 1696    2  917 1688   1                                            
   -2                                                                   
A  199999    3 8262 5810   6                                            
    3    5    0    1    0    2                                          
A  1 1696    4 3338 6052   2                                            
    4   -3                                                              
M 664640                      1    2    3    2    0   33                
H2 1    2    3    2    0   32 0506 0506                                 
N  1 1    1 447710000 1 3    1   -2    3    0    0    0    0    0    0  
N  1 1    2  315    0 1 3   -3   -1    2    0    0    0    0    0    0  
L  1 5    1     0    11    21 169699999   141                           
 447710000 4449 9917 4399 9820 4329 9698 4269 9639 4153 9566 3985 9452  
 3887 9355 3824 9274 3784 9190 3737 8991 3674 8829 3612 8724 3534 8616  
 3471 8518 3393 8429 3215 8259 3120 8194 3072 8143 3055 8111 3000 8062  
 2970 8003 2932 7965 2909 7860 2872 7779 2817 7722 2797 7706 2729 7633  
 2659 7573 2621 7576 2611 7587 2616 7608 2628 7635 2623 7662 2616 7668  
 2581 7676 2546 7635 2536 7619 2478 7549 2488 7476 2486 7457 2503 7309  
 2486 7255 2411 7082 2335 7001 2300 6944 2293 6888 2265 6793 2263 6772  
 2273 6656 2255 6580 2240 6556 2210 6534 2143 6494 2125 6475 2045 6359  
 2030 6362 1854 6334 1704 6299 1671 6248 1656 6169 1631 6145 1586 6126  
 1528 6064 1508 6032 1463 5937 1423 5827 1393 5792 1315 5789 1240 5778  
 1195 5729 1170 5667 1137 5667 1067 5678  994 5659  924 5616  901 5594  
  861 5535  841 5424  816 5235  817 5119  822 5017  839 4928  872 4850  
  910 4798  942 4739  990 4631 1028 4569 1083 4507 1141 4419 1164 4297  
 1151 4227 1136 4189 1111 4079 1091 3920 1061 3814 1006 3539  936 3304  
  856 3118  851 3097  846 3027  816 2927  792 2738  794 2730  789 2627  
  754 2358  717 2198  637 1923  604 1842  564 1769  522 1715  469 1672  
  449 1651  414 1602  407 1540  392 1464  389 1392  394 1354  384 1278  
  384 1235  397 1192  419 1168  432 1127  425 1022  407  920  377  828  
  347  699  345  607  350  574  342  491  323  383  348  305  353  278  
  353  219  345  186  350  119  338   84  330   76  310   38  310    3  
  315    0                                                              
L  1 9    2     9    21    118888899999     4                           
  315    0    0    0    010000 447710000                                
L  1 9    3     9    11    2188888 1696     4                           
 447710000100001000010000    0  315    0                                
A  199999    1  411 5020   2                                            
    1    2                                                              
A  1 1696    2 5411 5020   2                                            
    3   -1                                                              
M 664641                      1    1    1    1    0    6                
H2 1    1    1    1    0    5 0506 0506                                 
N  1 1    110000    0 1 2   -1    1    0    0    0    0    0    0    0  
L  1 9    1     9    11    1188888 1696     5                           
10000    0    0    0    010000100001000010000    0                      
A  1 1696    1 5000 4995   1                                            
    1                                                                   
M 664642                      2    4    6    3    1   31                
H2 1    4    6    3    0   27 0506 0506                                 
N  1 1    1 9726    0 1 3    1    3    5    0    0    0    0    0    0  
N  1 1    210000  720 1 3    6   -1   -5    0    0    0    0    0    0  
N  1 1    310000 9954 1 3   -4    2   -6    0    0    0    0    0    0  
N  1 1    4 678210000 1 3    4   -3   -2    0    0    0    0    0    0  
L  1 5    1     0    11    21 169699999     9                           
 9726    0 9733    6 9736   28 9789  112 9845  249 9876  350 9942  544  
 9965  62310000  720                                                    
L  1 5    2     0    31    41 169699999    31                           
10000 9954 9914 9920 9808 9907 9609 9889 9521 9876 9446 9860 9345 9857  
 9068 9864 8875 9857 8694 9850 8543 9834 8477 9837 8475 9842 8472 9834  
 8405 9837 8188 9822 8113 9822 7997 9815 7922 9821 7690 9811 7615 9803  
 7524 9806 7356 9839 7266 9853 7135 9867 6979 9873 6911 9879 6851 9896  
 6816 9918 6791 9964 678210000                                          
L  1 9    3     9    11    4188888 1696     4                           
 9726    0    0    0    010000 678210000                                
L  1 9    4     9    41    318888899999     3                           
 678210000100001000010000 9954                                          
L  1 9    5     9    11    219999988888     3                           
 9726    010000    010000  720                                          
L  1 9    6     9    21    31 169688888     2                           
10000  72010000 9954                                                    
A  199999    1 9940  361   2                                            
    1   -5                                                              
A  1 1696    2 5000 5448   4                                            
    3   -2   -6   -1                                                    
A  199999    3 8292 9901   2                                            
    2    4                                                              
H1 7    0    0    0    1    2 0506 0506                                 
P  7 2    1 1333 2000 0 1                                               
01 3 1333 2000              00  ñÍñÍäx                                  
M 664643                      2    8   15    6    0   89                
H2 1    8   11    6    0   67 0506 0506                                 
N  1 2    1 9204 1999 0 2    1   -1    0    0    0    0    0    0    0  
N  1 2    2 8960 2297 0 2    2   -2    0    0    0    0    0    0    0  
N  1 1    3    0  720 1 3    3   11    6    0    0    0    0    0    0  
N  1 1    410000 3074 1 3  -10   -3  -11    0    0    0    0    0    0  
N  1 1    5 626810000 1 3   10   -9    4    0    0    0    0    0    0  
N  1 1    6 475610000 1 3    9   -8   -4    0    0    0    0    0    0  
N  1 1    7  33410000 1 3    8   -7    5    0    0    0    0    0    0  
N  1 1    8    0 9954 1 3   -5    7   -6    0    0    0    0    0    0  
L  1 5    1     0    10    10 169699999    13                           
 9204 1999 9212 2002 9224 2005 9236 2018 9240 2037 9238 2043 9220 2053  
 9198 2056 9186 2050 9172 2023 9172 2015 9192 1999 9204 1999            
L  1 5    2     0    20    20 169699999    10                           
 8960 2297 8980 2297 9000 2308 9008 2314 9016 2335 9014 2360 9010 2373  
 8996 2376 8950 2324 8960 2297                                          
L  1 5    3     0    31    41 169699999   150                           
    0  720   56  864   91  975  143 1095  216 1229  270 1300  326 1349  
  330 1360  338 1344  358 1333  386 1363  374 1376  392 1363  408 1358  
  421 1409  433 1431  427 1447  518 1635  544 1682  741 1946 1057 2299  
 1194 2444 1236 2477 1294 2543 1356 2600 1422 2652 1561 2770 1597 2803  
 1693 2880 1781 2940 1860 2987 2044 3070 2148 3123 2266 3195 2346 3247  
 2542 3352 2673 3440 2823 3539 2887 3567 2975 3622 3057 3679 3111 3729  
 3186 3776 3358 3851 3434 3889 3486 3922 3760 4126 3875 4222 3935 4255  
 4067 4359 4221 4453 4295 4494 4381 4525 4516 4588 4684 4688 4786 4737  
 4868 4773 5014 4826 5178 4877 5274 4910 5500 4980 5596 4992 5731 5018  
 5965 5031 5981 5032 5987 5034 6160 5033 6300 5016 6440 4982 6541 4945  
 6734 4855 6764 4834 6829 4764 6881 4714 7107 4548 7248 4431 7296 4374  
 7365 4315 7393 4305 7391 4294 7428 4156 7454 4086 7479 4030 7543 3938  
 7596 3885 7733 3791 7883 3733 8026 3673 8072 3635 8143 3544 8224 3456  
 8242 3450 8374 3384 8449 3317 8496 3231 8536 3085 8583 2953 8618 2886  
 8715 2771 8773 2723 8815 2677 8908 2537 8959 2524 9109 2507 9145 2499  
 9153 2491 9168 2453 9043 2236 9035 2184 9037 2157 9031 2154 9013 2122  
 9027 2100 9047 2103 9073 2117 9120 2060 9140 2044 9146 2045 9176 2067  
 9180 2080 9260 2062 9306 2057 9358 2060 9484 2116 9522 2116 9528 2130  
 9520 2149 9588 2252 9627 2315 9671 2364 9737 2492 9736 2541 9742 2589  
 9752 2644 9769 2695 9787 2720 9799 2731 9846 2707 9876 2702 9916 2735  
 9933 2754 9941 2792 9919 2848 9911 2854 9888 2910 9910 2957 9930 2989  
 9960 3044 9998 308510000 3074                                          
L  1 5    4     0    51    61 169699999    19                           
 626810000 6236 9985 6186 9971 6120 9965 6017 9975 5955 9966 5895 9952  
 5727 9950 5664 9966 5648 9976 5616 9982 5370 9955 5294 9940 5187 9937  
 5079 9944 5041 9949 4888 9982 4812 9995 475610000                      
L  1 5    5     0    71    81 169699999     5                           
  33410000  228 9978  146 9977   64 9979    0 9954                      
L  1 9    6     9    31    8188888 1696     2                           
    0  720    0 9954                                                    
L  1 9    7     9    81    718888899999     3                           
    0 9954    010000  33410000                                          
L  1 9    8     9    71    6188888 1696     2                           
  33410000 475610000                                                    
L  1 9    9     9    61    518888899999     2                           
 475610000 626810000                                                    
L  1 9   10     9    51    4188888 1696     3                           
 626810000100001000010000 3074                                          
L  1 9   11     9    31    419999988888     4                           
    0  720    0    010000    010000 3074                                
A  1 1696    1 9206 2026   1                                            
   -1                                                                   
A  1 1696    2 8988 2336   1                                            
   -2                                                                   
A  199999    3 5158 2880   6                                            
    3  -11    0    1    0    2                                          
A  1 1696    4 5000 5390   6                                            
    6   -5    8   -4   10   -3                                          
A  199999    5 5221 9968   2                                            
    4    9                                                              
A  199999    6  167 9978   2                                            
    5    7                                                              
H1 5    0    4    0    0   20 0506 0506                                 
L  5 2    1     0    00    00              34                           
 5460 9800 5420 9730 5870 9460 5960 9280 6250 9190 6210 9010 6390 8840  
 6460 8660 6090 8130 6020 7720 5650 7520 5650 7170 5590 7020 6050 6940  
 6200 6780 6380 6690 6420 6980 6500 6930 6450 6620 6630 6520 6810 6860  
 6880 7330 6770 7530 6900 7750 6850 7950 7160 8100 6950 8760 6850 9200  
 6770 9310 6490 9360 6220 9530 5990 9510 5580 9780 5460 9800            
L  5 2    2     0    00    00              16                           
 3830 6310 3120 6170 2750 5940 2480 5110 2480 4740 2740 4340 3040 4270  
 3970 4540 4640 5080 4950 5150 4830 5200 4640 5180 4960 5540 4950 5760  
 4610 6140 3830 6310                                                    
L  5 2    3     0    00    00              34                           
 5460 9800 5420 9730 5870 9460 5960 9280 6250 9190 6210 9010 6390 8840  
 6460 8660 6090 8130 6020 7720 5650 7520 5650 7170 5590 7020 6050 6940  
 6200 6780 6380 6690 6420 6980 6500 6930 6450 6620 6630 6520 6810 6860  
 6880 7330 6770 7530 6900 7750 6850 7950 7160 8100 6950 8760 6850 9200  
 6770 9310 6490 9360 6220 9530 5990 9510 5580 9780 5460 9800            
L  5 2    4     0    00    00              16                           
 3830 6310 3120 6170 2750 5940 2480 5110 2480 4740 2740 4340 3040 4270  
 3970 4540 4640 5080 4950 5150 4830 5200 4640 5180 4960 5540 4950 5760  
 4610 6140 3830 6310                                                    
M 664644                      1    2    3    2    0   36                
H2 1    2    3    2    0   35 0506 0506                                 
N  1 1    1    0 3074 1 3    1   -3    2    0    0    0    0    0    0  
N  1 1    2 435210000 1 3    3   -2   -1    0    0    0    0    0    0  
L  1 5    1     0    11    21 169699999   167                           
    0 3074   13 3078   46 3078   66 3067   86 3046  138 2950  175 2899  
  200 2899  243 2942  249 2999  219 3112  220 3229  225 3261  238 3299  
  319 3431  382 3487  445 3503  467 3500  472 3490  475 3471  487 3452  
  512 3449  562 3465  598 3524  618 3537  598 3589  596 3608  621 3662  
  634 3678  672 3705  714 3699  749 3683  799 3639  832 3628  842 3614  
  849 3577  864 3571  929 3581  957 3606  970 3660  985 3684 1018 3708  
 1036 3716 1093 3727 1161 3729 1261 3720 1347 3693 1407 3679 1462 3659  
 1517 3646 1613 3658 1648 3658 1683 3644 1705 3650 1713 3704 1698 3731  
 1681 3742 1668 3764 1661 3807 1639 3877 1592 3983 1592 4024 1610 4056  
 1635 4080 1663 4086 1878 4095 1909 4144 1904 4192 1902 4198 1907 4301  
 1917 4344 1930 4363 1975 4387 2051 4416 2091 4440 2131 4456 2184 4469  
 2260 4477 2265 4480 2272 4531 2300 4523 2345 4533 2355 4552 2361 4609  
 2366 4623 2356 4652 2369 4690 2402 4733 2452 4774 2505 4803 2613 4840  
 2643 4854 2643 4894 2659 4924 2709 4972 2893 5068 2938 5098 3036 5146  
 3064 5178 3070 5232 3037 5262 2997 5271 2977 5290 2957 5331 2947 5379  
 2950 5393 2948 5477 2971 5571 2996 5633 3022 5668 3060 5739 3068 5784  
 3018 5893 3018 5961 3026 6015 3072 6147 3115 6236 3131 6282 3146 6347  
 3131 6387 3109 6434 3096 6450 3069 6512 3055 6591 3062 6599 3100 6610  
 3115 6623 3125 6674 3144 6845 3147 6912 3155 6975 3183 7039 3248 7117  
 3281 7160 3347 7312 3413 7409 3456 7476 3484 7546 3490 7595 3455 7722  
 3450 7782 3453 7798 3451 7803 3466 7874 3492 7936 3512 7976 3565 8125  
 3654 8254 3773 8397 3823 8448 3904 8510 3995 8542 4020 8547 4040 8612  
 4023 8666 4026 8725 4059 8882 4098 9028 4106 9090 4111 9179 4145 9377  
 4186 9536 4253 9733 4288 9822 4326 9901 4357 9976 435210000            
L  1 9    2     9    11    2188888 1696     3                           
    0 3074    010000 435210000                                          
L  1 9    3     9    21    118888899999     5                           
 435210000100001000010000    0    0    0    0 3074                      
A  199999    1 6548 6450   2                                            
    1    3                                                              
A  1 1696    2 1549 6448   2                                            
    2   -1                                                              
M 664650                      1    2    3    2    0   31                
H2 1    2    3    2    0   30 0506 0506                                 
N  1 1    110000 9863 1 3    1   -3   -2    0    0    0    0    0    0  
N  1 1    2 4477    0 1 3    3   -1    2    0    0    0    0    0    0  
L  1 5    1     0    11    21 169699999   130                           
10000 9863 9952 9834 9909 9764 9889 9656 9839 9599 9798 9578 9743 9575  
 9726 9586 9758 9548 9748 9537 9688 9513 9597 9443 9565 9383 9535 9297  
 9520 9278 9467 9235 9437 9200 9434 9192 9341 9089 9283 9000 9276 8943  
 9238 8898 9163 8782 9125 8709 9085 8641 9004 8566 8934 8487 8864 8447  
 8751 8403 8658 8384 8592 8333 8474 8290 8384 8233 8329 8174 8273 8139  
 8178 8036 8105 7979 8027 7947 7964 7914 7899 7890 7829 7828 7803 7755  
 7788 7752 7733 7704 7695 7631 7663 7542 7605 7434 7557 7385 7467 7264  
 7409 7199 7361 7169 7344 7110 7301 7021 7238 6986 7181 6945 7113 6880  
 7037 6818 6879 6672 6867 6600 6786 6454 6726 6367 6676 6286 6638 6144  
 6661 6060 6666 5955 6679 5893 6653 5833 6606 5742 6558 5698 6525 5661  
 6480 5550 6465 5528 6460 5472 6428 5385 6387 5321 6387 5251 6395 5083  
 6385 4986 6342 4806 6340 4779 6250 4649 6212 4547 6149 4355 6147 4253  
 6094 3994 6071 3950 6054 3948 6031 3915 6062 3818 6067 3743 6026 3643  
 5961 3559 5939 3519 5956 3492 5959 3435 5954 3408 5833 3235 5776 3122  
 5690 2774 5630 2661 5577 2623 5562 2572 5487 2426 5470 2345 5442 2240  
 5392 2137 5334 2059 5322 2029 5319 2011 5201 1857 5118 1770 5056 1689  
 5013 1619 5013 1538 5008 1508 4970 1460 4905 1322 4865 1198 4827 1109  
 4775 1015 4722  904 4682  766 4664  742 4602  672 4569  599 4562  575  
 4549  480 4544  257 4524  157 4477    0                                
L  1 9    2     9    21    118888899999     5                           
 4477    0    0    0    010000100001000010000 9863                      
L  1 9    3     9    21    11 169688888     3                           
 4477    010000    010000 9863                                          
A  199999    1 3197 5088   2                                            
    1    2                                                              
A  1 1696    2 8192 4981   2                                            
   -3   -1                                                              
M 664651                      1    4    6    3    0   36                
H2 1    4    6    3    0   35 0506 0506                                 
N  1 1    110000 4414 1 3    1   -6   -5    0    0    0    0    0    0  
N  1 1    2 543110000 1 3    5   -4   -1    0    0    0    0    0    0  
N  1 1    3  13810000 1 3    4   -3    2    0    0    0    0    0    0  
N  1 1    4    0 9863 1 3   -2    3    6    0    0    0    0    0    0  
L  1 5    1     0    11    21 169699999    95                           
10000 4414 9988 4467 9938 4491 9853 4545 9747 4617 9682 4668 9627 4720  
 9557 4814 9537 4887 9512 5059 9494 5140 9467 5213 9409 5326 9364 5404  
 9331 5531 9241 5671 9211 5757 9194 5846 9123 5986 9096 6059 9081 6153  
 9088 6191 9111 6191 9099 6261 9061 6318 8946 6398 8905 6420 8875 6449  
 8850 6517 8815 6568 8777 6611 8752 6665 8725 6740 8702 6821 8670 6905  
 8645 6983 8645 7018 8655 7118 8622 7166 8565 7312 8537 7403 8449 7503  
 8414 7568 8339 7581 8201 7624 8145 7632 8110 7656 8130 7742 8168 7788  
 8128 7837 8093 7891 8075 7896 8015 7901 7949 7820 7884 7799 7799 7834  
 7718 7874 7661 7933 7553 7965 7500 7995 7402 8038 7319 8095 7229 8210  
 7194 8270 7153 8329 7096 8385 7033 8399 6932 8412 6792 8452 6593 8560  
 6485 8595 6322 8654 6284 8673 6073 8797 6020 8834 5975 8883 5933 8953  
 5892 9047 5887 9066 5842 9155 5830 9193 5777 9279 5717 9349 5659 9405  
 5641 9451 5664 9486 5662 9537 5636 9597 5591 9656 5536 9739 5534 9788  
 5513 9872 5466 9904 5446 9985 543110000                                
L  1 5    2     0    31    41 169699999     4                           
  13810000  103 9950   20 9875    0 9863                                
L  1 9    3     9    41    318888899999     3                           
    0 9863    010000  13810000                                          
L  1 9    4     9    31    2188888 1696     2                           
  13810000 543110000                                                    
L  1 9    5     9    21    118888899999     3                           
 543110000100001000010000 4414                                          
L  1 9    6     9    41    11 169688888     4                           
    0 9863    0    010000    010000 4414                                
A  199999    1 9302 7210   2                                            
    1    5                                                              
A  1 1696    2 4312 7164   4                                            
   -6   -2    4   -1                                                    
A  199999    3   42 9932   2                                            
    2    3                                                              
M 664652                      1    2    3    2    0   38                
H2 1    2    3    2    0   37 0506 0506                                 
N  1 1    1 6782    0 1 3    1    2   -3    0    0    0    0    0    0  
N  1 1    2    0 4414 1 3   -1    3   -2    0    0    0    0    0    0  
L  1 5    1     0    11    21 169699999   179                           
 6782    0 6774   45 6752  327 6743  397 6728  452 6658  536 6620  574  
 6575  609 6515  648 6455  678 6384  705 6327  719 6317  757 6292  798  
 6264  809 6216  782 6204  825 6164  812 6143  793 6143  744 6128  771  
 6101  809 6088  809 6045  774 6040  745 6005  745 6010  799 6008  826  
 5993  840 5953  834 5907  759 5902  740 5879  734 5869  751 5862  816  
 5834  843 5794  816 5751  754 5728  740 5673  746 5645  754 5620  782  
 5576  898 5549 1061 5534 1102 5501 1129 5446 1137 5353 1157 5305 1162  
 5252 1154 5137 1152 5076 1136 4960 1069 4907 1050 4875 1050 4872 1059  
 4870 1153 4858 1216 4841 1275 4831 1297 4753 1346 4620 1363 4476 1369  
 4398 1378 4228 1408 4034 1458 3893 1485 3700 1505 3642 1524 3466 1558  
 3388 1569 3109 1638 2944 1685 2823 1750 2728 1824 2630 1924 2588 1984  
 2535 2071 2491 2161 2476 2239 2474 2304 2484 2386 2512 2445 2560 2510  
 2644 2661 2669 2672 2694 2696 2702 2748 2632 2824 2599 2867 2531 2911  
 2494 2965 2469 2976 2416 2984 2323 3007 2265 3010 2242 2980 2217 2956  
 2210 2977 2190 2999 2162 2956 2157 2969 2155 2994 2150 3005 2072 3010  
 2064 2997 2039 2927 2044 2954 2036 3002 2014 3043 2004 3043 1994 3054  
 1984 3043 1966 2970 1951 3016 1938 3033 1928 3027 1916 3011 1908 2979  
 1910 2927 1903 2889 1885 2862 1872 2906 1865 2963 1835 3090 1788 3109  
 1760 3071 1760 3061 1772 3041 1747 3012 1739 2947 1722 2944 1702 2974  
 1667 3018 1646 2993 1634 2972 1616 2983 1604 3010 1574 3042 1549 3061  
 1533 3043 1511 3026 1490 2991 1448 2981 1395 2984 1249 2976 1166 2966  
 1075 2963  992 2969  844 2989  701 3025  605 3039  540 3058  455 3072  
  382 3096  324 3137  259 3213  196 3325  182 3441  177 3495  182 3541  
  223 3660  236 3717  231 3750  218 3785  209 3845  191 3888  179 3942  
  181 3959  197 3988  212 4029  225 4118  225 4164  218 4221  205 4270  
  173 4316   82 4365   15 4414    0 4414                                
L  1 9    2     9    11    2188888 1696     3                           
 6782    0    0    0    0 4414                                          
L  1 9    3     9    21    118888899999     5                           
    0 4414    010000100001000010000    0 6782    0                      
A  199999    1 5000 5022   2                                            
    1    3                                                              
A  1 1696    2 1238 2240   2                                            
    2   -1                                                              
M 664653                      1    7    9    6    0   54                
H2 1    7    9    6    0   53 0506 0506                                 
N  1 2    1 3575  426 0 2    1   -1    0    0    0    0    0    0    0  
N  1 2    2 2856  527 0 2    2   -2    0    0    0    0    0    0    0  
N  1 2    3 2117  460 0 2    3   -3    0    0    0    0    0    0    0  
N  1 1    410000  674 1 3    4   -7   -6    0    0    0    0    0    0  
N  1 1    5 6268    0 1 3    7   -4   -9    0    0    0    0    0    0  
N  1 1    6 4756    0 1 3    9    5   -8    0    0    0    0    0    0  
N  1 1    7  334    0 1 3    8   -5    6    0    0    0    0    0    0  
L  1 5    1     0    10    10 169699999    12                           
 3575  426 3550  470 3527  494 3522  492 3525  446 3539  394 3554  359  
 3559  353 3582  370 3590  391 3585  410 3575  426                      
L  1 5    2     0    20    20 169699999    11                           
 2856  527 2831  573 2824  579 2811  573 2783  484 2793  435 2805  419  
 2820  422 2846  511 2846  530 2856  527                                
L  1 5    3     0    30    30 169699999     9                           
 2117  460 2091  455 2081  444 2076  414 2089  401 2116  406 2139  422  
 2139  438 2117  460                                                    
L  1 5    4     0    41    51 169699999    52                           
10000  674 9999  690 9976  693 9853  669 9817  656 9790  629 9696  608  
 9628  589 9553  576 9482  555 9387  514 9238  428 9190  410 9142  399  
 9044  394 9019  389 8948  362 8855  319 8799  314 8676  293 8603  288  
 8447  269 8422  264 8372  261 8185  219 8092  203 8032  198 7977  212  
 7929  196 7856  161 7795  123 7737  104 7677   97 7611   83 7508   73  
 7458   62 7289   41 7211   36 7133   56 7096   80 7061   78 6962   43  
 6909   30 6829   27 6754   30 6693   22 6620   20 6505   31 6477   40  
 6412   51 6354   43 6268    0                                          
L  1 5    5     0    61    71 169699999    47                           
 4756    0 4536    2 4380   46 4300   57 4222   61 4091   91 3961  140  
 3832  160 3782  179 3712  217 3649  269 3597  302 3542  318 3484  313  
 3408  297 3315  284 3242  284 3076  318 3004  342 2926  389 2876  397  
 2793  381 2710  371 2475  309 2395  294 2257  302 2156  327 2098  327  
 2008  301 1962  271 1856  228 1741  204 1710  167 1700  142 1695  145  
 1698  161 1693  167 1675  159 1637  167 1559  167 1444  149 1250   90  
 1008   53  885   43  686   44  452   21  334    0                      
L  1 9    6     9    71    418888899999     5                           
  334    0    0    0    010000100001000010000  674                      
L  1 9    7     9    51    41 169688888     3                           
 6268    010000    010000  674                                          
L  1 9    8     9    71    61 169688888     2                           
  334    0 4756    0                                                    
L  1 9    9     9    61    519999988888     2                           
 4756    0 6268    0                                                    
A  1 1696    1 3554  422   1                                            
   -1                                                                   
A  1 1696    2 2815  498   1                                            
   -2                                                                   
A  1 1696    3 2109  430   1                                            
   -3                                                                   
A  199999    4 5956  347  10                                            
    4   -9    5    6    0    1    0    2    0    3                      
A  1 1696    5 9457  346   2                                            
   -7   -4                                                              
A  1 1696    6 2741  198   2                                            
   -8   -5                                                              
M 664654                      2    4    5    4    1   48                
H2 1    4    5    4    0   44 0506 0506                                 
N  1 2    1 4319 3358 0 2    1   -1    0    0    0    0    0    0    0  
N  1 2    2 7281 4877 0 2    2   -2    0    0    0    0    0    0    0  
N  1 1    3 4352    0 1 3    3    4   -5    0    0    0    0    0    0  
N  1 1    4    0  674 1 3   -3    5   -4    0    0    0    0    0    0  
L  1 5    1     0    10    10 169699999    15                           
 4319 3358 4250 3436 4234 3442 4219 3442 4212 3415 4225 3398 4239 3361  
 4206 3356 4200 3324 4231 3299 4270 3282 4300 3272 4319 3285 4326 3324  
 4319 3358                                                              
L  1 5    2     0    20    20 169699999    18                           
 7281 4877 7289 4937 7280 4967 7260 4988 7234 4991 7188 4987 7144 4965  
 7106 4927 7059 4862 7041 4821 7045 4769 7069 4748 7108 4724 7176 4717  
 7214 4744 7242 4780 7275 4850 7281 4877                                
L  1 5    3     0    31    41 169699999   129                           
 4352    0 4323  193 4319  271 4326  369 4370  651 4394  759 4522 1137  
 4555 1237 4622 1403 4634 1447 4683 1547 4739 1643 4876 1858 4951 1970  
 5001 2046 5116 2307 5149 2402 5211 2511 5240 2574 5308 2732 5345 2808  
 5446 2979 5584 3151 5691 3293 5858 3495 5942 3613 5991 3692 6035 3752  
 6103 3826 6131 3861 6158 3915 6196 3978 6266 4068 6323 4126 6403 4156  
 6603 4218 6673 4243 6721 4281 6731 4298 6735 4352 6723 4379 6709 4392  
 6687 4392 6617 4367 6533 4323 6437 4284 6347 4256 6243 4190 6187 4135  
 6061 4036 5971 4033 5889 4048 5835 4026 5711 3943 5639 3902 5545 3836  
 5490 3784 5364 3653 5310 3603 5137 3474 5091 3436 5075 3428 5025 3416  
 4983 3427 4944 3448 4890 3439 4802 3411 4720 3372 4648 3334 4593 3298  
 4587 3301 4507 3240 4467 3229 4459 3229 4427 3215 4409 3212 4399 3206  
 4383 3177 4375 3128 4373 3122 4373 3098 4420 3009 4405 2901 4405 2806  
 4392 2649 4376 2575 4351 2510 4313 2456 4223 2371 4207 2362 4124 2291  
 3946 2173 3826 2109 3778 2079 3748 2068 3726 2054 3710 2054 3577 1971  
 3475 1903 3385 1850 3355 1828 3273 1784 3129 1720 3109 1706 3055 1657  
 2928 1558 2874 1531 2770 1483 2708 1467 2608 1449 2506 1440 2474 1429  
 2341 1400 2279 1383 2066 1297 1868 1208 1746 1175 1513 1123 1417 1095  
 1327 1073 1289 1069 1063 1013  931  971  685  909  567  834  435  795  
  217  725  143  713    0  674                                          
L  1 9    4     9    31    4188888 1696     3                           
 4352    0    0    0    0  674                                          
L  1 9    5     9    41    318888899999     5                           
    0  674    010000100001000010000    0 4352    0                      
A  1 1696    1 4266 3357   1                                            
   -1                                                                   
A  1 1696    2 7166 4854   1                                            
   -2                                                                   
A  199999    3 3526 4848   6                                            
    3    5    0    1    0    2                                          
A  1 1696    4 4614 2288   2                                            
    4   -3                                                              
H1 7    0    0    0    1    2 0506 0506                                 
P  7 6    1 5867 3902 0 1                                               
01 5 5867 3902              00  à¿ìnà⁄ñÓñ¶                              
M 664656                      1   14   21    8    0  115                
H2 1   14   21    8    0  114 0506 0506                                 
N  1 1    110000 8698 1 3    1  -21    8    0    0    0    0    0    0  
N  1 1    210000 8587 1 3   21   -1  -20    0    0    0    0    0    0  
N  1 1    310000 8562 1 3   20    2  -19    0    0    0    0    0    0  
N  1 1    410000 8376 1 3   19   -2  -18    0    0    0    0    0    0  
N  1 1    510000 8001 1 3   18    3  -17    0    0    0    0    0    0  
N  1 1    610000 7963 1 3   17   -3  -16    0    0    0    0    0    0  
N  1 1    710000 7814 1 3   16    4  -15    0    0    0    0    0    0  
N  1 1    810000 7804 1 3   15   -4  -14    0    0    0    0    0    0  
N  1 1    910000 7714 1 3   14    5  -13    0    0    0    0    0    0  
N  1 1   1010000 7706 1 3   13   -5  -12    0    0    0    0    0    0  
N  1 1   1110000 7675 1 3   12    6  -11    0    0    0    0    0    0  
N  1 1   1210000 7606 1 3   11   -6  -10    0    0    0    0    0    0  
N  1 1   1310000 7388 1 3   10    7   -9    0    0    0    0    0    0  
N  1 1   1410000 2568 1 3    9   -7   -8    0    0    0    0    0    0  
L  1 5    1     0    11    21 169899999    10                           
10000 8698 9987 8671 9973 8662 9917 8659 9911 8654 9905 8621 9913 8597  
 9924 8586 9938 857810000 8587                                          
L  1 5    2     0    31    41 169899999     9                           
10000 8562 9934 8527 9926 8508 9940 8491 9972 8486 9969 8432 9997 8433  
 9997 840010000 8376                                                    
L  1 5    3     0    51    61 169899999     3                           
10000 8001 9983 798010000 7963                                          
L  1 5    4     0    71    81 169899999     3                           
10000 7814 9996 780510000 7804                                          
L  1 5    5     0    91   101 169899999     3                           
10000 7714 9997 770710000 7706                                          
L  1 5    6     0   111   121 169899999     6                           
10000 7675 9983 7669 9977 7658 9971 7623 9979 760210000 7606            
L  1 5    7     0   131   141 169899999   285                           
10000 7388 9987 7385 9957 7385 9945 7349 9947 7341 9939 7312 9917 7276  
 9897 7257 9877 7243 9853 7224 9839 7224 9819 7237 9803 7237 9779 7218  
 9743 7204 9723 7187 9715 7158 9717 7139 9732 7133 9738 7123 9782 7110  
 9802 7075 9804 7050 9776 7039 9756 6996 9712 6998 9692 6973 9697 6919  
 9677 6911 9671 6903 9651 6829 9639 6759 9635 6756 9618 6724 9646 6664  
 9666 6643 9678 6621 9667 6594 9629 6480 9629 6467 9619 6434 9591 6439  
 9529 6422 9523 6425 9503 6419 9495 6400 9471 6389 9462 6313 9446 6300  
 9436 6278 9440 6251 9458 6240 9450 6232 9434 6207 9364 6177 9342 6160  
 9338 6131 9321 6098 9317 6082 9333 6060 9337 6058 9341 6044 9329 6020  
 9317 6017 9293 6022 9259 6016 9253 6008 9253 5984 9243 5994 9223 5986  
 9205 5983 9197 5956 9197 5940 9161 5904 9165 5891 9190 5872 9186 5858  
 9164 5834 9140 5796 9136 5793 9134 5782 9144 5755 9150 5758 9150 5734  
 9142 5706 9138 5698 9099 5671 9089 5644 9099 5630 9133 5617 9181 5620  
 9199 5612 9201 5599 9161 5585 9115 5563 9111 5554 9111 5517 9132 5506  
 9162 5509 9190 5523 9218 5510 9224 5485 9226 5469 9208 5445 9206 5407  
 9192 5396 9193 5363 9223 5339 9227 5328 9231 5296 9259 5277 9283 5275  
 9309 5253 9316 5240 9284 5202 9294 5183 9296 5169 9282 5145 9280 5123  
 9296 5113 9320 5113 9328 5110 9336 5097 9337 5089 9319 5069 9315 5026  
 9309 5015 9311 4983 9297 4945 9213 4920 9213 4906 9237 4890 9294 4872  
 9278 4834 9250 4793 9224 4771 9184 4754 9156 4716 9192 4705 9218 4703  
 9223 4690 9207 4665 9203 4646 9187 4624 9145 4616 9137 4594 9121 4580  
 9079 4591 9055 4590 9031 4585 9003 4568 8971 4503 8991 4457 8983 4446  
 8995 4454 9031 4512 9059 4523 9099 4488 9108 4485 9126 4494 9147 4535  
 9143 4532 9151 4551 9199 4562 9237 4579 9267 4584 9281 4574 9285 4568  
 9284 4544 9268 4501 9266 4457 9260 4436 9236 4392 9198 4356 9160 4356  
 9140 4342 9121 4318 9085 4298 9111 4277 9117 4245 9115 4207 9133 4193  
 9139 4183 9139 4164 9132 4142 9144 4118 9162 4107 9168 4110 9174 4104  
 9184 4078 9180 4072 9182 4034 9188 4026 9221 4005 9225 4008 9231 3989  
 9215 3975 9205 3940 9207 3913 9221 3897 9287 3900 9287 3905 9295 3911  
 9310 3854 9328 3849 9312 3843 9362 3852 9372 3787 9394 3750 9409 3696  
 9419 3609 9414 3560 9426 3539 9460 3534 9466 3493 9458 3458 9458 3439  
 9451 3387 9459 3366 9487 3385 9475 3334 9477 3307 9483 3290 9475 3269  
 9500 3253 9496 3226 9470 3214 9428 3206 9402 3198 9388 3170 9390 3146  
 9414 3138 9446 3141 9452 3147 9492 3169 9498 3169 9476 3133 9468 3106  
 9472 3098 9489 3077 9535 3083 9563 3088 9577 3053 9593 3051 9649 3105  
 9643 3057 9647 3040 9697 3052 9703 3036 9703 3014 9696 2995 9664 2946  
 9666 2924 9682 2916 9722 2928 9726 2917 9722 2857 9754 2871 9802 2872  
 9825 2861 9845 2840 9859 2834 9877 2816 9881 2805 9833 2734 9830 2701  
 9846 2693 9856 2691 9886 2710 9919 2765 9923 2767 9939 2765 9941 2754  
 9936 2721 9884 2632 9880 2621 9876 2594 9880 2575 9890 2575 9952 2643  
 9964 2641 9958 2581 9965 2568 9981 255410000 2568                      
L  1 9    8     9    11   1419999988888     6                           
10000 86981000010000    010000    0    010000    010000 2568            
L  1 9    9     9   141   131 169888888     2                           
10000 256810000 7388                                                    
L  1 9   10     9   131   1219999988888     2                           
10000 738810000 7606                                                    
L  1 9   11     9   121   111 169888888     2                           
10000 760610000 7675                                                    
L  1 9   12     9   111   1019999988888     2                           
10000 767510000 7706                                                    
L  1 9   13     9   101    91 169888888     2                           
10000 770610000 7714                                                    
L  1 9   14     9    91    819999988888     2                           
10000 771410000 7804                                                    
L  1 9   15     9    81    71 169888888     2                           
10000 780410000 7814                                                    
L  1 9   16     9    71    619999988888     2                           
10000 781410000 7963                                                    
L  1 9   17     9    61    51 169888888     2                           
10000 796310000 8001                                                    
L  1 9   18     9    51    419999988888     2                           
10000 800110000 8376                                                    
L  1 9   19     9    41    31 169888888     2                           
10000 837610000 8562                                                    
L  1 9   20     9    31    219999988888     2                           
10000 856210000 8587                                                    
L  1 9   21     9    21    11 169888888     2                           
10000 858710000 8698                                                    
A  199999    1 4564 5619  14                                            
    1  -20    2  -18    3  -16    4  -14    5  -12    6  -10    7   -8  
A  1 1698    2 9954 8636   2                                            
  -21   -1                                                              
A  1 1698    3 9986 8472   2                                            
  -19   -2                                                              
A  1 1698    4 9992 7980   2                                            
  -17   -3                                                              
A  1 1698    5 9999 7808   2                                            
  -15   -4                                                              
A  1 1698    6 9999 7709   2                                            
  -13   -5                                                              
A  1 1698    7 9987 7638   2                                            
  -11   -6                                                              
A  1 1698    8 9655 4980   2                                            
   -9   -7                                                              
M 664657                      2   16   24    9    1  183                
H2 1   16   24    9    0  179 0506 0506                                 
N  1 1    1  62710000 1 3    1  -24  -10    0    0    0    0    0    0  
N  1 1    2    0 8698 1 3   -1   24  -23    0    0    0    0    0    0  
N  1 1    3    0 8587 1 3    2   23  -22    0    0    0    0    0    0  
N  1 1    4    0 8562 1 3   -2   22  -21    0    0    0    0    0    0  
N  1 1    5    0 8376 1 3   21  -20    3    0    0    0    0    0    0  
N  1 1    6    0 8001 1 3   -3   20  -19    0    0    0    0    0    0  
N  1 1    7    0 7963 1 3   19  -18    4    0    0    0    0    0    0  
N  1 1    8    0 7814 1 3   -4   18  -17    0    0    0    0    0    0  
N  1 1    9    0 7804 1 3   17  -16    5    0    0    0    0    0    0  
N  1 1   10    0 7714 1 3   -5   16  -15    0    0    0    0    0    0  
N  1 1   11    0 7706 1 3   15  -14    6    0    0    0    0    0    0  
N  1 1   12    0 7675 1 3   -6   14  -13    0    0    0    0    0    0  
N  1 1   13    0 7606 1 3    7   13  -12    0    0    0    0    0    0  
N  1 1   14    0 7388 1 3   -7   12  -11    0    0    0    0    0    0  
N  1 1   15    0 2568 1 3    8   11    9    0    0    0    0    0    0  
N  1 1   1610000 6311 1 3   10   -8   -9    0    0    0    0    0    0  
L  1 5    1     0    11    21 169899999    58                           
  62710000  603 9979  571 9957  561 9932  566 9889  552 9867  548 9864  
  526 9818  470 9834  444 9823  454 9788  408 9776  410 9744  428 9725  
  409 9692  379 9676  359 9681  347 9673  341 9651  303 9621  283 9615  
  279 9572  307 9564  303 9521  282 9472  260 9450  260 9455  238 9466  
  216 9458  210 9444  224 9395  208 9360  150 9357  126 9327  128 9286  
  155 9265  125 9235  121 9221  127 9216  103 9129   85 9118   45 9104  
   40 9077   70 9042   52 9031   24 9028   12 9030    6 9017    8 8990  
   24 8938   57 8909   79 8915   79 8906   23 8776   40 8716   30 8706  
   20 8705    0 8698                                                    
L  1 5    2     0    31    41 169899999     4                           
    0 8587    7 8589   17 8573    0 8562                                
L  1 5    3     0    51    61 169899999    10                           
    0 8376   34 8362   38 8364   42 8321   39 8207   40 8080   22 8056  
   28 8029   22 8010    0 8001                                          
L  1 5    4     0    71    81 169899999     7                           
    0 7963    9 7955   13 7931   11 7904    1 7885   13 7866    0 7814  
L  1 5    5     0    91   101 169899999     7                           
    0 7804   22 7798   38 7785   38 7777   26 7755    8 7739    0 7714  
L  1 5    6     0   111   121 169899999     5                           
    0 7706   10 7703   18 7698    6 7679    0 7675                      
L  1 5    7     0   131   141 169899999    11                           
    0 7606    3 7606    5 7573   19 7552   26 7514   16 7479   18 7452  
   28 7444   26 7419   10 7389    0 7388                                
L  1 5    8     0   151   161 169899999   603                           
    0 2568   13 2580   31 2621   61 2651   53 2567   71 2532   90 2521  
   94 2508   84 2470  102 2449  122 2438  128 2403  145 2357  165 2360  
  185 2355  209 2341  259 2336  281 2348  301 2375  323 2329  351 2329  
  365 2340  384 2305  388 2262  394 2251  428 2238  464 2238  476 2268  
  490 2344  498 2339  510 2315  546 2291  586 2310  604 2305  660 2268  
  678 2281  694 2306  694 2325  720 2322  750 2331  748 2293  757 2263  
  769 2231  789 2239  814 2315  830 2332  847 2291  885 2303  895 2311  
  905 2314  913 2311  937 2271  959 2257  967 2257 1011 2285 1039 2288  
 1069 2283 1079 2269 1086 2221 1100 2199 1118 2191 1128 2191 1148 2221  
 1156 2240 1180 2273 1199 2311 1217 2312 1242 2274 1278 2258 1314 2272  
 1324 2286 1334 2313 1348 2302 1366 2281 1404 2278 1434 2260 1444 2233  
 1446 2214 1455 2192 1447 2149 1431 2113 1429 2084 1441 2084 1462 2054  
 1462 2049 1472 2046 1502 2047 1531 2082 1565 2104 1579 2099 1598 2045  
 1594 1980 1604 1964 1628 1975 1694 1981 1718 2022 1714 2052 1718 2049  
 1732 2011 1742 2014 1784 2044 1791 2004 1789 1976 1791 1968 1829 1966  
 1849 1969 1871 1956 1887 1929 1913 1940 1917 1964 1931 2000 1951 1965  
 1959 1943 1973 1938 2001 1992 2019 1995 2053 2009 2063 2009 2095 1991  
 2106 1847 2118 1809 2140 1810 2158 1821 2168 1859 2174 1856 2206 1859  
 2214 1870 2214 1905 2220 1916 2232 1924 2238 1922 2260 1876 2280 1860  
 2310 1890 2358 1888 2391 1867 2393 1837 2387 1831 2385 1799 2389 1774  
 2417 1759 2445 1791 2475 1821 2493 1819 2541 1846 2563 1844 2567 1831  
 2558 1771 2564 1736 2578 1736 2604 1690 2624 1688 2672 1740 2682 1745  
 2688 1742 2724 1743 2756 1694 2799 1649 2855 1609 2974 1548 3080 1498  
 3113 1411 3135 1395 3159 1412 3163 1420 3173 1426 3187 1361 3188 1347  
 3198 1307 3264 1324 3314 1313 3338 1319 3320 1243 3327 1235 3369 1235  
 3403 1249 3408 1293 3416 1314 3456 1347 3476 1315 3507 1302 3531 1310  
 3572 1335 3580 1330 3585 1303 3649 1336 3681 1342 3701 1342 3719 1315  
 3723 1293 3757 1315 3785 1340 3813 1343 3831 1324 3829 1294 3835 1265  
 3849 1262 3879 1290 3902 1257 3922 1266 3947 1293 3953 1301 3949 1331  
 3957 1345 3975 1350 3989 1372 4001 1410 4015 1410 4039 1389 4079 1395  
 4099 1403 4103 1408 4101 1441 4135 1444 4171 1458 4211 1469 4247 1470  
 4263 1459 4309 1473 4359 1444 4379 1447 4413 1509 4431 1509 4451 1504  
 4476 1450 4486 1456 4502 1472 4503 1480 4521 1502 4531 1505 4551 1500  
 4556 1478 4546 1410 4560 1381 4582 1381 4606 1400 4604 1425 4606 1433  
 4620 1422 4640 1401 4664 1398 4716 1434 4758 1443 4772 1440 4812 1435  
 4818 1432 4843 1400 4861 1403 4885 1414 4905 1390 4917 1344 4941 1317  
 4979 1339 5035 1345 5048 1310 5068 1289 5124 1298 5150 1284 5160 1287  
 5184 1279 5182 1266 5172 1263 5150 1238 5183 1166 5199 1144 5217 1142  
 5221 1144 5233 1161 5235 1201 5279 1202 5321 1229 5351 1227 5383 1198  
 5425 1138 5438 1130 5492 1115 5584 1097 5636 1100 5654 1098 5666 1076  
 5681 1036 5699 1025 5721 1033 5737 1052 5765 1034 5793 1029 5819 1013  
 5831  964 5851  954 5857  959 5891  965 5942  949 5982  952 5980  917  
 5986  876 6052  888 6062  883 6102  872 6125  856 6157  840 6197  800  
 6223  809 6249  768 6267  774 6283  796 6299  793 6309  785 6340  750  
 6358  740 6380  740 6398  759 6398  767 6404  778 6438  768 6456  776  
 6470  798 6478  830 6498  828 6522  820 6544  820 6582  837 6608  859  
 6606  875 6609  897 6681  919 6709  944 6721  976 6743 1006 6769 1023  
 6771 1028 6767 1066 6823 1080 6845 1094 6847 1100 6842 1132 6872 1149  
 6904 1157 6937 1152 6947 1157 6936 1198 6922 1201 6942 1214 7034 1253  
 7082 1267 7134 1270 7134 1284 7148 1319 7160 1330 7180 1274 7204 1266  
 7220 1298 7234 1339 7246 1358 7266 1350 7260 1340 7260 1275 7305 1278  
 7310 1310 7324 1335 7330 1357 7324 1378 7324 1400 7330 1408 7334 1403  
 7366 1403 7362 1419 7366 1438 7378 1441 7384 1436 7416 1422 7430 1412  
 7436 1412 7446 1428 7444 1466 7480 1475 7510 1483 7520 1510 7556 1519  
 7590 1522 7624 1527 7646 1539 7637 1576 7639 1584 7669 1596 7675 1612  
 7695 1637 7713 1650 7731 1672 7779 1664 7803 1667 7829 1676 7849 1690  
 7855 1709 7853 1736 7855 1738 7865 1722 7889 1701 7917 1688 7923 1690  
 7927 1720 7913 1747 7909 1780 7917 1796 7929 1807 7947 1810 7967 1821  
 7969 1832 7952 1853 8005 1864 8006 1894 8010 1932 8044 1954 8062 1960  
 8070 1976 8108 1993 8116 2012 8118 2006 8132 1998 8152 1996 8178 2015  
 8186 2042 8170 2072 8190 2067 8236 2065 8256 2105 8245 2127 8227 2135  
 8219 2135 8205 2148 8215 2159 8223 2162 8293 2179 8281 2206 8257 2224  
 8247 2238 8267 2268 8293 2265 8321 2274 8305 2295 8320 2333 8320 2371  
 8332 2371 8354 2380 8362 2412 8380 2431 8388 2478 8390 2472 8446 2462  
 8458 2462 8488 2481 8504 2500 8496 2509 8450 2535 8406 2518 8443 2543  
 8465 2565 8437 2586 8443 2608 8455 2638 8459 2671 8469 2703 8508 2763  
 8528 2774 8566 2772 8584 2813 8598 2821 8636 2794 8667 2781 8695 2776  
 8705 2798 8719 2792 8690 2822 8682 2838 8682 2846 8698 2881 8678 2916  
 8694 2954 8716 2949 8756 2939 8830 2942 8842 2956 8840 2991 8805 3015  
 8793 3031 8823 3026 8853 3032 8873 3048 8841 3108 8847 3124 8853 3124  
 8903 3073 8917 3071 8941 3082 8967 3112 8971 3142 8953 3152 8925 3157  
 8901 3165 8913 3173 8939 3179 8961 3193 8945 3228 8944 3249 9013 3245  
 9051 3256 9065 3267 9072 3294 9062 3310 9020 3307 8990 3310 8976 3326  
 8990 3339 9016 3342 9032 3353 9042 3394 9092 3405 9108 3414 9116 3441  
 9093 3473 9105 3487 9129 3484 9155 3487 9163 3495 9147 3557 9119 3573  
 9123 3592 9143 3601 9165 3601 9183 3612 9181 3636 9157 3650 9160 3679  
 9172 3693 9188 3742 9192 3742 9246 3789 9296 3822 9318 3784 9342 3817  
 9360 3830 9384 3828 9386 3763 9404 3760 9426 3799 9436 3799 9454 3788  
 9460 3788 9478 3813 9460 3826 9442 3847 9454 3902 9464 3921 9496 3905  
 9520 3908 9520 3943 9502 3946 9489 3962 9497 3967 9558 3930 9574 3930  
 9590 3936 9608 3968 9585 3992 9533 4011 9531 4016 9541 4065 9549 4081  
 9609 4106 9655 4112 9715 4045 9725 4045 9757 4062 9793 4116 9799 4149  
 9789 4165 9751 4162 9703 4164 9651 4183 9644 4188 9566 4320 9543 4395  
 9528 4503 9524 4598 9525 4655 9563 4782 9580 4886 9566 4956 9543 5150  
 9548 5194 9564 5240 9654 5384 9667 5422 9711 5512 9737 5577 9780 5764  
 9789 5794 9803 5862 9827 5949 9866 6050 9941 6224 9965 6270 9991 6308  
10000 6311                                                              
L  1 9    9     9   151   1619999988888     4                           
    0 2568    0    010000    010000 6311                                
L  1 9   10     9   161    11 169888888     3                           
10000 63111000010000  62710000                                          
L  1 9   11     9   151   14188888 1698     2                           
    0 2568    0 7388                                                    
L  1 9   12     9   141   1318888899999     2                           
    0 7388    0 7606                                                    
L  1 9   13     9   131   12188888 1698     2                           
    0 7606    0 7675                                                    
L  1 9   14     9   121   1118888899999     2                           
    0 7675    0 7706                                                    
L  1 9   15     9   111   10188888 1698     2                           
    0 7706    0 7714                                                    
L  1 9   16     9   101    918888899999     2                           
    0 7714    0 7804                                                    
L  1 9   17     9    91    8188888 1698     2                           
    0 7804    0 7814                                                    
L  1 9   18     9    81    718888899999     2                           
    0 7814    0 7963                                                    
L  1 9   19     9    71    6188888 1698     2                           
    0 7963    0 8001                                                    
L  1 9   20     9    61    518888899999     2                           
    0 8001    0 8376                                                    
L  1 9   21     9    51    4188888 1698     2                           
    0 8376    0 8562                                                    
L  1 9   22     9    41    318888899999     2                           
    0 8562    0 8587                                                    
L  1 9   23     9    31    2188888 1698     2                           
    0 8587    0 8698                                                    
L  1 9   24     9    21    118888899999     3                           
    0 8698    010000  62710000                                          
A  199999    1   71 9348   2                                            
    1   24                                                              
A  1 1698    2 4828 5388  16                                            
  -10   -8   11   -7   13   -6   15   -5   17   -4   19   -3   21   -2  
   23   -1                                                              
A  199999    3    8 8574   2                                            
    2   22                                                              
A  199999    4   20 8184   2                                            
    3   20                                                              
A  199999    5    2 7890   2                                            
    4   18                                                              
A  199999    6   14 7760   2                                            
    5   16                                                              
A  199999    7    6 7690   2                                            
    6   14                                                              
A  199999    8   11 7498   2                                            
    7   12                                                              
A  199999    9 9515 3352   2                                            
    8   -9                                                              
H1 7    0    0    0    1    2 0506 0506                                 
P  7 7    1 5189 8902 0 1                                               
01 3 5189 8902              00  ëë®ìá                                  
M 664661                      2    4    5    4    1   46                
H2 1    4    5    4    0   42 0506 0506                                 
N  1 2    1 5126  420 0 2    1   -1    0    0    0    0    0    0    0  
N  1 2    2 4272  778 0 2    2   -2    0    0    0    0    0    0    0  
N  1 1    3 5431    0 1 3    3   -5   -4    0    0    0    0    0    0  
N  1 1    4  138    0 1 3    5   -3    4    0    0    0    0    0    0  
L  1 5    1     0    10    10 169699999     9                           
 5126  420 5129  424 5137  461 5124  472 5082  459 5074  445 5084  421  
 5104  418 5126  420                                                    
L  1 5    2     0    20    20 169699999    11                           
 4272  778 4240  800 4230  800 4225  770 4247  700 4260  681 4275  703  
 4282  730 4282  762 4267  781 4272  778                                
L  1 5    3     0    31    41 169699999   127                           
 5431    0 5398   33 5380   90 5393  146 5353  176 5338  211 5290  216  
 5257  259 5283  340 5283  375 5232  448 5162  437 5142  399 5137  362  
 5117  335 5102  329 5009  345 4780  356 4760  350 4679  350 4632  358  
 4521  385 4438  417 4383  496 4325  560 4267  617 4227  662 4194  708  
 4134  689 4001  786 3976  786 3910  797 3890  872 3893  972 3931 1217  
 3958 1271 4026 1328 4139 1371 4195 1401 4225 1431 4222 1450 4197 1509  
 4145 1549 4067 1565 3989 1557 3976 1568 3999 1630 4004 1687 3999 1703  
 3976 1711 3891 1708 3805 1695 3750 1705 3692 1732 3609 1808 3567 1834  
 3559 1783 3511 1705 3481 1627 3436 1608 3411 1562 3343 1505 3270 1467  
 3214 1386 3164 1322 3104 1187 3056 1152 2978 1135 2918 1133 2913 1162  
 2860 1219 2825 1149 2805 1173 2795 1211 2749 1194 2742 1232 2729 1243  
 2687 1232 2651 1232 2626 1256 2614 1248 2594 1272 2578 1313 2551 1332  
 2541 1332 2536 1321 2546 1272 2543 1245 2518 1224 2450 1189 2375 1116  
 2314 1037 2234 1008 2196 1034 2171 1126 2139 1180 2101 1231 2023 1204  
 1978 1193 1917 1199 1857 1174 1824 1201 1792 1201 1699 1047 1676  993  
 1621  985 1558  990 1445  990 1286  960 1113  949  992  922  872  849  
  776  779  653  714  575  703  527  612  497  531  482  509  419  477  
  377  417  341  304  294  242  248  191  211  164  203  126  160   31  
  138    0                                                              
L  1 9    4     9    41    318888899999     6                           
  138    0    0    0    010000100001000010000    0 5431    0            
L  1 9    5     9    41    31 169688888     2                           
  138    0 5431    0                                                    
A  1 1696    1 5104  446   1                                            
   -1                                                                   
A  1 1696    2 4258  740   1                                            
   -2                                                                   
A  199999    3 5000 4896   6                                            
    3    4    0    1    0    2                                          
A  1 1696    4 2442  922   2                                            
   -5   -3                                                              
H1 7    0    0    0    1    2 0506 0506                                 
P  7 6    1 3622 1599 0 1                                               
01 4 3622 1599              00  ÉãÉãÉCñ¶                                
M 664667                      1    4    6    3    0   64                
H2 1    4    6    3    0   63 0506 0506                                 
N  1 1    110000 9053 1 3    1   -3   -4    0    0    0    0    0    0  
N  1 1    2 814310000 1 3    3   -6   -1    0    0    0    0    0    0  
N  1 1    3 492810000 1 3    6   -5    2    0    0    0    0    0    0  
N  1 1    4  627    0 1 3    4   -2    5    0    0    0    0    0    0  
L  1 5    1     0    11    21 169899999    20                           
10000 9053 9903 9019 9871 9013 9707 8990 9617 8975 9456 8957 9240 8969  
 9151 8989 9057 9021 8978 9053 8850 9127 8771 9199 8707 9253 8628 9320  
 8565 9381 8511 9448 8408 9583 8307 9733 8276 9790 814310000            
L  1 5    2     0    31    41 169899999   279                           
 492810000 4944 9723 4932 9690 4936 9669 4947 9652 4963 9636 4953 9612  
 4943 9601 4937 9587 4947 9569 4961 9558 4961 9523 4967 9517 4954 9450  
 4956 9428 4934 9430 4928 9425 4922 9387 4926 9365 4920 9368 4910 9362  
 4900 9335 4913 9300 4933 9284 4969 9271 5007 9271 5055 9264 5108 9229  
 5182 9173 5261 9106 5343 9012 5461 8835 5497 8759 5530 8668 5565 8544  
 5614 8398 5665 8312 5715 8237 5731 8199 5768 8137 5792 8099 5875 7916  
 5951 7698 6006 7563 6075 7371 6095 7339 6140 7234 6179 7134 6270 6932  
 6313 6854 6404 6712 6469 6623 6519 6542 6560 6459 6609 6316 6619 6265  
 6622 6178 6632 6091 6628 6051 6611 5915 6590 5788 6557 5658 6503 5527  
 6509 5522 6504 5495 6476 5421 6430 5339 6325 5203 6243 5107 6126 4979  
 6102 4949 6080 4903 6042 4867 5921 4730 5855 4662 5728 4509 5676 4430  
 5565 4299 5461 4160 5455 4157 5417 4100 5390 4037 5335 3885 5261 3760  
 5046 3533 4956 3451 4839 3333 4767 3256 4522 2978 4516 2961 4453 2888  
 4305 2751 4154 2627 4084 2562 3976 2471 3844 2402 3788 2377 3780 2377  
 3732 2357 3664 2338 3654 2343 3602 2342 3494 2325 3416 2332 3388 2319  
 3388 2313 3356 2278 3348 2277 3272 2244 3262 2247 3232 2276 3194 2281  
 3156 2270 3124 2253 3114 2280 3104 2294 3073 2302 3065 2310 3025 2328  
 2981 2341 2935 2338 2917 2332 2915 2267 2909 2278 2885 2297 2847 2313  
 2799 2318 2763 2301 2761 2306 2727 2309 2689 2292 2703 2246 2691 2224  
 2677 2186 2681 2178 2675 2181 2647 2173 2555 2193 2539 2188 2503 2149  
 2463 2119 2425 2146 2443 2176 2443 2200 2439 2214 2420 2222 2388 2218  
 2362 2205 2310 2226 2290 2228 2268 2214 2256 2195 2234 2203 2230 2179  
 2253 2152 2273 2139 2277 2117 2243 2092 2257 2071 2255 2063 2199 2024  
 2161 2016 2125 2018 2113 2037 2119 2069 2097 2099 2068 2101 2033 2085  
 1956 2084 1967 2049 2001 2014 1987 2017 1947 1984 1951 1940 1961 1938  
 1969 1922 1949 1911 1925 1927 1901 1894 1924 1824 1894 1818 1846 1847  
 1822 1804 1824 1798 1796 1779 1766 1779 1736 1813 1718 1819 1708 1810  
 1601 1820 1571 1820 1563 1790 1577 1779 1590 1714 1596 1706 1608 1682  
 1585 1620 1578 1638 1558 1630 1538 1606 1549 1584 1561 1571 1559 1527  
 1525 1513 1503 1516 1481 1513 1463 1472 1488 1424 1490 1405 1460 1404  
 1440 1377 1412 1371 1396 1341 1390 1317 1376 1306 1372 1309 1338 1303  
 1322 1327 1286 1319 1258 1307 1248 1280 1250 1264 1270 1243 1334 1230  
 1349 1206 1351 1192 1329 1173 1313 1183 1275 1172 1275 1164 1263 1161  
 1217 1136 1223 1093 1233 1085 1263 1088 1277 1083 1285 1069 1257 1064  
 1253 1058 1248 1026 1254 1020 1260  980 1248  966 1214  952 1174  919  
 1166  917 1162  873 1173  841 1157  800 1127  789 1111  756 1099  715  
 1065  693 1027  666 1026  596 1010  574  966  576  926  519  894  497  
  876  477  867  426  875  396  851  353  829  339  805  309  781  290  
  769  271  753  251  745  251  727  243  712  229  688  194  694  167  
  692  161  660  118  646   80  645   47  631   17  627    0            
L  1 9    3     9    21    118888899999     3                           
 814310000100001000010000 9053                                          
L  1 9    4     9    41    11 169888888     3                           
  627    010000    010000 9053                                          
L  1 9    5     9    41    318888899999     4                           
  627    0    0    0    010000 492810000                                
L  1 9    6     9    31    2188888 1698     2                           
 492810000 814310000                                                    
A  199999    1 9249 9464   2                                            
    1    3                                                              
A  1 1698    2 8122 5108   4                                            
   -4   -2    6   -1                                                    
A  199999    3 3019 4862   2                                            
    2    5                                                              
M 664677                      1    4    5    4    0   50                
H2 1    4    5    4    0   49 0506 0506                                 
N  1 2    1 8579 7636 0 2    1   -1    0    0    0    0    0    0    0  
N  1 2    2 9424 8165 0 2    2   -2    0    0    0    0    0    0    0  
N  1 1    3 8143    0 1 3    3   -5   -4    0    0    0    0    0    0  
N  1 1    4 4928    0 1 3    5   -3    4    0    0    0    0    0    0  
L  1 5    1     0    10    10 169899999    46                           
 8579 7636 8574 7627 8597 7766 8630 7820 8676 7863 8694 7866 8719 7863  
 8759 7892 8790 7895 8800 7901 8812 7922 8827 7930 8835 7955 8833 7984  
 8828 8001 8813 8014 8790 8020 8765 8050 8742 8044 8709 8090 8707 8134  
 8682 8147 8664 8161 8636 8161 8626 8150 8604 8161 8563 8112 8515 8088  
 8464 8069 8414 8058 8366 8042 8338 8023 8318 7988 8310 7961 8315 7920  
 8353 7815 8373 7723 8388 7668 8418 7601 8440 7565 8463 7549 8488 7541  
 8524 7541 8539 7552 8572 7592 8579 7636                                
L  1 5    2     0    20    20 169899999     9                           
 9424 8165 9419 8232 9399 8213 9366 8195 9345 8173 9343 8159 9348 8146  
 9353 8143 9424 8165                                                    
L  1 5    3     0    31    41 169899999   143                           
 8143    0 8086   79 7994  220 7928  334 7831  526 7778  605 7758  630  
 7682  678 7554  746 7468  839 7378  912 7320  985 7287 1045 7265 1104  
 7205 1402 7168 1635 7141 1849 7123 1960 7063 2150 7026 2239 6948 2394  
 6918 2489 6906 2584 6893 2659 6889 2757 6884 2797 6869 2844 6859 2909  
 6839 2982 6809 3063 6748 3174 6703 3280 6671 3388 6626 3621 6611 3727  
 6609 3805 6612 3876 6627 4014 6630 4100 6627 4190 6615 4325 6580 4534  
 6581 4572 6583 4596 6581 4601 6624 4628 6631 4655 6636 4715 6619 4750  
 6586 4794 6569 4826 6559 4859 6546 4937 6499 5184 6496 5222 6504 5316  
 6492 5381 6469 5427 6459 5436 6429 5447 6424 5455 6391 5560 6366 5615  
 6321 5666 6288 5742 6268 5764 6238 5772 6223 5766 6215 5737 6192 5691  
 6187 5672 6177 5582 6167 5566 6101 5520 6048 5474 6008 5450 5965 5428  
 5912 5404 5894 5358 5901 5301 5899 5288 5884 5272 5879 5258 5876 5215  
 5881 5133 5871 5082 5838 5020 5800 4979 5764 4966 5747 4952 5742 4939  
 5731 4809 5693 4638 5629 4435 5551 4398 5594 4276 5588 4222 5507 3986  
 5462 3894 5421 3846 5378 3810 5333 3792 5295 3781 5280 3762 5284 3648  
 5277 3618 5297 3518 5291 3426 5258 3275 5225 3164 5202 3120 5180 3099  
 5139 3072 5016 3023 4978 2985 4957 2942 4960 2901 4990 2842 5025 2815  
 5091 2774 5138 2736 5181 2641 5214 2508 5228 2275 5220 2200 5210 1991  
 5219 1699 5211 1563 5198 1477 5173 1374 5130 1274 5089 1201 4981 1025  
 4955  974 4950  936 4947  825 4950  716 4945  719 4937  706 4934  532  
 4926  405 4926  232 4928    0                                          
L  1 9    4     9    41    318888899999     6                           
 4928    0    0    0    010000100001000010000    0 8143    0            
L  1 9    5     9    41    31 169888888     2                           
 4928    0 8143    0                                                    
A  1 1698    1 8501 7850   1                                            
   -1                                                                   
A  1 1698    2 9390 8186   1                                            
   -2                                                                   
A  199999    3 2788 4188   6                                            
    3    4    0    1    0    2                                          
A  1 1698    4 5907 2924   2                                            
   -5   -3                                                              
