M 684800                      1    2    3    2    0   17                
H2 1    2    3    2    0   16 0506 0506                                 
N  1 1    1  623    0 1 3    1    2    3    0    0    0    0    0    0  
N  1 1    2    0  785 1 3   -3   -2   -1    0    0    0    0    0    0  
L  1 5    1     0    11    21 169899999    29                           
  623    0  617    1  608   55  573  215  550  278  520  335  467  422  
  431  533  411  585  384  631  325  699  307  727  297  735  282  730  
  266  716  238  673  210  643  179  632  177  638  177  668  200  700  
  208  706  244  760  246  789  211  817  185  817  111  796   16  783  
    0  785                                                              
L  1 9    2     9    11    2188888 1698     3                           
  623    0    0    0    0  785                                          
L  1 9    3     9    11    219999988888     5                           
  623    010000    01000010000    010000    0  785                      
A  199999    1 5000 4590   2                                            
    1   -3                                                              
A  1 1698    2  238  408   2                                            
    2   -1                                                              
M 684803                      1    7    8    7    0   89                
H2 1    7    8    7    0   88 0506 0506                                 
N  1 2    1 6396 3461 0 2    1   -1    0    0    0    0    0    0    0  
N  1 2    2 8995 9959 0 2    2   -2    0    0    0    0    0    0    0  
N  1 2    3 8923 9534 0 2    3   -3    0    0    0    0    0    0    0  
N  1 2    4 8054 8066 0 2    4   -4    0    0    0    0    0    0    0  
N  1 2    5 8522 8940 0 2    5   -5    0    0    0    0    0    0    0  
N  1 1    6 926010000 1 3    6    7   -8    0    0    0    0    0    0  
N  1 1    7 3723    0 1 3    8   -6   -7    0    0    0    0    0    0  
L  1 5    1     0    10    10 169899999    11                           
 6396 3461 6390 3450 6388 3425 6400 3393 6416 3382 6442 3377 6456 3385  
 6462 3404 6460 3437 6422 3458 6396 3461                                
L  1 5    2     0    20    20 169899999    11                           
 8995 9959 9001 9946 9019 9930 9039 9930 9043 9933 9051 9946 9051 9963  
 9041 9973 9025 9979 9009 9973 8995 9959                                
L  1 5    3     0    30    30 169899999    11                           
 8923 9534 8913 9531 8904 9512 8912 9469 8928 9453 8942 9447 8950 9458  
 8960 9494 8956 9512 8942 9531 8923 9534                                
L  1 5    4     0    40    40 169899999    11                           
 8054 8066 8038 8050 8030 8031 8042 8009 8080 7996 8096 8004 8108 8015  
 8112 8023 8096 8047 8076 8061 8054 8066                                
L  1 5    5     0    50    50 169899999     9                           
 8522 8940 8510 8918 8508 8902 8514 8888 8526 8875 8542 8915 8538 8932  
 8526 8945 8522 8940                                                    
L  1 5    6     0    61    71 169899999   329                           
 926010000 9236 9932 9212 9880 9166 9850 9099 9752 9069 9598 9062 9570  
 9030 9516 8988 9483 8984 9469 8972 9402 8943 9339 8935 9269 8938 9166  
 8928 9066 8913 9003 8887 8949 8849 8889 8793 8859 8765 8858 8721 8871  
 8671 8898 8626 8930 8606 8932 8588 8911 8629 8851 8613 8797 8591 8775  
 8583 8781 8545 8786 8511 8755 8501 8715 8507 8701 8530 8661 8524 8634  
 8476 8625 8444 8568 8394 8454 8369 8410 8333 8367 8319 8310 8286 8206  
 8262 8155 8218 8124 8172 8064 8166 8064 8168 8024 8160 8024 8133 8002  
 8131 7948 8097 7926 8099 7912 8091 7866 8073 7825 8070 7776 8046 7755  
 8044 7741 8057 7603 8059 7522 8058 7460 8046 7424 8022 7421 7986 7424  
 7971 7432 7947 7421 7950 7391 7958 7383 7998 7362 8042 7351 8054 7354  
 8074 7338 8091 7273 8101 7249 8168 7147 8230 7061 8239 7004 8261 6975  
 8269 6918 8259 6883 8240 6850 8232 6820 8252 6796 8290 6772 8350 6740  
 8421 6643 8435 6641 8528 6596 8578 6561 8671 6489 8719 6462 8745 6430  
 8760 6390 8774 6263 8773 6187 8762 6046 8726 5886 8665 5734 8626 5660  
 8588 5514 8558 5486 8542 5467 8507 5397 8491 5356 8433 5306 8387 5238  
 8326 5165 8284 5134 8256 5129 8226 5145 8214 5147 8188 5123 8152 5117  
 8132 5095 8126 5043 8136 4987 8100 4956 8054 4929 8008 4912 7966 4901  
 7946 4890 7921 4873 7818 4945 7779 4994 7769 5013 7759 5050 7638 5198  
 7624 5209 7600 5249 7565 5265 7523 5256 7519 5294 7487 5313 7451 5256  
 7417 5263 7389 5247 7383 5190 7345 5162 7276 5086 7232 5031 7164 4933  
 7145 4892 7131 4889 7085 4886 7042 4902 6998 4896 6986 4877 6991 4834  
 7007 4796 7035 4767 7056 4680 7022 4655 7026 4588 7004 4528 6971 4457  
 6953 4427 6878 4270 6830 4204 6788 4133 6753 4084 6719 4022 6675 3964  
 6667 3918 6659 3915 6637 3918 6632 3869 6648 3826 6666 3804 6656 3756  
 6673 3718 6705 3702 6735 3705 6757 3713 6747 3684 6693 3645 6679 3639  
 6673 3602 6680 3558 6666 3515 6674 3501 6728 3451 6760 3456 6808 3451  
 6840 3484 6880 3493 6953 3439 7003 3397 7005 3383 6998 3337 7036 3308  
 7070 3297 7070 3278 7056 3240 7056 3229 7079 3200 7089 3151 7093 3094  
 7083 3051 7060 3035 6982 2993 6928 2952 6922 2952 6856 2962 6824 2951  
 6816 2943 6797 2945 6769 2975 6719 3017 6683 3060 6646 3082 6628 3114  
 6586 3159 6487 3166 6429 3163 6399 3176 6389 3187 6353 3151 6337 3143  
 6303 3116 6238 3001 6212 2944 6177 2838 6159 2800 6137 2765 6081 2707  
 6062 2637 6038 2566 6022 2501 6005 2463 5977 2422 5983 2379 5971 2338  
 5964 2276 5964 2232 5950 2159 5925 2072 5911 2061 5883 2056 5875 2083  
 5847 2093 5813 2063 5795 2003 5749 1965 5707 1954 5691 1956 5661 1942  
 5635 1942 5623 1963 5577 1958 5545 1927 5513 1922 5495 1903 5489 1905  
 5459 1899 5441 1875 5401 1864 5333 1787 5299 1760 5237 1735 5183 1721  
 5127 1693 5099 1695 5061 1676 5018 1643 4981 1662 4939 1648 4918 1599  
 4932 1577 4936 1534 4906 1471 4875 1392 4844 1257 4836 1208 4820 1208  
 4726 1180 4690 1190 4649 1255 4635 1295 4597 1330 4512 1332 4464 1320  
 4426 1369 4422 1390 4422 1409 4411 1460 4377 1463 4347 1435 4330 1403  
 4332 1370 4350 1327 4369 1241 4363 1208 4365 1178 4357 1157 4343 1146  
 4317 1094 4307 1091 4266 1053 4216  979 4198  922 4176  881 4169  792  
 4159  786 4141  727 4119  745 4099  734 4087  688 4102  656 4124  648  
 4126  624 4086  574 4070  561 4034  544 3969  478 3941  424 3921  432  
 3915  437 3893  394 3873  374 3849  380 3841  371 3837  347 3811  317  
 3769  295 3753  265 3724  164 3722  124 3727   81 3723   40 3723    0  
L  1 9    7     9    61    719999988888     4                           
 926010000    010000    0    0 3723    0                                
L  1 9    8     9    71    61 169888888     4                           
 3723    010000    01000010000 926010000                                
A  1 1698    1 6425 3420   1                                            
   -1                                                                   
A  1 1698    2 9024 9954   1                                            
   -2                                                                   
A  1 1698    3 8933 9490   1                                            
   -3                                                                   
A  1 1698    4 8069 8030   1                                            
   -4                                                                   
A  1 1698    5 8524 8910   1                                            
   -5                                                                   
A  199999    6 3532 4986  12                                            
    6   -7    0    1    0    2    0    3    0    4    0    5            
A  1 1698    7 9064 5060   2                                            
   -8   -6                                                              
M 684804                      1    1    1    1    0    6                
H2 1    1    1    1    0    5 0506 0506                                 
N  1 1    110000    0 1 2   -1    1    0    0    0    0    0    0    0  
L  1 9    1     9    11    11 169888888     5                           
10000    01000010000    010000    0    010000    0                      
A  1 1698    1 5000 4995   1                                            
   -1                                                                   
M 684805                      2   11   17    7    0   68                
H2 1   11   16    7    0   63 0506 0506                                 
N  1 1    1 8634    0 1 3  -13   14   16    0    0    0    0    0    0  
N  1 1    2 7483    0 1 3   12    1  -11    0    0    0    0    0    0  
N  1 1    3 8444    0 1 3   13   -1  -12    0    0    0    0    0    0  
N  1 1    4 6879    0 1 3   10    2   -9    0    0    0    0    0    0  
N  1 1    5 7140    0 1 3   11   -2  -10    0    0    0    0    0    0  
N  1 1    6 5388    0 1 3    8    3   -7    0    0    0    0    0    0  
N  1 1    7 5831    0 1 3    9   -3   -8    0    0    0    0    0    0  
N  1 1    8 2664    0 1 3    6    4  -15    0    0    0    0    0    0  
N  1 1    9 3054    0 1 3    7   -4   -6    0    0    0    0    0    0  
N  1 2   10 8220   15 0 2    5   -5    0    0    0    0    0    0    0  
N  1 1   1110000   59 1 3   15  -14  -16    0    0    0    0    0    0  
L  1 5    1     0    21    31 169899999    12                           
 7483    0 7567   41 7637   52 7897   45 8000   56 8064   96 8164  128  
 8207  136 8258  117 8314   84 8391   27 8444    0                      
L  1 5    2     0    41    51 169899999     6                           
 6879    0 6918   19 6959   25 7058   13 7092    2 7140    0            
L  1 5    3     0    61    71 169899999     8                           
 5388    0 5547   87 5621  114 5667  116 5749   91 5787   67 5808   45  
 5831    0                                                              
L  1 5    4     0    81    91 169899999    10                           
 2664    0 2667    3 2762   49 2785   57 2836   62 2885   59 2926   48  
 3038    4 3051    3 3054    0                                          
L  1 5    5     0   100   100 169899999    10                           
 8220   15 8227   39 8212   52 8171   58 8130   50 8110   31 8125   20  
 8199   12 8214   17 8220   15                                          
L  1 9    6     9    81    919999988888     2                           
 2664    0 3054    0                                                    
L  1 9    7     9    91    61 169888888     2                           
 3054    0 5388    0                                                    
L  1 9    8     9    61    719999988888     2                           
 5388    0 5831    0                                                    
L  1 9    9     9    71    41 169888888     2                           
 5831    0 6879    0                                                    
L  1 9   10     9    41    519999988888     2                           
 6879    0 7140    0                                                    
L  1 9   11     9    51    21 169888888     2                           
 7140    0 7483    0                                                    
L  1 9   12     9    21    319999988888     2                           
 7483    0 8444    0                                                    
L  1 9   13     9    31    11 169888888     2                           
 8444    0 8634    0                                                    
L  1 5   14     0    11   111 169899999    21                           
 8634    0 8729   64 8783  104 8826  123 8895  117 8962  128 9072  138  
 9256  127 9330  135 9358  126 9409  126 9460  118 9488   99 9506   96  
 9565  109 9829  198 9860  203 9870  200 9906  168 9977   8110000   59  
L  1 9   15     9   111    81 169888888     5                           
10000   591000010000    010000    0    0 2664    0                      
L  1 9   16     9    11   1119999988888     3                           
 8634    010000    010000   59                                          
A  1 1698    1 5000 4895  10                                            
  -13   -1  -11   -2   -9   -3   -7   -4  -15  -14                      
A  199999    2 9132  101   2                                            
   14  -16                                                              
A  199999    3 8177   66   4                                            
    1  -12    0    5                                                    
A  199999    4 6982   12   2                                            
    2  -10                                                              
A  199999    5 5644   56   2                                            
    3   -8                                                              
A  199999    6 2847   30   2                                            
    4   -6                                                              
A  1 1698    7 8170   35   1                                            
   -5                                                                   
H1 5    0    1    0    0    3 0506 0506                                 
L  5 2    1     0    00    00               8                           
10000 4555 9790 4830 9710 5050 9430 4560 9210 3570 9270 3140 9810 2740  
10000 2460                                                              
M 684806                      2   19   27   13    0  139                
H2 1   19   26   13    0  133 0506 0506                                 
N  1 1    1 7019    0 1 3    1  -12  -18    0    0    0    0    0    0  
N  1 1    2 6961    0 1 3   12   -1  -11    0    0    0    0    0    0  
N  1 1    3 5586    0 1 3   11   14  -10    0    0    0    0    0    0  
N  1 1    4  206    0 1 3    9    2   -8    0    0    0    0    0    0  
N  1 1    5  431    0 1 3   10   -2   -9    0    0    0    0    0    0  
N  1 1    6   82    0 1 3    8  -13  -19    0    0    0    0    0    0  
N  1 2    7 6674  229 0 2    3   -3    0    0    0    0    0    0    0  
N  1 2    8 7949 1477 0 2    4   -4    0    0    0    0    0    0    0  
N  1 2    9 8250 1087 0 2    5   -5    0    0    0    0    0    0    0  
N  1 2   10 9672 4409 0 2    6   -6    0    0    0    0    0    0    0  
N  1 2   11 9860 5192 0 2    7   -7    0    0    0    0    0    0    0  
N  1 1   12    0   59 1 3   20   19   13    0    0    0    0    0    0  
N  1 1   1310000 5425 1 3   24  -14  -23    0    0    0    0    0    0  
N  1 1   1410000 5341 1 3   23   15  -22    0    0    0    0    0    0  
N  1 1   1510000 5286 1 3   22  -15   18    0    0    0    0    0    0  
N  1 1   1610000 7676 1 3   25   16  -24    0    0    0    0    0    0  
N  1 1   1710000 7915 1 3   26  -16  -25    0    0    0    0    0    0  
N  1 1   1810000 8039 1 3  -21   17  -26    0    0    0    0    0    0  
N  1 1   19 868010000 1 3   21  -20  -17    0    0    0    0    0    0  
L  1 5    1     0    11    21 169899999     6                           
 7019    0 7019   20 7016   26 6970   33 6960   15 6961    0            
L  1 5    2     0    41    51 169899999     4                           
  206    0  317   21  384   24  431    0                                
L  1 5    3     0    70    70 169899999    11                           
 6674  229 6663  221 6686  219 6704  232 6707  248 6684  273 6656  275  
 6648  264 6640  235 6663  227 6674  229                                
L  1 5    4     0    80    80 169899999    10                           
 7949 1477 7944 1483 7915 1493 7908 1466 7910 1434 7926 1426 7938 1426  
 7949 1437 7954 1453 7949 1477                                          
L  1 5    5     0    90    90 169899999    11                           
 8250 1087 8243 1098 8212 1114 8194 1111 8199 1090 8189 1063 8202 1046  
 8220 1057 8232 1079 8243 1087 8250 1087                                
L  1 5    6     0   100   100 169899999    11                           
 9672 4409 9667 4404 9672 4415 9654 4447 9641 4450 9636 4444 9623 4407  
 9623 4390 9636 4366 9641 4369 9672 4409                                
L  1 5    7     0   110   110 169899999    16                           
 9860 5192 9863 5200 9878 5214 9883 5214 9893 5230 9885 5249 9868 5260  
 9863 5260 9788 5224 9776 5213 9755 5181 9758 5162 9827 5154 9847 5157  
 9860 5171 9860 5192                                                    
L  1 9    8     9    61    41 169888888     2                           
   82    0  206    0                                                    
L  1 9    9     9    41    519999988888     2                           
  206    0  431    0                                                    
L  1 9   10     9    51    31 169888888     2                           
  431    0 5586    0                                                    
L  1 9   11     9    31    219999988888     2                           
 5586    0 6961    0                                                    
L  1 9   12     9    21    11 169888888     2                           
 6961    0 7019    0                                                    
L  1 5   13     0   121    61 169899999     2                           
    0   59   82    0                                                    
L  1 5   14     0    31   131 169899999   159                           
 5586    0 5711   67 5801  105 6084  192 6158  211 6161  217 6357  282  
 6446  326 6551  361 6594  359 6612  321 6651  289 6753  289 6824  276  
 6891  209 6947  104 6988   74 7021   82 7085  109 7151  104 7233   67  
 7266   67 7304   75 7376   62 7414   38 7419   38 7447   54 7496  103  
 7618  181 7659  235 7700  300 7735  371 7781  508 7883  595 7916  665  
 7947  749 8049  854 8110  938 8153  979 8164 1014 8143 1057 8110 1084  
 8082 1116 8051 1173 8010 1210 7974 1253 7939 1310 7877 1391 7872 1436  
 7834 1482 7816 1517 7788 1547 7780 1563 7752 1587 7721 1603 7698 1646  
 7678 1746 7678 1886 7700 2002 7744 2108 7787 2183 7902 2300 7968 2348  
 8032 2381 8080 2395 8137 2381 8190 2352 8229 2322 8292 2293 8374 2288  
 8423 2299 8476 2364 8486 2393 8489 2485 8455 2625 8427 2711 8427 2763  
 8399 2803 8394 2835 8368 2854 8358 2881 8394 2906 8417 2946 8455 2968  
 8501 2984 8544 2995 8583 3011 8611 3044 8618 3047 8601 3122 8603 3144  
 8662 3281 8725 3327 8751 3333 8799 3328 8845 3298 8886 3285 8897 3285  
 8912 3331 8894 3366 8894 3374 8914 3387 8904 3417 8876 3441 8891 3528  
 8912 3595 8927 3606 8958 3606 8998 3657 8998 3682 8991 3746 9006 3806  
 9006 3827 9021 3892 9059 3927 9105 3976 9225 3990 9233 3995 9235 4057  
 9230 4063 9195 4076 9233 4152 9281 4230 9294 4244 9327 4308 9335 4333  
 9370 4357 9383 4363 9432 4395 9493 4417 9549 4412 9564 4428 9587 4463  
 9605 4520 9582 4560 9562 4587 9554 4592 9534 4630 9529 4635 9498 4716  
 9490 4730 9495 4765 9498 4835 9508 4910 9528 4983 9541 5000 9587 5016  
 9630 5021 9676 5078 9712 5111 9732 5151 9669 5148 9661 5151 9714 5186  
 9732 5203 9857 5289 9931 5365 9982 543510000 5425                      
L  1 5   15     0   141   151 169899999     3                           
10000 5341 9995 529210000 5286                                          
L  1 5   16     0   161   171 169899999     6                           
10000 7676 9973 7728 9947 7790 9949 7849 9972 789010000 7915            
L  1 5   17     0   181   191 169899999    51                           
10000 8039 9972 8033 9919 8008 9880 8019 9839 8056 9827 8094 9804 8121  
 9755 8124 9712 8131 9632 8164 9589 8185 9599 8261 9584 8298 9530 8314  
 9479 8303 9441 8314 9377 8368 9331 8430 9295 8505 9277 8562 9267 8626  
 9249 8675 9215 8713 9136 8715 9129 8710 9111 8712 9062 8736 9029 8777  
 8998 8839 8983 8895 8983 8955 8993 8995 8998 9054 9016 9100 9021 9149  
 8990 9187 8939 9186 8919 9178 8875 9213 8829 9272 8796 9340 8780 9418  
 8770 9501 8767 9574 8780 9709 8777 9777 8770 9839 8747 9887 8706 9935  
 8701 9976 868010000                                                    
L  1 9   18     9   151    118888899999     3                           
10000 528610000    0 7019    0                                          
L  1 9   19     9   121    619999988888     3                           
    0   59    0    0   82    0                                          
L  1 9   20     9   121   19188888 1698     3                           
    0   59    010000 868010000                                          
L  1 9   21     9   191   1818888899999     3                           
 868010000100001000010000 8039                                          
L  1 9   22     9   151   141 169888888     2                           
10000 528610000 5341                                                    
L  1 9   23     9   141   1319999988888     2                           
10000 534110000 5425                                                    
L  1 9   24     9   131   161 169888888     2                           
10000 542510000 7676                                                    
L  1 9   25     9   161   1719999988888     2                           
10000 767610000 7915                                                    
L  1 9   26     9   171   181 169888888     2                           
10000 791510000 8039                                                    
A  199999    1 9337 2750  16                                            
    1  -11   14  -23   15   18    0    7    0    6    0    5    0    4  
    0    3                                                              
A  1 1698    2 6990   16   2                                            
  -12   -1                                                              
A  1 1698    3 4771 5000  10                                            
  -10   -2   -8  -13   20  -17  -26  -16  -24  -14                      
A  199999    4  335   10   2                                            
    2   -9                                                              
A  199999    5   22   28   2                                            
  -19   13                                                              
A  1 1698    6 6675  246   1                                            
   -3                                                                   
A  1 1698    7 7931 1458   1                                            
   -4                                                                   
A  1 1698    8 8214 1080   1                                            
   -5                                                                   
A  1 1698    9 9646 4408   1                                            
   -6                                                                   
A  1 1698   10 9822 5208   1                                            
   -7                                                                   
A  1 1698   11 9998 5308   2                                            
  -22  -15                                                              
A  199999   12 9974 7796   2                                            
   16  -25                                                              
A  199999   13 9497 9002   2                                            
   17   21                                                              
H1 5    0    1    0    0    4 0506 0506                                 
L  5 2    1     0    00    00              15                           
    0 2460  360 2270  810 2350 1080 2710  970 2930  840 2940  700 2810  
  460 3010  390 3360  630 3670  730 3780  760 4090  810 4140  710 4330  
    0 4555                                                              
M 684807                      1    6    9    4    0   42                
H2 1    6    9    4    0   41 0506 0506                                 
N  1 1    1    0 5425 1 3    1   -6    7    0    0    0    0    0    0  
N  1 1    2    0 5341 1 3   -1    6   -5    0    0    0    0    0    0  
N  1 1    3    0 5286 1 3    5   -4    2    0    0    0    0    0    0  
N  1 1    4    0 7676 1 3    8   -7   -2    0    0    0    0    0    0  
N  1 1    5    0 7915 1 3    3    9   -8    0    0    0    0    0    0  
N  1 1    6    0 8039 1 3   -3    4   -9    0    0    0    0    0    0  
L  1 5    1     0    11    21 169899999     3                           
    0 5425   11 5392    0 5341                                          
L  1 5    2     0    31    41 169899999    62                           
    0 5286   28 5276   74 5282   85 5276  110 5271  120 5279  148 5331  
  171 5412  166 5471  151 5490  100 5538   89 5606  100 5681  102 5811  
  110 5891  135 5943  171 6029  209 6108  245 6148  250 6197  357 6219  
  383 6243  367 6270  326 6297  303 6340  298 6426  313 6483  336 6542  
  364 6580  385 6623  474 6675  492 6688  512 6737  443 6761  398 6769  
  362 6782  344 6833  318 6885  305 6901  285 6960  272 7025  254 7079  
  249 7213  264 7262  272 7276  303 7292  323 7349  331 7405  325 7405  
  305 7419  267 7416  246 7397  233 7402  182 7440   95 7539   88 7574  
  108 7607  103 7645   70 7650   31 7636   14 7650    0 7676            
L  1 5    3     0    51    61 169899999    10                           
    0 7915   13 7927   49 7946   72 7963   85 7987  113 8011  113 8038  
   80 8052   28 8046    0 8039                                          
L  1 9    4     9    61    318888899999     6                           
    0 8039    010000100001000010000    0    0    0    0 5286            
L  1 9    5     9    31    2188888 1698     2                           
    0 5286    0 5341                                                    
L  1 9    6     9    21    118888899999     2                           
    0 5341    0 5425                                                    
L  1 9    7     9    11    4188888 1698     2                           
    0 5425    0 7676                                                    
L  1 9    8     9    41    518888899999     2                           
    0 7676    0 7915                                                    
L  1 9    9     9    51    6188888 1698     2                           
    0 7915    0 8039                                                    
A  199999    1    5 5384   2                                            
    1    6                                                              
A  1 1698    2  155 6474   4                                            
    7   -2    5   -1                                                    
A  199999    3 5000 4743   4                                            
    2    8    3    4                                                    
A  1 1698    4   42 7984   2                                            
    9   -3                                                              
M 684813                      1    5    6    5    0   34                
H2 1    5    6    5    0   33 0506 0506                                 
N  1 2    1 9618  443 0 2    1   -1    0    0    0    0    0    0    0  
N  1 2    2 9332  366 0 2    2   -2    0    0    0    0    0    0    0  
N  1 2    3 9138   85 0 2    3   -3    0    0    0    0    0    0    0  
N  1 1    410000  320 1 3    4   -6   -5    0    0    0    0    0    0  
N  1 1    5 9260    0 1 3    6   -4    5    0    0    0    0    0    0  
L  1 5    1     0    10    10 169899999     8                           
 9618  443 9608  440 9598  408 9621  384 9646  373 9657  411 9649  432  
 9618  443                                                              
L  1 5    2     0    20    20 169899999    10                           
 9332  366 9325  356 9322  329 9337  318 9371  310 9383  318 9386  334  
 9383  348 9363  361 9332  366                                          
L  1 5    3     0    30    30 169899999    11                           
 9138   85 9115   69 9113   56 9115   42 9144   34 9164   48 9184   69  
 9182   83 9172   91 9151   91 9138   85                                
L  1 5    4     0    41    51 169899999    23                           
10000  320 9986  331 9922  401 9907  406 9874  401 9830  371 9825  363  
 9805  301 9815  282 9825  271 9805  258 9756  252 9611  254 9580  200  
 9544  192 9509  219 9496  224 9463  224 9419  173 9386  140 9340  113  
 9276   35 9260    0                                                    
L  1 9    5     9    51    418888899999     5                           
 9260    0    0    0    010000100001000010000  320                      
L  1 9    6     9    51    41 169888888     3                           
 9260    010000    010000  320                                          
A  1 1698    1 9627  408   1                                            
   -1                                                                   
A  1 1698    2 9354  338   1                                            
   -2                                                                   
A  1 1698    3 9146   62   1                                            
   -3                                                                   
A  199999    4 5000 4775   8                                            
    4    5    0    1    0    2    0    3                                
A  1 1698    5 9791  202   2                                            
   -6   -4                                                              
M 684814                      1   12   13   12    0  126                
H2 1   12   13   12    0  125 0506 0506                                 
N  1 2    1  418 1079 0 2    1   -1    0    0    0    0    0    0    0  
N  1 2    2  883 1279 0 2    2   -2    0    0    0    0    0    0    0  
N  1 2    3 6680 8739 0 2    3   -3    0    0    0    0    0    0    0  
N  1 2    4 1428 1994 0 2    4   -4    0    0    0    0    0    0    0  
N  1 2    5 1706 3316 0 2    5   -5    0    0    0    0    0    0    0  
N  1 2    6 3253 3996 0 2    6   -6    0    0    0    0    0    0    0  
N  1 2    7 3370 3962 0 2    7   -7    0    0    0    0    0    0    0  
N  1 2    8 3726 4033 0 2    8   -8    0    0    0    0    0    0    0  
N  1 2    9 9123 9747 0 2    9   -9    0    0    0    0    0    0    0  
N  1 2   10 9798 9805 0 2   10  -10    0    0    0    0    0    0    0  
N  1 1   1110000 9561 1 3   11  -13  -12    0    0    0    0    0    0  
N  1 1   12    0  320 1 3   12   13  -11    0    0    0    0    0    0  
L  1 5    1     0    10    10 169899999     9                           
  418 1079  399 1079  392 1065  396 1033  412 1019  436 1028  440 1050  
  434 1066  418 1079                                                    
L  1 5    2     0    20    20 169899999    11                           
  883 1279  859 1279  847 1273  841 1268  849 1243  868 1219  880 1211  
  886 1214  895 1236  895 1276  883 1279                                
L  1 5    3     0    30    30 169899999    12                           
 6680 8739 6680 8737 6644 8758 6606 8760 6574 8749 6564 8719 6569 8676  
 6611 8660 6643 8666 6679 8682 6685 8704 6680 8739                      
L  1 5    4     0    40    40 169899999    12                           
 1428 1994 1422 1981 1424 1970 1440 1946 1456 1946 1480 1962 1484 1979  
 1478 1998 1474 2003 1456 2011 1440 2005 1428 1994                      
L  1 5    5     0    50    50 169899999    10                           
 1706 3316 1682 3310 1670 3278 1674 3269 1688 3251 1705 3245 1725 3248  
 1732 3284 1728 3303 1706 3316                                          
L  1 5    6     0    60    60 169899999     9                           
 3253 3996 3257 3963 3284 3961 3335 4002 3327 4037 3321 4045 3287 4042  
 3261 4015 3253 3996                                                    
L  1 5    7     0    70    70 169899999    11                           
 3370 3962 3358 3967 3332 3983 3314 3961 3322 3940 3340 3923 3344 3915  
 3366 3916 3386 3932 3380 3954 3370 3962                                
L  1 5    8     0    80    80 169899999    10                           
 3726 4033 3698 4055 3690 4035 3690 4025 3704 4000 3728 3993 3742 4012  
 3736 4028 3730 4039 3726 4033                                          
L  1 5    9     0    90    90 169899999    13                           
 9123 9747 9141 9717 9163 9704 9191 9710 9229 9732 9231 9783 9215 9802  
 9197 9807 9159 9801 9124 9804 9086 9801 9091 9768 9123 9747            
L  1 5   10     0   100   100 169899999    11                           
 9798 9805 9804 9795 9788 9816 9742 9786 9758 9737 9762 9735 9770 9737  
 9802 9767 9806 9778 9806 9795 9798 9805                                
L  1 5   11     0   111   121 169899999   366                           
10000 9561 9870 9579 9850 9584 9793 9589 9741 9580 9701 9577 9645 9585  
 9611 9581 9549 9562 9507 9532 9465 9485 9442 9407 9454 9363 9464 9307  
 9457 9239 9425 9160 9379 9062 9344 9013 9284 8961 9218 8906 9140 8832  
 9122 8819 9078 8778 9022 8736 8978 8714 8916 8711 8786 8672 8706 8660  
 8642 8662 8558 8688 8459 8747 8417 8746 8409 8738 8405 8719 8373 8722  
 8353 8708 8373 8665 8385 8657 8355 8616 8343 8613 8304 8572 8249 8561  
 8191 8571 8141 8605 8099 8619 8085 8632 8068 8667 8060 8675 8034 8667  
 8030 8675 8020 8710 7990 8755 7976 8761 7974 8766 7917 8793 7899 8792  
 7871 8768 7845 8751 7823 8746 7801 8718 7766 8680 7710 8639 7648 8617  
 7628 8597 7608 8608 7582 8613 7557 8605 7529 8623 7525 8632 7497 8631  
 7441 8652 7423 8641 7351 8649 7304 8670 7244 8715 7220 8715 7174 8687  
 7136 8646 7112 8633 7094 8605 7064 8586 7042 8562 7013 8496 6987 8455  
 6923 8493 6868 8500 6856 8495 6684 8479 6646 8460 6602 8422 6582 8384  
 6561 8327 6551 8318 6503 8315 6481 8293 6459 8252 6461 8247 6457 8204  
 6437 8163 6437 8157 6464 8128 6494 8080 6466 8060 6483 7977 6465 7898  
 6423 7830 6395 7792 6372 7772 6233 7787 6215 7784 6155 7759 6145 7748  
 6141 7724 6115 7718 6111 7705 6114 7626 6126 7578 6148 7548 6185 7521  
 6223 7446 6205 7402 6198 7362 6184 7329 6168 7305 6170 7251 6134 7223  
 6098 7217 6104 7198 6116 7177 6103 7166 6073 7155 6059 7141 6055 7133  
 6001 7057 5955 7029 5977 7002 5947 6956 5942 6937 5944 6915 5920 6880  
 5892 6888 5876 6871 5880 6869 5904 6834 5860 6749 5853 6719 5859 6690  
 5813 6649 5767 6594 5747 6550 5746 6491 5783 6367 5787 6321 5753 6282  
 5592 6053 5514 5980 5494 5966 5377 5878 5279 5812 5191 5730 5103 5653  
 5047 5612 5024 5587 5012 5552 5008 5514 5026 5474 5067 5428 5095 5407  
 5121 5393 5129 5383 5131 5372 5115 5388 5093 5352 5075 5304 5072 5260  
 5094 5185 5112 5144 5111 5117 5089 5014 5073 4954 5054 4916 4988 4837  
 4950 4769 4911 4660 4881 4595 4867 4581 4849 4600 4835 4594 4799 4570  
 4763 4537 4709 4512 4691 4531 4665 4536 4631 4503 4607 4503 4601 4500  
 4573 4521 4515 4521 4499 4531 4487 4564 4476 4577 4448 4577 4410 4590  
 4366 4619 4338 4619 4332 4578 4343 4513 4347 4443 4335 4386 4342 4297  
 4334 4232 4301 4148 4293 4118 4265 4058 4237 4055 4211 4017 4177 3997  
 4151 3962 4088 3918 3948 3876 3859 3880 3795 3947 3755 3971 3722 3982  
 3688 3984 3660 4016 3652 4049 3632 4073 3622 4075 3509 4074 3483 4085  
 3451 4106 3419 4098 3417 4057 3444 3981 3476 3914 3426 3941 3406 3921  
 3372 3899 3362 3861 3375 3791 3373 3745 3339 3672 3306 3625 3272 3601  
 3172 3564 3132 3531 3076 3552 3009 3571 2995 3571 2973 3600 2947 3613  
 2909 3651 2818 3642 2793 3609 2787 3609 2764 3625 2734 3622 2732 3627  
 2714 3641 2680 3616 2654 3586 2624 3602 2580 3588 2597 3520 2603 3507  
 2607 3488 2577 3439 2557 3441 2507 3462 2465 3443 2359 3382 2315 3420  
 2301 3441 2291 3403 2289 3379 2267 3368 2245 3365 2239 3384 2217 3400  
 2191 3381 2167 3348 2155 3361 2047 3322 2043 3333 2019 3322 2015 3306  
 1989 3278 1979 3246 1939 3229 1907 3199 1849 3158 1837 3155 1796 3111  
 1780 3062 1776 3013 1782 2994 1826 2973 1903 2923 1911 2915 1911 2893  
 1887 2855 1835 2838 1829 2827 1840 2803 1868 2787 1874 2757 1874 2717  
 1825 2619 1795 2599 1731 2493 1697 2476 1691 2457 1700 2430 1702 2403  
 1690 2390 1656 2338 1632 2283 1613 2216 1597 2186 1563 2174 1555 2161  
 1553 2128 1601 2129 1610 2105 1604 2075 1586 2061 1546 2066 1548 2028  
 1546 2001 1480 1905 1443 1856 1417 1805 1395 1753 1356 1666 1358 1660  
 1332 1590 1296 1543 1221 1483 1181 1388 1175 1363 1163 1369 1103 1330  
 1015 1294  997 1291  961 1272  947 1255  880 1192  822 1116  788 1086  
  750 1069  718 1047  693  995  655  889  604  808  413  567  363  496  
  327  453  289  420  242  389  188  345   84  285   34  265   24  265  
   20  271    0  320                                                    
L  1 9   12     9   121   1118888899999     4                           
    0  320    010000100001000010000 9561                                
L  1 9   13     9   121   111 169888888     4                           
    0  320    0    010000    010000 9561                                
A  1 1698    1  417 1050   1                                            
   -1                                                                   
A  1 1698    2  872 1246   1                                            
   -2                                                                   
A  1 1698    3 6625 8710   1                                            
   -3                                                                   
A  1 1698    4 1453 1978   1                                            
   -4                                                                   
A  1 1698    5 1701 3280   1                                            
   -5                                                                   
A  1 1698    6 3295 4002   1                                            
   -6                                                                   
A  1 1698    7 3350 3950   1                                            
   -7                                                                   
A  1 1698    8 3714 4024   1                                            
   -8                                                                   
A  1 1698    9 9170 9756   1                                            
   -9                                                                   
A  1 1698   10 9775 9775   1                                            
  -10                                                                   
A  199999   11 4295 5070  22                                            
   11   12    0    1    0    2    0    3    0    4    0    5    0    6  
    0    7    0    8    0    9    0   10                                
A  1 1698   12 7531 4932   2                                            
  -13  -11                                                              
M 684815                      2    2    3    2    1   18                
H2 1    2    3    2    0   14 0506 0506                                 
N  1 1    1  84710000 1 3    1   -2    3    0    0    0    0    0    0  
N  1 1    2    0 9561 1 3    2   -3   -1    0    0    0    0    0    0  
L  1 5    1     0    11    21 169899999    15                           
  84710000  809 9978  812 9935  794 9891  753 9859  675 9816  555 9741  
  485 9673  470 9662  426 9644  313 9603  242 9566  206 9558  137 9553  
    0 9561                                                              
L  1 9    2     9    21    118888899999     3                           
    0 9561    010000  84710000                                          
L  1 9    3     9    11    2188888 1698     5                           
  84710000100001000010000    0    0    0    0 9561                      
A  199999    1  306 9776   2                                            
    1    2                                                              
A  1 1698    2 5000 4775   2                                            
    3   -1                                                              
H1 7    0    0    0    1    2 0506 0506                                 
P  7 7    1 6092 1848 0 1                                               
01 3 6092 1848              00  ‘ð‘¨“‡                                  
M 684816                      1    2    3    2    0   34                
H2 1    2    3    2    0   33 0506 0506                                 
N  1 1    1 8680    0 1 3    1    2    3    0    0    0    0    0    0  
N  1 1    210000 6570 1 3   -2   -1   -3    0    0    0    0    0    0  
L  1 5    1     0    11    21 169899999   152                           
 8680    0 8639   46 8606   75 8524   54 8458   45 8348   48 8174   55  
 8138   60 8000   63 7980   65 7921   89 7875  127 7844  170 7842  194  
 7862  240 7849  292 7819  310 7775  310 7768  334 7778  378 7755  415  
 7742  421 7716  450 7729  488 7660  555 7652  569 7673  569 7714  593  
 7678  682 7742  682 7749  685 7747  723 7680  768 7621  833 7555  876  
 7506  900 7447  922 7399  913 7350  932 7307  940 7217  969 7164  977  
 7087  980 7039  977 6972  958 6898  931 6849  928 6791  941 6732 1008  
 6678 1140 6642 1240 6588 1461 6570 1558 6560 1642 6550 1696 6544 1704  
 6537 1830 6536 1938 6532 2201 6520 2265 6520 2321 6521 2365 6525 2483  
 6528 2565 6525 2637 6526 2719 6525 2788 6528 2849 6531 2974 6530 3059  
 6540 3169 6544 3251 6568 3387 6593 3465 6607 3546 6622 3636 6647 3756  
 6664 3837 6674 3898 6681 3961 6697 4021 6722 4070 6742 4102 6764 4134  
 6753 4157 6724 4166 6738 4232 6769 4310 6802 4415 6845 4526 6901 4683  
 6955 4799 6995 4901 7039 4983 7113 5077 7177 5115 7182 5110 7192 5107  
 7238 5126 7289 5188 7327 5191 7389 5205 7419 5218 7580 5267 7683 5343  
 7772 5397 7800 5411 7869 5433 7887 5443 7946 5468 7964 5479 8015 5492  
 8048 5495 8120 5512 8258 5523 8283 5534 8324 5585 8362 5596 8475 5658  
 8518 5680 8534 5693 8577 5721 8623 5737 8677 5780 8674 5791 8682 5783  
 8710 5780 8746 5802 8774 5845 8815 5851 8858 5899 8891 5924 8986 6016  
 9029 6035 9088 6083 9149 6140 9177 6189 9249 6227 9297 6227 9328 6251  
 9379 6316 9420 6322 9492 6352 9538 6368 9578 6395 9609 6392 9716 6444  
 9755 6458 9824 6474 9857 6474 9875 648210000 6570                      
L  1 9    2     9    11    2188888 1698     5                           
 8680    0    0    0    010000100001000010000 6570                      
L  1 9    3     9    11    219999988888     3                           
 8680    010000    010000 6570                                          
A  199999    1 8276 3302   2                                            
    1   -3                                                              
A  1 1698    2 3276 3302   2                                            
    2   -1                                                              
M 684817                      1    4    5    4    0   38                
H2 1    4    5    4    0   37 0506 0506                                 
N  1 2    1 1163 7393 0 2    1   -1    0    0    0    0    0    0    0  
N  1 2    2 1407 7572 0 2    2   -2    0    0    0    0    0    0    0  
N  1 1    3    0 6570 1 3    3   -4    5    0    0    0    0    0    0  
N  1 1    4 175010000 1 3    4   -5   -3    0    0    0    0    0    0  
L  1 5    1     0    10    10 169899999    13                           
 1163 7393 1181 7429 1179 7439 1163 7453 1145 7453 1133 7442 1127 7425  
 1117 7412 1115 7395 1117 7385 1129 7377 1135 7377 1163 7393            
L  1 5    2     0    20    20 169899999    16                           
 1407 7572 1410 7593 1410 7612 1400 7626 1388 7626 1336 7585 1314 7574  
 1296 7554 1289 7527 1285 7500 1295 7487 1327 7484 1353 7517 1387 7547  
 1401 7569 1407 7572                                                    
L  1 5    3     0    31    41 169899999    87                           
    0 6570   45 6599  151 6643  169 6657  201 6706  203 6744  207 6752  
  279 6783  305 6799  452 6944  586 7051  650 7106  745 7213  797 7259  
  875 7306  913 7312  961 7350 1001 7389 1041 7419 1079 7438 1090 7457  
 1114 7482 1144 7488 1168 7512 1176 7515 1180 7510 1206 7510 1272 7603  
 1280 7644 1312 7698 1321 7739 1347 7785 1363 7834 1385 7875 1384 7983  
 1390 7997 1414 8027 1425 8073 1431 8130 1449 8181 1456 8233 1476 8295  
 1492 8393 1519 8447 1597 8567 1606 8608 1602 8660 1628 8700 1630 8749  
 1627 8814 1619 8849 1615 8928 1664 8958 1670 9012 1678 9045 1688 9069  
 1691 9172 1671 9213 1671 9245 1679 9256 1688 9337 1696 9354 1698 9405  
 1676 9418 1665 9472 1683 9483 1687 9505 1685 9513 1663 9535 1661 9562  
 1681 9576 1682 9592 1672 9603 1660 9632 1654 9665 1668 9708 1680 9738  
 1669 9762 1659 9854 1665 9887 1671 9892 1666 9922 1674 9938 1688 9949  
 1684 9968 1674 9982 175010000                                          
L  1 9    4     9    41    318888899999     5                           
 175010000100001000010000    0    0    0    0 6570                      
L  1 9    5     9    31    4188888 1698     3                           
    0 6570    010000 175010000                                          
A  1 1698    1 1146 7414   1                                            
   -1                                                                   
A  1 1698    2 1344 7554   1                                            
   -2                                                                   
A  199999    3 5738 8296   6                                            
    3    4    0    1    0    2                                          
A  1 1698    4  737 8286   2                                            
    5   -3                                                              
M 684825                      2    8    9    8    1   90                
H2 1    8    9    8    0   86 0506 0506                                 
N  1 2    1 5242 4585 0 2    1   -1    0    0    0    0    0    0    0  
N  1 2    2 6023 4734 0 2    2   -2    0    0    0    0    0    0    0  
N  1 2    3 3714 4423 0 2    3   -3    0    0    0    0    0    0    0  
N  1 2    4 3267 4727 0 2    4   -4    0    0    0    0    0    0    0  
N  1 2    5 2997 4840 0 2    5   -5    0    0    0    0    0    0    0  
N  1 2    6 7319 4929 0 2    6   -6    0    0    0    0    0    0    0  
N  1 1    710000 5677 1 3    7   -9   -8    0    0    0    0    0    0  
N  1 1    8  847    0 1 3    9   -7    8    0    0    0    0    0    0  
L  1 5    1     0    10    10 169899999    11                           
 5242 4585 5222 4590 5204 4582 5192 4558 5202 4531 5219 4512 5249 4504  
 5254 4534 5252 4558 5246 4580 5242 4585                                
L  1 5    2     0    20    20 169899999    10                           
 6023 4734 5993 4707 5995 4693 6012 4639 6018 4623 6040 4634 6051 4664  
 6051 4691 6039 4721 6023 4734                                          
L  1 5    3     0    30    30 169899999    11                           
 3714 4423 3701 4455 3697 4461 3665 4444 3636 4408 3640 4387 3660 4363  
 3706 4366 3724 4382 3728 4396 3714 4423                                
L  1 5    4     0    40    40 169899999    10                           
 3267 4727 3227 4748 3209 4737 3219 4694 3251 4648 3261 4645 3281 4648  
 3287 4684 3285 4711 3267 4727                                          
L  1 5    5     0    50    50 169899999    16                           
 2997 4840 2949 4864 2921 4869 2899 4858 2899 4842 2921 4807 2922 4796  
 2932 4761 2972 4724 2988 4743 2982 4781 3008 4784 3026 4795 3018 4816  
 2997 4835 2997 4840                                                    
L  1 5    6     0    60    60 169899999    10                           
 7319 4929 7303 4953 7287 4956 7234 4955 7222 4953 7221 4928 7243 4901  
 7265 4896 7303 4910 7319 4929                                          
L  1 5    7     0    71    81 169899999   261                           
10000 5677 9991 5688 9947 5669 9915 5650 9873 5627 9849 5603 9723 5550  
 9647 5530 9603 5508 9583 5492 9538 5532 9512 5548 9490 5553 9428 5579  
 9372 5582 9358 5603 9311 5640 9309 5646 9295 5624 9281 5583 9268 5556  
 9260 5524 9198 5471 9154 5447 9048 5381 9026 5375 8980 5353 8964 5350  
 8946 5352 8908 5336 8890 5338 8864 5327 8844 5308 8830 5335 8808 5351  
 8788 5343 8782 5267 8768 5248 8736 5223 8710 5215 8678 5198 8672 5187  
 8646 5171 8602 5184 8572 5208 8562 5205 8540 5183 8528 5150 8526 5156  
 8520 5156 8482 5126 8474 5112 8404 5073 8300 5034 8156 4995 8064 4978  
 7920 4963 7892 4984 7890 4989 7870 4984 7858 4940 7830 4929 7800 4926  
 7762 4923 7624 4881 7524 4845 7494 4845 7474 4839 7448 4822 7324 4797  
 7310 4797 7274 4783 7171 4760 7077 4729 7041 4723 6903 4695 6775 4677  
 6715 4674 6585 4662 6565 4653 6477 4647 6439 4638 6412 4641 6312 4597  
 6274 4591 6198 4587 6172 4576 6148 4573 6134 4578 6100 4600 6072 4608  
 6050 4607 6000 4582 5920 4511 5900 4506 5864 4508 5796 4477 5774 4461  
 5748 4450 5738 4450 5672 4435 5644 4441 5606 4473 5596 4456 5578 4410  
 5542 4431 5506 4431 5460 4417 5394 4411 5347 4416 5303 4448 5295 4448  
 5275 4472 5249 4485 5237 4477 5223 4428 5221 4385 5175 4335 5158 4306  
 5138 4257 5112 4208 5098 4213 5064 4248 5032 4253 5000 4236 4988 4225  
 4958 4238 4932 4230 4908 4200 4870 4197 4862 4202 4850 4199 4825 4245  
 4805 4250 4769 4226 4765 4217 4731 4209 4673 4208 4619 4173 4577 4164  
 4573 4169 4539 4161 4495 4144 4459 4152 4431 4149 4411 4114 4387 4097  
 4367 4089 4333 4115 4263 4128 4201 4122 4167 4124 4052 4121 4000 4112  
 3852 4102 3778 4107 3770 4104 3766 4107 3724 4106 3692 4111 3617 4143  
 3599 4170 3587 4210 3549 4221 3524 4218 3496 4247 3446 4287 3351 4384  
 3315 4397 3303 4405 3281 4405 3253 4394 3217 4361 3199 4355 3123 4349  
 3105 4357 3075 4340 3030 4375 2946 4371 2902 4371 2748 4326 2712 4280  
 2682 4249 2578 4210 2528 4213 2518 4210 2514 4194 2541 4118 2541 4080  
 2535 4069 2529 4042 2490 3977 2482 3974 2450 3925 2430 3884 2395 3756  
 2363 3715 2329 3680 2289 3658 2273 3647 2242 3579 2212 3532 2202 3500  
 2203 3392 2191 3394 2105 3271 2026 3113 1927 2993 1873 2906 1853 2854  
 1844 2797 1830 2749 1756 2669 1726 2647 1656 2617 1630 2595 1582 2583  
 1536 2564 1527 2550 1519 2510 1495 2485 1509 2453 1537 2407 1572 2340  
 1574 2321 1568 2326 1568 2296 1589 2242 1597 2234 1625 2183 1684 2011  
 1709 1921 1719 1843 1714 1781 1696 1718 1655 1620 1623 1560 1578 1452  
 1544 1416 1528 1394 1516 1364 1510 1340 1512 1280 1541 1143 1578 1008  
 1595  964 1589  918 1571  845 1516  698 1488  644 1473  627 1433  608  
 1347  572 1143  480 1023  411  975  368  935  310  888  226  859  114  
  851    1  847    0                                                    
L  1 9    8     9    81    718888899999     5                           
  847    0    0    0    010000100001000010000 5677                      
L  1 9    9     9    81    71 169888888     3                           
  847    010000    010000 5677                                          
A  1 1698    1 5224 4548   1                                            
   -1                                                                   
A  1 1698    2 6025 4678   1                                            
   -2                                                                   
A  1 1698    3 3679 4412   1                                            
   -3                                                                   
A  1 1698    4 3252 4696   1                                            
   -4                                                                   
A  1 1698    5 2974 4797   1                                            
   -5                                                                   
A  1 1698    6 7270 4926   1                                            
   -6                                                                   
A  199999    7  936 2904  14                                            
    7    8    0    1    0    2    0    3    0    4    0    5    0    6  
A  1 1698    8 5926 2852   2                                            
   -9   -7                                                              
H1 7    0    0    0    1    2 0506 0506                                 
P  7 6    1 3333 4000 0 1                                               
01 3 3333 4000              00  ŽÇŽæ–¦                                  
M 684826                      1    8    9    8    0   88                
H2 1    8    9    8    0   87 0506 0506                                 
N  1 2    1  226 5954 0 2    1   -1    0    0    0    0    0    0    0  
N  1 2    2 3085 6623 0 2    2   -2    0    0    0    0    0    0    0  
N  1 2    3 3319 6617 0 2    3   -3    0    0    0    0    0    0    0  
N  1 2    4 1943 6402 0 2    4   -4    0    0    0    0    0    0    0  
N  1 2    5  713 6620 0 2    5   -5    0    0    0    0    0    0    0  
N  1 2    6  724 6519 0 2    6   -6    0    0    0    0    0    0    0  
N  1 1    710000 3867 1 3    7   -9   -8    0    0    0    0    0    0  
N  1 1    8    0 5677 1 3   -7    8    9    0    0    0    0    0    0  
L  1 5    1     0    10    10 169899999    10                           
  226 5954  204 5940  206 5926  228 5902  255 5881  259 5881  266 5895  
  266 5914  242 5946  226 5954                                          
L  1 5    2     0    20    20 169899999    10                           
 3085 6623 3069 6587 3071 6541 3083 6517 3111 6517 3127 6542 3135 6564  
 3119 6599 3093 6628 3085 6623                                          
L  1 5    3     0    30    30 169899999    11                           
 3319 6617 3255 6633 3241 6632 3227 6613 3227 6605 3239 6584 3269 6570  
 3285 6568 3297 6571 3311 6587 3319 6617                                
L  1 5    4     0    40    40 169899999    11                           
 1943 6402 1913 6415 1899 6413 1897 6388 1912 6329 1920 6318 1942 6337  
 1958 6359 1969 6381 1953 6397 1943 6402                                
L  1 5    5     0    50    50 169899999    11                           
  713 6620  677 6638  651 6635  665 6592  689 6571  721 6555  731 6555  
  741 6563  739 6582  717 6614  713 6620                                
L  1 5    6     0    60    60 169899999     8                           
  724 6519  695 6554  667 6568  655 6549  680 6508  700 6495  722 6503  
  724 6519                                                              
L  1 5    7     0    71    81 169899999   275                           
10000 3867 9987 3872 9961 3850 9905 3869 9873 3874 9853 3884 9791 3884  
 9734 3886 9662 3907 9600 3952 9551 3989 9503 4032 9483 4045 9419 4053  
 9409 4066 9392 4101 9356 4155 9314 4179 9309 4230 9289 4260 9196 4356  
 9168 4383 9011 4503 8989 4579 8950 4600 8928 4589 8907 4570 8902 4578  
 8876 4599 8762 4663 8715 4695 8665 4713 8639 4735 8611 4735 8575 4715  
 8519 4701 8425 4722 8372 4721 8222 4741 8073 4772 7893 4811 7792 4837  
 7690 4876 7620 4922 7563 4972 7543 5040 7556 5086 7558 5127 7522 5134  
 7520 5170 7508 5199 7506 5215 7515 5286 7503 5299 7487 5305 7501 5335  
 7531 5378 7536 5424 7520 5462 7500 5464 7482 5462 7515 5608 7501 5646  
 7504 5754 7496 5768 7482 5784 7476 5808 7480 5846 7467 5889 7443 5889  
 7423 5870 7376 5793 7294 5741 7290 5714 7262 5662 7232 5632 7179 5561  
 7111 5523 7097 5525 7051 5544 7019 5527 6996 5532 6978 5521 6965 5499  
 6947 5488 6939 5491 6875 5471 6849 5455 6841 5455 6808 5492 6774 5489  
 6728 5473 6710 5462 6726 5475 6686 5494 6531 5560 6441 5581 6292 5633  
 6276 5652 6260 5665 6254 5665 6210 5689 6179 5713 6149 5718 6089 5709  
 6081 5731 6045 5747 6011 5747 5995 5730 5983 5738 5979 5757 5963 5770  
 5925 5765 5896 5789 5858 5780 5850 5772 5844 5783 5820 5807 5790 5825  
 5760 5822 5752 5844 5738 5847 5733 5874 5675 5884 5613 5926 5581 5934  
 5565 5931 5546 5977 5522 5993 5494 5993 5476 5987 5456 6030 5422 6038  
 5386 6035 5346 6037 5271 6050 5265 6047 5241 6047 5209 6033 5181 6030  
 5153 6033 5119 6021 5067 5999 5043 6010 4965 5979 4911 5973 4875 5957  
 4741 5928 4679 5873 4647 5854 4623 5843 4581 5842 4571 5840 4541 5875  
 4516 5888 4432 5873 4396 5859 4316 5859 4248 5844 4222 5871 4182 5882  
 4138 5889 4105 5902 4023 5964 3948 6001 3876 6044 3832 6062 3772 6072  
 3748 6072 3711 6088 3703 6088 3663 6125 3556 6203 3478 6240 3406 6266  
 3361 6290 3341 6306 3249 6346 3218 6378 3202 6402 3202 6461 3238 6511  
 3234 6524 3163 6507 3138 6491 3134 6463 3109 6501 3085 6501 3073 6495  
 3045 6460 3034 6427 3014 6422 2996 6405 2990 6381 2922 6329 2832 6282  
 2784 6278 2726 6259 2708 6259 2622 6231 2596 6214 2590 6203 2582 6163  
 2536 6211 2516 6211 2444 6188 2397 6212 2341 6214 2327 6209 2269 6205  
 2211 6224 2191 6261 2185 6264 2117 6250 2088 6266 2062 6255 2020 6243  
 2010 6243 2000 6265 1966 6254 1910 6237 1852 6217 1812 6190 1610 6212  
 1566 6198 1466 6148 1450 6148 1388 6134 1265 6119 1219 6124 1209 6164  
 1187 6164 1163 6153 1151 6185 1133 6202 1107 6193 1070 6187 1032 6206  
  966 6259  915 6289  879 6291  851 6307  849 6318  831 6334  756 6463  
  724 6487  686 6487  660 6494  646 6489  637 6519  611 6545  577 6542  
  569 6521  574 6466  586 6418  622 6391  632 6372  600 6339  567 6293  
  509 6173  479 6127  452 6064  428 6048  420 6021  400 5996  386 5988  
  372 5950  349 5909  259 5859  227 5824  187 5780  161 5793  103 5736  
   49 5700    0 5677                                                    
L  1 9    8     9    81    718888899999     4                           
    0 5677    010000100001000010000 3867                                
L  1 9    9     9    81    71 169888888     4                           
    0 5677    0    010000    010000 3867                                
A  1 1698    1  238 5918   1                                            
   -1                                                                   
A  1 1698    2 3100 6572   1                                            
   -2                                                                   
A  1 1698    3 3272 6600   1                                            
   -3                                                                   
A  1 1698    4 1932 6366   1                                            
   -4                                                                   
A  1 1698    5  697 6596   1                                            
   -5                                                                   
A  1 1698    6  691 6530   1                                            
   -6                                                                   
A  199999    7 5000 7056  14                                            
    7    8    0    1    0    2    0    3    0    4    0    5    0    6  
A  1 1698    8 3753 5216   2                                            
   -9   -7                                                              
M 684827                      2    2    3    2    1   28                
H2 1    2    3    2    0   24 0506 0506                                 
N  1 1    1 1750    0 1 3    1    3   -2    0    0    0    0    0    0  
N  1 1    2    0 3867 1 3    2   -3   -1    0    0    0    0    0    0  
L  1 5    1     0    11    21 169899999    91                           
 1750    0 1763   12 1774   47 1777   93 1789  225 1816  282 1814  325  
 1807  366 1815  396 1823  409 1836  447 1803  496 1804  534 1809  561  
 1825  601 1826  626 1811  661 1852  698 1873  744 1879  814 1903  887  
 1907  955 1892 1020 1900 1033 1929 1044 1945 1079 1968 1116 1971 1151  
 1956 1162 1884 1180 1826 1208 1611 1403 1468 1498 1425 1531 1428 1561  
 1442 1631 1422 1691 1403 1778 1343 2076 1323 2131 1286 2215 1271 2232  
 1232 2257 1181 2274 1086 2262 1056 2262 1012 2233 1002 2250  980 2350  
  950 2421  920 2454  881 2466  843 2493  808 2551  806 2572  822 2594  
  820 2645  830 2672  828 2694  811 2718  743 2682  702 2671  646 2718  
  616 2730  611 2746  609 2781  630 2846  605 2871  587 2871  530 2839  
  507 2859  487 2891  452 2962  412 3004  349 3086  322 3157  291 3176  
  273 3179  231 3283  165 3368  125 3393  112 3406  117 3423  118 3460  
  113 3507  118 3661  104 3748   89 3807   46 3833   23 3860    0 3867  
L  1 9    2     9    21    118888899999     5                           
    0 3867    010000100001000010000    0 1750    0                      
L  1 9    3     9    11    2188888 1698     3                           
 1750    0    0    0    0 3867                                          
A  199999    1 5000 4904   2                                            
    1    2                                                              
A  1 1698    2  685 1943   2                                            
    3   -1                                                              
H1 7    0    0    0    1    2 0506 0506                                 
P  7 6    1 1467 1067 0 1                                               
01 6 1467 1067              00  ƒ‰ƒbƒLƒxƒc–¦                            
