M 363151‰«‘å“Œ“‡              2    2    2    2    1   28                
H2 1    2    2    2    0   24 0506 0506                                 
N  1 2    1 5737 5914 0 2    1   -1    0    0    0    0    0    0    0  
N  1 1    210000    0 1 2   -2    2    0    0    0    0    0    0    0  
L  1 5    1     0    10    104735899999   100                           
 5737 5914 5739 5915 5714 5947 5669 5981 5600 6015 5522 6035 5436 6042  
 5319 6040 5257 6047 5203 6046 5175 6048 5127 6062 4939 6130 4896 6140  
 4810 6152 4764 6166 4735 6170 4704 6169 4660 6161 4648 6170 4636 6169  
 4629 6157 4634 6142 4646 6011 4655 5992 4667 5983 4677 5916 4686 5888  
 4704 5864 4706 5834 4711 5808 4722 5791 4727 5760 4722 5741 4727 5726  
 4745 5716 4760 5689 4796 5598 4821 5491 4835 5476 4848 5469 4846 5436  
 4851 5415 4874 5368 4878 5338 4888 5294 4901 5267 4901 5257 4889 5234  
 4910 5202 4924 5158 4977 5061 4981 5030 5006 5010 5043 4976 5077 4925  
 5110 4916 5126 4895 5152 4886 5164 4874 5217 4861 5259 4869 5295 4871  
 5316 4880 5343 4903 5376 4911 5399 4943 5421 4950 5435 4964 5439 4979  
 5452 4983 5465 5015 5474 5030 5492 5025 5496 5029 5506 5079 5513 5080  
 5540 5075 5548 5081 5543 5118 5547 5126 5552 5119 5562 5112 5573 5122  
 5577 5152 5588 5169 5593 5219 5610 5241 5644 5309 5704 5452 5718 5474  
 5730 5502 5738 5555 5743 5574 5752 5586 5787 5673 5790 5700 5783 5805  
 5774 5826 5737 5914                                                    
L  1 9    2     9    21    218888899999     5                           
10000    0    0    0    010000100001000010000    0                      
A  147358    1 5274 5501   1                                            
   -1                                                                   
A  199999    2 2408 5514   3                                            
    2    0    1                                                         
H1 7    0    0    0    1    2 0506 0506                                 
P  7 7    1 5222 5566 0 1                                               
01 4 5222 5566              00  ‰«‘å“Œ“‡                                
