M 382474                      2    2    2    2    1   22                
H2 1    2    2    2    0   18 0506 0506                                 
N  1 2    1 4626  160 0 2    1   -1    0    0    0    0    0    0    0  
N  1 1    210000    0 1 2   -2    2    0    0    0    0    0    0    0  
L  1 5    1     0    10    104720799999    62                           
 4626  160 4594  139 4594   97 4618  101 4620  102 4630   95 4636   86  
 4646   87 4651   95 4673   85 4686   99 4697   98 4706  102 4717  118  
 4756   94 4768  103 4792   99 4786  105 4786  117 4810  122 4832  128  
 4850  122 4868  124 4866  110 4875   94 4934  141 4951  163 4953  178  
 4942  214 4878  233 4843  227 4826  228 4836  241 4832  254 4823  256  
 4844  266 4844  279 4813  287 4798  296 4780  296 4767  292 4754  290  
 4736  279 4692  275 4676  262 4675  259 4694  255 4708  255 4698  247  
 4688  246 4685  240 4723  231 4721  228 4700  224 4690  228 4680  225  
 4668  229 4658  225 4637  197 4611  179 4627  163 4626  160            
L  1 9    2     9    21    218888899999     5                           
10000    0    0    0    010000100001000010000    0                      
A  147207    1 4788  190   1                                            
   -1                                                                   
A  199999    2 5000 4850   3                                            
    2    0    1                                                         
H1 7    0    0    0    1    2 0506 0506                                 
P  7 7    1 4788  190 0 1                                               
01 3 4788  190              00  ëÂê≥ìá                                  
