M 402706à…ç]ìá                3    3   54    3    3  211                
H2 1    3    4    3    0   96 0506 0506                                 
N  1 2    1 4740 4263 0 2    1   -1    0    0    0    0    0    0    0  
N  1 1    210000 1473 1 3    2   -4   -3    0    0    0    0    0    0  
N  1 1    310000 1401 1 3    4   -2    3    0    0    0    0    0    0  
L  1 5    1     0    10    104731599999   557                           
 4740 4263 4759 4308 4807 4331 4923 4352 4999 4349 5025 4361 5072 4354  
 5138 4353 5190 4356 5210 4372 5231 4395 5276 4430 5314 4450 5382 4460  
 5476 4458 5513 4460 5571 4476 5611 4491 5698 4505 5724 4521 5834 4556  
 5881 4560 5926 4569 5978 4573 6143 4633 6179 4656 6408 4697 6426 4702  
 6440 4727 6444 4769 6441 4838 6443 4899 6470 5022 6521 5092 6536 5153  
 6553 5189 6582 5331 6595 5411 6609 5426 6608 5454 6624 5469 6636 5490  
 6652 5559 6657 5599 6640 5658 6639 5697 6630 5743 6650 5761 6663 5801  
 6654 5843 6656 5872 6648 5904 6638 5934 6632 5966 6623 5995 6616 6073  
 6607 6106 6583 6153 6509 6317 6473 6362 6468 6386 6474 6411 6465 6426  
 6455 6430 6436 6458 6427 6466 6401 6515 6391 6517 6383 6535 6374 6538  
 6345 6588 6335 6590 6327 6611 6317 6621 6303 6643 6291 6645 6280 6682  
 6269 6687 6192 6747 6175 6773 6153 6791 6142 6806 6128 6800 6116 6791  
 6107 6799 6087 6798 6080 6810 6067 6816 6058 6814 6046 6835 6003 6860  
 5985 6863 5961 6876 5879 6937 5873 6944 5849 6999 5826 7032 5816 7055  
 5816 7068 5806 7091 5789 7118 5788 7143 5782 7155 5771 7201 5781 7209  
 5786 7228 5782 7244 5766 7254 5747 7292 5736 7294 5735 7308 5728 7316  
 5720 7319 5712 7368 5696 7384 5691 7385 5693 7391 5687 7416 5679 7433  
 5657 7450 5660 7464 5653 7477 5612 7497 5597 7516 5574 7535 5564 7539  
 5551 7556 5537 7560 5529 7570 5498 7584 5477 7600 5458 7596 5444 7626  
 5412 7637 5408 7668 5398 7680 5381 7684 5372 7684 5372 7694 5366 7711  
 5344 7734 5336 7751 5323 7767 5302 7783 5280 7793 5271 7805 5259 7808  
 5257 7828 5248 7847 5229 7858 5231 7865 5213 7884 5214 7887 5196 7895  
 5197 7899 5191 7912 5183 7919 5168 7952 5157 7946 5152 7940 5109 7980  
 5100 8007 5094 8009 5089 8029 5080 8045 5070 8056 5062 8083 5053 8089  
 5038 8106 5026 8097 5014 8097 4996 8128 4982 8128 4970 8123 4964 8135  
 4949 8141 4944 8168 4929 8183 4902 8191 4866 8206 4855 8209 4845 8224  
 4830 8221 4813 8206 4811 8213 4783 8231 4762 8224 4752 8212 4718 8216  
 4676 8208 4639 8206 4613 8191 4556 8178 4475 8146 4457 8130 4441 8108  
 4393 8089 4297 8022 4268 8007 4199 7986 4187 7985 4169 7989 4146 7985  
 4102 7962 4048 7960 4022 7949 3992 7929 3931 7882 3880 7856 3835 7840  
 3798 7750 3779 7735 3772 7716 3746 7714 3737 7691 3729 7680 3716 7683  
 3679 7664 3627 7648 3583 7611 3566 7616 3541 7590 3507 7576 3483 7570  
 3465 7581 3444 7564 3419 7556 3383 7552 3367 7555 3352 7547 3349 7549  
 3269 7546 3188 7550 3174 7556 3171 7560 3153 7569 3131 7572 3112 7598  
 3107 7611 3075 7632 3059 7635 3035 7620 3015 7617 2964 7577 2915 7554  
 2905 7538 2890 7541 2877 7537 2860 7545 2818 7528 2767 7543 2700 7573  
 2674 7623 2670 7627 2642 7635 2590 7665 2566 7686 2543 7710 2504 7714  
 2421 7730 2384 7733 2369 7737 2363 7735 2362 7715 2354 7689 2337 7688  
 2310 7648 2299 7642 2288 7632 2284 7632 2272 7618 2257 7612 2243 7618  
 2232 7637 2211 7648 2198 7659 2177 7662 2172 7674 2159 7673 2154 7689  
 2143 7695 2138 7693 2138 7707 2129 7718 2104 7715 2094 7730 2075 7740  
 2065 7749 2050 7744 2042 7760 2019 7757 2010 7763 1997 7785 1988 7793  
 1975 7787 1962 7798 1913 7819 1884 7835 1870 7851 1850 7864 1828 7885  
 1779 7905 1765 7914 1755 7941 1741 7952 1720 7952 1707 7985 1696 7989  
 1689 7982 1678 7981 1668 7988 1648 7980 1642 7988 1628 7995 1617 7993  
 1599 7999 1566 7999 1547 8011 1513 8014 1481 8024 1468 8029 1436 8016  
 1432 8021 1406 8021 1382 8034 1328 8028 1296 8046 1274 8049 1260 8040  
 1220 8045 1188 8052 1139 8056 1088 8070 1024 8066 1010 8071  992 8065  
  984 8073  971 8073  959 8063  918 8056  857 8029  828 8008  795 7978  
  737 7946  729 7935  718 7912  710 7906  696 7903  682 7888  658 7872  
  637 7849  618 7836  605 7817  593 7821  587 7802  571 7796  569 7798  
  554 7800  546 7788  524 7785  503 7753  499 7736  472 7699  462 7674  
  448 7660  439 7639  425 7620  414 7598  404 7587  387 7588  364 7536  
  352 7515  342 7480  347 7446  352 7426  356 7336  359 7310  341 7291  
  337 7271  339 7252  327 7252  303 7211  300 7186  315 7150  320 7146  
  312 7142  311 7118  324 7106  327 7075  318 7040  310 6964  257 6840  
  251 6810  210 6737  185 6654  168 6608  148 6575  131 6531  117 6477  
  101 6378   84 6334   73 6320   72 6258   67 6236   67 6209   78 6147  
   78 6123   73 6101   77 6066   95 6027   81 5998   79 5978   90 5941  
   90 5917  100 5889   99 5845  105 5780  115 5749  126 5725  108 5701  
  129 5653  131 5633  150 5607  164 5568  167 5525  163 5499  179 5483  
  185 5457  192 5450  221 5381  250 5357  261 5332  285 5228  301 5186  
  404 5003  426 4961  445 4935  466 4917  541 4787  579 4742  608 4715  
  660 4700  672 4687  704 4662  737 4643  791 4631  825 4614  847 4607  
  925 4595  944 4588  961 4577 1014 4565 1068 4562 1085 4566 1125 4567  
 1139 4565 1151 4557 1170 4554 1221 4573 1257 4576 1313 4551 1329 4547  
 1360 4545 1398 4559 1413 4592 1426 4583 1443 4556 1454 4550 1477 4553  
 1487 4562 1519 4557 1534 4562 1551 4555 1581 4559 1606 4548 1621 4552  
 1629 4570 1648 4568 1649 4571 1650 4568 1664 4568 1678 4553 1698 4555  
 1720 4546 1731 4553 1737 4569 1759 4574 1774 4568 1793 4569 1808 4559  
 1829 4559 1843 4575 1862 4569 1926 4582 1980 4568 2012 4579 2016 4583  
 2033 4583 2049 4565 2067 4561 2122 4531 2213 4532 2280 4546 2321 4539  
 2350 4551 2449 4618 2500 4624 2596 4661 2630 4670 2738 4689 2768 4697  
 2839 4706 2967 4731 3035 4736 3087 4734 3114 4729 3223 4728 3391 4706  
 3476 4709 3517 4715 3545 4712 3666 4672 3773 4654 3822 4636 3854 4633  
 3888 4621 3936 4588 3981 4574 4076 4536 4141 4497 4168 4468 4196 4446  
 4242 4430 4251 4437 4318 4427 4318 4367 4333 4367 4341 4381 4343 4401  
 4414 4387 4410 4293 4454 4284 4461 4352 4508 4349 4525 4342 4521 4277  
 4553 4273 4556 4290 4581 4292 4632 4283 4633 4231 4669 4226 4675 4255  
 4694 4255 4703 4257 4726 4253 4740 4263                                
L  1 5    2     0    21    314730899999     5                           
10000 1473 9968 1513 9906 1436 9965 135610000 1401                      
L  1 9    3     9    31    218888899999     6                           
10000 140110000    0    0    0    010000100001000010000 1473            
L  1 9    4     9    31    214730888888     2                           
10000 140110000 1473                                                    
A  147315    1 3307 6234   1                                            
   -1                                                                   
A  199999    2 8223 4916   4                                            
    2    3    0    1                                                    
A  147308    3 9953 1436   2                                            
   -4   -2                                                              
H1 2    0   50    0    0  107 0506 0506                                 
L  2 4    1     0    00    00               4                           
 4415 4426 4384 4482 4401 4566 4383 4753                                
L  2 4    2     0    00    00               3                           
 4383 4753 4365 4897 4716 4921                                          
L  2 4    3     0    00    00               3                           
 4383 4753 4168 4831 3826 4892                                          
L  2 4    4     0    00    00               2                           
 4716 4921 4745 4605                                                    
L  2 4    5     0    00    00               3                           
 2505 5236 2810 5323 3169 5335                                          
L  2 4    6     0    00    00               2                           
 2505 5236 2448 5388                                                    
L  2 4    7     0    00    00               2                           
 2477 7020 2255 6860                                                    
L  2 5    8     0    00    00               5                           
 2477 7020 2137 7256 1923 7493 1701 7531  948 7206                      
L  2 5    9     0    00    00               2                           
  948 7206  521 6669                                                    
L  2 5   10     0    00    00               6                           
  948 7206 1032 6744 1208 6569 1422 6569 1747 6482 1901 6573            
L  2 4   11     0    00    00               9                           
 1901 6573 1907 6239 1852 6020 1873 5831 1777 5953 1522 6027 1481 6012  
 1458 5972 1442 5631                                                    
L  2 5   12     0    00    00               2                           
 1970 7056 2255 6860                                                    
L  2 4   13     0    00    00               3                           
 2255 6860 1948 6640 1901 6573                                          
L  2 5   14     0    00    00               4                           
 2255 6860 2481 6782 2741 6769 3223 6707                                
L  2 5   15     0    00    00               2                           
 3223 6707 2927 6365                                                    
L  2 5   16     0    00    00               2                           
 3223 6707 3381 6769                                                    
L  2 4   17     0    00    00               6                           
 3285 7244 3179 7249 3072 7217 2829 7233 2474 7063 2477 7020            
L  2 5   18     0    00    00               2                           
 3419 7144 3285 7244                                                    
L  2 5   19     0    00    00               5                           
 3419 7144 3771 7131 4004 7006 4811 6919 5201 6607                      
L  2 4   20     0    00    00              17                           
 5437 7411 5207 7652 5169 7652 5129 7533 4801 7715 4513 7815 4469 7808  
 4368 7696 4070 7722 3935 7659 3868 7570 3755 7541 3548 7443 3481 7443  
 3428 7393 3349 7378 3285 7244                                          
L  2 5   21     0    00    00               2                           
 3381 6769 3419 7144                                                    
L  2 5   22     0    00    00               5                           
 3381 6769 3539 6819 3911 6857 4412 6407 4589 5908                      
L  2 5   23     0    00    00               3                           
 5201 6607 5378 7294 5437 7411                                          
L  2 5   24     0    00    00               5                           
 5201 6607 5629 6170 5777 5908 5824 5533 5898 4971                      
L  2 4   25     0    00    00              17                           
 5950 4856 6059 4930 6163 5035 6208 5168 6234 5499 6557 5437 6585 5468  
 6593 5620 6547 5760 6474 5786 6498 5979 6480 6101 6376 6337 6247 6488  
 5858 6865 5491 7355 5437 7411                                          
L  2 5   26     0    00    00               2                           
 5898 4971 5950 4856                                                    
L  2 5   27     0    00    00               2                           
 5898 4971 4839 4896                                                    
L  2 5   28     0    00    00               2                           
 4839 4896 4716 4921                                                    
L  2 5   29     0    00    00               2                           
 4839 4896 4830 5009                                                    
L  2 5   30     0    00    00               4                           
 4589 5908 4756 6195 4821 6220 5118 6045                                
L  2 5   31     0    00    00               5                           
 4830 5009 4681 5233 4663 5571 4561 5683 4551 5795                      
L  2 5   32     0    00    00               5                           
 4830 5009 4988 5271 5034 5433 5025 5720 5118 6045                      
L  2 5   33     0    00    00               2                           
 5118 6045 5201 6607                                                    
L  2 5   34     0    00    00               2                           
 4551 5795 4589 5908                                                    
L  2 5   35     0    00    00               8                           
 4551 5795 4013 5983 3716 5945 3614 5908 3409 5645 3372 5571 3177 5471  
 3169 5335                                                              
L  2 4   36     0    00    00               2                           
 3169 5335 3753 5354                                                    
L  2 4   37     0    00    00              11                           
 3753 5354 4005 5362 4264 5235 4369 5221 4425 5166 4468 5073 4559 4990  
 4613 4994 4650 5015 4707 5017 4716 4921                                
L  2 5   38     0    00    00               3                           
 3753 5354 3799 5046 3826 4892                                          
L  2 4   39     0    00    00               7                           
 3826 4892 3477 4954 3264 4945 3104 4875 2997 4871 2860 4901 2563 4817  
L  2 5   40     0    00    00               2                           
 4383 4753 4745 4605                                                    
L  2 4   41     0    00    00               3                           
 4745 4605 4962 4594 5950 4856                                          
L  2 5   42     0    00    00               2                           
 1013 5583 1219 5627                                                    
L  2 4   43     0    00    00               3                           
 1219 5627 1161 5310 1102 5135                                          
L  2 4   44     0    00    00               2                           
 1442 5631 1219 5627                                                    
L  2 5   45     0    00    00               4                           
 1442 5631 1673 5558 2026 5271 2448 5388                                
L  2 4   46     0    00    00               4                           
 2448 5388 2449 5490 2475 5590 2927 6365                                
L  2 5   47     0    00    00               2                           
 2592 4634 2563 4817                                                    
L  2 4   48     0    00    00               3                           
 2563 4817 2557 5037 2505 5236                                          
L  2 5   49     0    00    00               3                           
  456 5483  781 5183 1102 5135                                          
L  2 4   50     0    00    00               5                           
 1102 5135 1566 5035 1797 5036 2267 5129 2505 5236                      
H1 7    0    0    0    3    5 0506 0506                                 
P  7 1    1 2667 6000 0 1                                               
01 3 2667 6000              00  à…ç]ë∫                                  
P  7 7    2 2667 5000 0 1                                               
01 3 2667 5000              00  à…ç]ìá                                  
P  753    3 4711 5133 0 0                                               
M 402707íáè@ç™                3   13   83    8    3  322                
H2 1   13   19    8    0  170 0506 0506                                 
N  1 2    1 3617 3772 0 3    1   -2    3    0    0    0    0    0    0  
N  1 1    2 1311    0 1 3   11   -1   17    0    0    0    0    0    0  
N  1 1    310000 2427 1 3   18    2  -10    0    0    0    0    0    0  
N  1 1    4 4994    0 1 3   12   -3  -11    0    0    0    0    0    0  
N  1 1    5 9578    0 1 3   15    4  -14    0    0    0    0    0    0  
N  1 1    610000  893 1 3   10   -4   -9    0    0    0    0    0    0  
N  1 1    7 5188    0 1 3   13    5  -12    0    0    0    0    0    0  
N  1 1    8 5775    0 1 3   14   -5  -13    0    0    0    0    0    0  
N  1 2    9  440 4719 0 2    6   -6    0    0    0    0    0    0    0  
N  1 1   1010000   21 1 3    9    7   -8    0    0    0    0    0    0  
N  1 1   11 9735    0 1 3    8   -7  -15    0    0    0    0    0    0  
N  1 1   12    0 1401 1 3   16   19  -17    0    0    0    0    0    0  
N  1 1   13    0 1473 1 3  -18  -19  -16    0    0    0    0    0    0  
L  1 5    1     0    10    214730899999   277                           
 3617 3772 3613 3775 3571 3772 3507 3757 3483 3757 3481 3765 3449 3843  
 3432 3870 3420 3881 3410 3884 3372 3910 3334 3921 3312 3918 3252 3904  
 3242 3906 3228 3901 3210 3881 3104 3826 3054 3812 3028 3798 3006 3757  
 3004 3739 3008 3709 3003 3692 2983 3671 2957 3646 2925 3621 2925 3608  
 2911 3583 2899 3588 2889 3548 2852 3491 2828 3469 2764 3441 2664 3421  
 2561 3406 2499 3406 2449 3419 2433 3435 2421 3434 2417 3432 2391 3434  
 2359 3455 2349 3469 2354 3531 2364 3558 2368 3575 2358 3594 2346 3607  
 2295 3647 2277 3655 2181 3670 2161 3670 2111 3688 1950 3719 1912 3721  
 1874 3729 1844 3753 1817 3785 1795 3804 1743 3823 1701 3830 1665 3843  
 1636 3870 1602 3943 1594 3986 1585 4002 1563 4002 1563 4005 1539 3996  
 1519 4021 1503 4018 1481 4007 1463 4004 1343 4024 1309 4035 1276 4053  
 1196 4158 1188 4163 1153 4198 1137 4203 1109 4233 1109 4238 1087 4265  
 1036 4362 1020 4405 1027 4454 1021 4476 1007 4475  991 4500  965 4513  
  949 4513  939 4521  877 4534  834 4552  804 4565  780 4592  762 4635  
  701 4656  691 4656  659 4669  629 4693  609 4693  587 4701  573 4709  
  565 4712  547 4703  529 4668  525 4641  517 4579  553 4338  562 4243  
  563 4043  542 3921  479 3706  464 3557  438 3449  425 3421  413 3410  
  385 3416  374 3426  360 3461  344 3496  330 3515  320 3550  309 3553  
  296 3542  292 3523  292 3461  306 3434  310 3434  316 3417  319 3363  
  297 3344  295 3320  311 3271  321 3277  363 3318  383 3326  401 3318  
  407 3310  418 3267  414 3221  368 3136  357 3074  347 3047  337 3044  
  327 3025  323 3028  315 3014  311 2995  297 2952  249 2908  248 2891  
  238 2886  226 2883  216 2850  206 2848  192 2829  180 2788  172 2766  
  160 2766  154 2747  151 2704  143 2687  137 2657  123 2636  113 2617  
  107 2598   93 2576   88 2530   84 2465   76 2456   74 2459   64 2445  
   62 2402   71 2362   69 2343   55 2294   55 2234   48 2207   54 2134  
   38 2117   44 2063   57 2039   74 1896   70 1880   62 1860   60 1842  
   64 1820   78 1790   85 1701   99 1658  123 1631  147 1626  158 1621  
  172 1618  186 1605  190 1607  202 1594  214 1583  216 1586  234 1573  
  246 1559  258 1557  264 1535  274 1513  284 1514  307 1506  325 1490  
  389 1420  400 1382  408 1377  420 1374  434 1358  440 1358  454 1353  
  484 1345  496 1329  516 1313  543 1262  541 1248  541 1229  559 1211  
  577 1195  609 1173  621 1168  640 1144  670 1133  700 1109  728 1063  
  758 1039  758 1042  799 1013  803  999  809  994  849  989  863  997  
  881 1014  893 1016  897 1014  889  995  885  978  891  930  902  878  
  922  822  924  819  932  811  924  795  900  792  878  781  862  772  
  839  672  905  619  934  530  980  500  939  660  943  670  957  692  
  963  692  985  703 1003  709 1005  701 1021  704 1031  698 1037  666  
 1070  545 1091  501 1123  488 1179  478 1203  432 1220  386 1246  316  
 1285  181 1306   46 1304    6 1311    0                                
L  1 5    2     0    31    104730699999   284                           
10000 2427 9997 2441 9987 2457 9959 2478 9937 2486 9839 2507 9768 2517  
 9662 2529 9510 2546 9464 2559 9391 2583 9289 2612 9214 2649 9190 2667  
 9186 2681 9184 2724 9180 2735 9174 2759 9158 2762 9156 2748 9132 2740  
 9064 2734 8977 2746 8881 2778 8811 2801 8716 2855 8668 2870 8608 2908  
 8527 2964 8475 3012 8451 3044 8440 3074 8426 3098 8428 3122 8432 3163  
 8430 3198 8437 3228 8433 3247 8417 3255 8399 3244 8375 3233 8347 3238  
 8329 3246 8319 3248 8309 3243 8285 3245 8275 3237 8263 3234 8251 3223  
 8241 3204 8217 3190 8199 3185 8181 3185 8139 3195 8125 3189 8125 3192  
 8103 3189 8047 3186 8005 3204 7980 3228 7960 3234 7942 3231 7900 3209  
 7886 3184 7879 3160 7879 3114 7903 3071 7909 3068 8017 2771 7985 2747  
 7929 2719 7921 2727 7921 2732 7907 2765 7891 2786 7887 2786 7873 2816  
 7857 2810 7843 2786 7829 2777 7807 2780 7789 2788 7784 2801 7782 2831  
 7762 2882 7746 2904 7732 2909 7694 2928 7659 2976 7621 3000 7595 3005  
 7547 3034 7522 3058 7508 3080 7490 3123 7443 3201 7431 3228 7423 3233  
 7425 3247 7435 3277 7457 3304 7487 3323 7497 3340 7509 3370 7518 3378  
 7531 3381 7532 3400 7546 3440 7564 3516 7576 3525 7586 3527 7606 3538  
 7640 3552 7646 3560 7715 3618 7719 3645 7731 3680 7737 3740 7751 3748  
 7757 3748 7761 3757 7761 3786 7768 3859 7762 3884 7746 3908 7730 3916  
 7710 3929 7702 3929 7678 3934 7654 3929 7634 3909 7618 3888 7602 3879  
 7582 3876 7489 3905 7469 3919 7443 3948 7441 3959 7425 3986 7414 4013  
 7394 4037 7374 4045 7362 4045 7346 4053 7312 4093 7302 4095 7292 4095  
 7261 4130 7233 4133 7219 4132 7091 4183 7077 4190 7058 4215 7036 4269  
 7022 4293 6994 4317 6949 4343 6933 4357 6839 4407 6805 4415 6714 4438  
 6586 4459 6540 4464 6534 4469 6500 4485 6494 4490 6455 4495 6447 4506  
 6401 4516 6359 4521 6349 4521 6347 4513 6333 4497 6295 4483 6287 4474  
 6263 4474 6249 4479 6239 4509 6223 4523 6193 4528 6171 4519 6163 4506  
 6149 4516 6145 4527 6150 4549 6138 4549 6116 4548 6098 4537 6070 4529  
 6048 4504 6031 4488 6023 4461 6013 4404 6019 4363 5999 4325 5998 4295  
 6002 4285 5954 4263 5912 4249 5856 4245 5803 4250 5757 4266 5747 4255  
 5707 4271 5671 4270 5633 4267 5625 4273 5619 4286 5605 4302 5591 4305  
 5571 4304 5553 4293 5555 4272 5539 4247 5505 4225 5487 4187 5459 4173  
 5415 4184 5385 4178 5365 4170 5315 4139 5291 4128 5263 4133 5229 4160  
 5223 4155 5213 4133 5215 4108 5213 4079 5195 4046 5173 4030 5169 4035  
 5151 4035 5137 4021 5131 4007 5087 3999 5037 3996 5023 4001 5001 3995  
 4967 3998 4957 4006 4927 3994 4903 3967 4901 3956 4901 3932 4928 3913  
 4948 3895 4964 3892 4930 3878 4856 3858 4830 3855 4798 3858 4763 3876  
 4729 3873 4701 3865 4689 3873 4695 3903 4695 3919 4686 3997 4668 4065  
 4660 4070 4514 4047 4456 4044 4402 4048 4375 4064 4361 4067 4331 4069  
 4297 4050 4221 4028 4203 4019 4197 3995 4202 3976 4208 3954 4214 3925  
 4208 3887 4194 3870 4158 3843 4108 3823 4032 3812 4008 3811 3944 3824  
 3894 3821 3746 3787 3686 3781 3617 3772                                
L  1 4    3     0    10    414730647308    81                           
 3617 3772 3616 3761 3639 3558 3666 3450 3676 3394 3672 3329 3659 3266  
 3647 3201 3654 3131 3679 2969 3683 2871 3677 2822 3668 2790 3672 2744  
 3682 2682 3687 2652 3675 2544 3660 2422 3660 2395 3735 2219 3748 2190  
 3750 2141 3730 2030 3699 1940 3661 1872 3616 1807 3600 1777 3550 1641  
 3541 1589 3539 1524 3543 1500 3561 1484 3602 1476 3642 1471 3690 1455  
 3712 1453 3770 1467 3812 1468 3840 1462 3892 1441 3951 1423 3985 1407  
 3995 1388 4005 1326 4020 1218 4032 1183 4057 1159 4087 1124 4117 1076  
 4142 1014 4162  935 4170  881 4167  773 4171  749 4181  735 4195  724  
 4208  722 4250  657 4307  582 4381  488 4401  472 4428  462 4486  443  
 4498  438 4518  419 4532  384 4531  338 4515  243 4515  219 4525  197  
 4568  168 4604  136 4648  112 4708   94 4829   79 4861   79 4927   96  
 4939   91 4961   53 4971   40 4994    0                                
L  1 5    4     0    51    614730699999    31                           
 9578    0 9594   87 9608  123 9648  147 9650  166 9642  177 9612  193  
 9602  206 9599  223 9658  231 9679  250 9695  294 9759  343 9777  363  
 9809  406 9823  444 9822  466 9818  487 9818  496 9832  509 9842  523  
 9842  542 9838  558 9836  588 9853  775 9842  829 9842  864 9846  875  
 9920  935 9936  91610000  893                                          
L  1 4    5     0    71    814730647308    26                           
 5188    0 5178   10 5196   26 5226   48 5248   67 5278   70 5314   68  
 5340   71 5352   76 5398   82 5444   75 5466   67 5522   86 5534   81  
 5550   65 5554   57 5574   33 5588   44 5608   49 5648   77 5738   89  
 5749   89 5761   84 5769   59 5771    5 5775    0                      
L  1 5    6     0    90    904730899999    37                           
  440 4719  446 4713  456 4711  464 4721  478 4722  488 4714  507 4714  
  514 4725  528 4733  540 4755  540 4768  522 4782  510 4803  486 4819  
  476 4835  451 4862  441 4886  413 4892  399 4902  389 4937  377 4934  
  369 4937  347 4967  308 4972  290 4993  282 4998  278 4982  291 4939  
  313 4926  327 4901  343 4896  355 4883  365 4853  391 4845  414 4821  
  442 4756  440 4719                                                    
L  1 5    7     0   101   1114720999999    13                           
10000   21 9995   46 9969   37 9941   40 9917   53 9883   90 9861   93  
 9813  100 9791   95 9769   78 9743   43 9733    5 9735    0            
L  1 9    8     9   111   1014720988888     3                           
 9735    010000    010000   21                                          
L  1 9    9     9   101    619999988888     2                           
10000   2110000  893                                                    
L  1 9   10     9    61    314730688888     2                           
10000  89310000 2427                                                    
L  1 9   11     9    21    414730888888     2                           
 1311    0 4994    0                                                    
L  1 9   12     9    41    714730688888     2                           
 4994    0 5188    0                                                    
L  1 9   13     9    71    814730888888     2                           
 5188    0 5775    0                                                    
L  1 9   14     9    81    514730688888     2                           
 5775    0 9578    0                                                    
L  1 9   15     9    51   1119999988888     2                           
 9578    0 9735    0                                                    
L  1 5   16     0   121   1314730899999     3                           
    0 1401   28 1438    0 1473                                          
L  1 9   17     9    21   1218888899999     3                           
 1311    0    0    0    0 1401                                          
L  1 9   18     9    31   1319999988888     4                           
10000 24271000010000    010000    0 1473                                
L  1 9   19     9   121   1318888847308     2                           
    0 1401    0 1473                                                    
A  199999    1 9593 2680   7                                            
    1   17   16  -18    2    0    6                                     
A  147306    2 6874 2188   7                                            
   -2  -10   -4  -14   -5  -12   -3                                     
A  147308    3 1869 2372   3                                            
    3  -11   -1                                                         
A  199999    4 9911  468   4                                            
    4   -9    7  -15                                                    
A  147308    5 5393   44   2                                            
    5  -13                                                              
A  147308    6  412 4854   1                                            
   -6                                                                   
A  147209    7 9836   49   2                                            
   -8   -7                                                              
A  147308    8   14 1438   2                                            
   19  -16                                                              
H1 2    0   64    0    0  144 0506 0506                                 
L  2 4    1     0    00    00              13                           
 2518 3146 2471 3191 2200 3255 2003 3193 1885 3226 1815 3299 1561 3652  
 1373 3726 1154 3708 1091 3745 1006 3848  853 3796  783 3739            
L  2 4    2     0    00    00              13                           
 3319    0 3330   58 3446  128 3507  210 3573  204 3589  311 3638  367  
 3684  347 3690  436 3646  491 3701  584 3700  665 3746  746            
L  2 2    3     0    00    00               4                           
 1319    0 1362  278 1422  441 1464  873                                
L  2 2    4     0    00    00               2                           
 1464  873 1483  956                                                    
L  2 2    5     0    00    00               3                           
 8367 1122 8416  977 8481  892                                          
L  2 3    6     0    00    00               2                           
 8367 1122 8363 1189                                                    
L  2 2    7     0    00    00              10                           
 4464 3541 4561 3480 4799 3389 4937 3199 5112 3109 5266 3107 5449 3188  
 5651 3087 5955 3001 6194 3031                                          
L  2 3    8     0    00    00               6                           
 8196 1464 8184 1315 8143 1199 8161 1057 8097  977 8011  919            
L  2 2    9     0    00    00               4                           
 7912 1442 7990 1403 8095 1454 8196 1464                                
L  2 2   10     0    00    00               4                           
 8196 1464 8242 1444 8254 1322 8367 1122                                
L  2 3   11     1    00    00               2                           
 7939    0 7930  172                                                    
L  2 2   12     0    00    00               4                           
 2518 3146 2622 3202 2979 3291 3064 3326                                
L  2 3   13     0    00    00               3                           
 8019  907 7993  694 8024  652                                          
L  2 3   14     0    00    00               5                           
 8011  919 7975  958 7900 1110 7896 1378 7912 1442                      
L  2 3   15     0    00    00               6                           
 8024  652 8074  646 8092  578 8102  429 8042  381 8003  256            
L  2 3   16     0    00    00               3                           
 8024  652 8040  867 8019  907                                          
L  2 3   17     0    00    00               2                           
 7930  172 7935  292                                                    
L  2 3   18     0    00    00               2                           
 8019  907 8011  919                                                    
L  2 5   19     0    00    00               3                           
  692 4330  732 3875  682 3578                                          
L  2 4   20     0    00    00              14                           
  682 3578  562 3386  519 2809  576 2672  573 2597  340 1971  333 1853  
  368 1738  436 1691  681 1391 1015 1238 1224  923 1294  858 1464  873  
L  2 4   21     0    00    00               2                           
  783 3739  682 3578                                                    
L  2 5   22     0    00    00               4                           
  783 3739 1010 3080 1150 2714 1442 2259                                
L  2 5   23     0    00    00               5                           
 1820    0 1820  421 1873  715 1608  885 1483  956                      
L  2 2   24     0    00    00               4                           
 1483  956 1565 1135 1689 1174 1750 1260                                
L  2 2   25     0    00    00              12                           
 1750 1260 1876 1528 2026 1708 2180 1801 2271 1937 2353 2125 2337 2300  
 2345 2487 2280 2789 2297 2853 2433 3102 2518 3146                      
L  2 5   26     0    00    00               3                           
 1750 1260 2139 1072 2384 1027                                          
L  2 5   27     0    00    00               6                           
 2384 1027 2789  885 3154  867 3393  938 3553  849 3746  746            
L  2 5   28     0    00    00              13                           
 2384 1027 2404 1126 2497 1260 2570 1260 2663 1170 2723 1170 2756 1251  
 2763 1581 2895 1795 2942 2116 3128 2464 3088 3089 3064 3326            
L  2 5   29     0    00    00               5                           
 6293    0 6219  220 6226  338 6354  619 6449  901                      
L  2 2   30     0    00    00               4                           
 7034 2461 7132 2424 7223 2357 7357 2101                                
L  2 2   31     0    00    00               3                           
 6551 2733 6958 2465 7034 2461                                          
L  2 5   32     0    00    00               2                           
 6551 2733 6644 3324                                                    
L  2 2   33     0    00    00               5                           
 7357 2101 7513 1802 7721 1619 7810 1515 7912 1442                      
L  2 3   34     0    00    00               3                           
 7935  292 7939  394 8024  652                                          
L  2 5   35     0    00    00              15                           
 7935  292 7826  338 7792  483 7691  710 7650  774 7448  874 7454  928  
 7569 1001 7562 1082 7448 1101 7211 1028 6989 1082 6685  937 6536  883  
 6449  901                                                              
L  2 5   36     0    00    00               6                           
 6449  901 6543 1654 6570 1799 6786 2108 6928 2244 7034 2461            
L  2 5   37     0    00    00               2                           
 8211 2771 8340 2561                                                    
L  2 3   38     0    00    00               8                           
 8340 2561 8381 2567 9081 2267 9348 2243 9467 2183 9723 2016 9816 1726  
 9859 1664                                                              
L  2 2   39     0    00    00               5                           
 6194 3031 6289 3043 6394 2967 6451 2842 6551 2733                      
L  2 5   40     0    00    00               2                           
 6194 3031 6212 3206                                                    
L  2 5   41     0    00    00               8                           
 6644 3324 6847 3370 6955 3261 7029 3052 7164 2762 7367 2399 7394 2190  
 7357 2101                                                              
L  2 2   42     0    00    00               2                           
 4304 3646 4464 3541                                                    
L  2 5   43     0    00    00               9                           
 4304 3646 4329 3751 4653 3742 4687 3569 5126 3651 5247 3742 5463 3805  
 6125 3588 6212 3206                                                    
L  2 5   44     0    00    00               3                           
 6212 3206 6374 3315 6644 3324                                          
L  2 5   45     0    00    00               2                           
 7935  292 8003  256                                                    
L  2 3   46     0    00    00               3                           
 8003  256 7982  191 8040    0                                          
L  2 2   47     0    00    00               5                           
 8495  742 8492  681 8447  501 8478  294 8414    0                      
L  2 5   48     0    00    00               5                           
 8495  742 8676  763 8920  721 9185  775 9521  746                      
L  2 3   49     0    00    00               3                           
 9923 1252 9922 1212 9890  996                                          
L  2 5   50     0    00    00               2                           
10000 1210 9923 1252                                                    
L  2 5   51     0    00    00               2                           
 9897  771 9890  996                                                    
L  2 3   52     0    00    00               4                           
 9859 1664 9916 1582 9928 1512 9923 1252                                
L  2 5   53     0    00    00               7                           
 9859 1664 9789 1608 9509 1542 9333 1422 9068 1376 8818 1190 8624 1107  
L  2 3   54     0    00    00               3                           
 8363 1189 8285 2356 8340 2561                                          
L  2 2   55     0    00    00               3                           
 8481  892 8500  866 8495  742                                          
L  2 5   56     0    00    00               2                           
 8481  892 8624 1107                                                    
L  2 5   57     0    00    00               2                           
 8624 1107 8363 1189                                                    
L  2 5   58     0    00    00               4                           
 9521  746 9703 1094 9854 1243 9923 1252                                
L  2 5   59     0    00    00               6                           
 9521  746 9435  526 9324  402 9231  352 9058  149 9001    0            
L  2 4   60     0    00    00              17                           
 4571 2084 4416 2300 4346 2407 4243 2564 4195 2650 4168 2745 4167 2865  
 4157 2914 4129 3020 4129 3084 4134 3146 4129 3265 4136 3330 4136 3425  
 4161 3537 4205 3621 4222 3693                                          
L  2 4   61     0    00    00              12                           
 3746  746 3809  856 3813  925 3941 1130 4070 1226 4349 1243 4457 1412  
 4457 1531 4579 1683 4624 1804 4620 1989 4571 2084                      
L  2 4   62     0    00    00              11                           
 4571 2084 4607 2257 4448 2408 4443 2597 4385 2665 4302 2892 4325 2933  
 4299 3156 4406 3400 4407 3440 4464 3541                                
L  2 2   63     0    00    00               8                           
 3064 3326 3256 3406 3437 3575 3552 3556 3674 3621 3917 3639 4172 3697  
 4222 3693                                                              
L  2 2   64     0    00    00               2                           
 4222 3693 4304 3646                                                    
H1 7    0    0    0    3    5 0506 0506                                 
P  7 1    1 7333 2000 0 1                                               
01 4 7333 2000              00  ç°ãAêmë∫                                
P  7 6    2  331 4937 0 1                                               
01 3  331 4937              00  îıê£çË                                  
P  753    3 7977 1433 0 0                                               
M 402727à…ê•ñºìá              2    6   11    6    0   81                
H2 1    6    7    6    0   69 0506 0506                                 
N  1 2    1 3576 7720 0 2    1   -1    0    0    0    0    0    0    0  
N  1 2    2 3572 8660 0 2    2   -2    0    0    0    0    0    0    0  
N  1 2    3 4207 7832 0 2    3   -3    0    0    0    0    0    0    0  
N  1 2    4 6845 9841 0 2    4   -4    0    0    0    0    0    0    0  
N  1 1    5 382910000 1 3    5    6    7    0    0    0    0    0    0  
N  1 1    6 624210000 1 3   -6   -7   -5    0    0    0    0    0    0  
L  1 5    1     0    10    104736099999    14                           
 3576 7720 3558 7716 3556 7686 3559 7667 3565 7653 3573 7645 3593 7649  
 3600 7666 3617 7664 3619 7677 3599 7694 3594 7713 3589 7719 3576 7720  
L  1 5    2     0    20    204736099999    11                           
 3572 8660 3566 8677 3561 8680 3532 8667 3522 8666 3517 8656 3535 8617  
 3545 8604 3565 8603 3575 8615 3572 8660                                
L  1 5    3     0    30    304736099999   101                           
 4207 7832 4177 7828 4147 7820 4008 7829 3961 7828 3937 7834 3911 7830  
 3847 7807 3795 7779 3783 7769 3769 7727 3769 7686 3777 7659 3818 7580  
 3863 7467 3895 7329 3910 7220 3912 7181 3894 7104 3856 7041 3854 7030  
 3856 7000 3864 6957 3864 6921 3843 6899 3841 6881 3844 6869 3856 6858  
 3872 6851 3905 6846 3939 6818 3957 6813 3989 6814 4008 6809 4023 6783  
 4049 6776 4067 6784 4084 6786 4253 6711 4281 6695 4371 6621 4402 6591  
 4502 6511 4537 6505 4563 6509 4591 6521 4613 6537 4664 6601 4711 6677  
 4780 6769 4806 6799 4834 6822 4847 6838 4831 6815 4807 6795 4835 6816  
 4859 6858 4854 6869 4812 6890 4767 6924 4741 6935 4693 6936 4622 6917  
 4466 6931 4437 6941 4403 6960 4359 7011 4339 7053 4279 7222 4258 7311  
 4247 7367 4244 7402 4246 7446 4265 7532 4285 7616 4285 7644 4278 7701  
 4286 7707 4304 7698 4347 7653 4403 7606 4422 7593 4447 7588 4457 7590  
 4481 7600 4538 7651 4556 7671 4581 7714 4565 7737 4547 7746 4525 7743  
 4513 7733 4497 7704 4464 7682 4417 7693 4390 7695 4370 7710 4325 7755  
 4273 7787 4220 7830 4207 7832                                          
L  1 5    4     0    40    404736099999    29                           
 6845 9841 6833 9840 6818 9863 6810 9866 6800 9843 6788 9837 6772 9838  
 6754 9822 6747 9799 6745 9743 6755 9727 6762 9723 6778 9727 6805 9745  
 6809 9755 6808 9772 6803 9784 6804 9789 6810 9790 6833 9767 6851 9765  
 6872 9773 6896 9793 6901 9811 6900 9831 6893 9840 6868 9824 6856 9841  
 6845 9841                                                              
L  1 5    5     0    51    614736099999   125                           
 382910000 3859 9947 3868 9871 3867 9828 3916 9802 3937 9784 3961 9749  
 3968 9727 3940 9705 3944 9688 3952 9678 3988 9698 4007 9698 4018 9692  
 4031 9696 4050 9725 4065 9728 4112 9706 4154 9711 4168 9715 4197 9707  
 4252 9679 4315 9615 4370 9549 4389 9516 4425 9431 4484 9323 4527 9248  
 4521 9228 4544 9175 4551 9149 4603 9154 4691 9177 4736 9190 4757 9210  
 4794 9232 4843 9247 4995 9272 5050 9271 5118 9262 5151 9250 5158 9240  
 5154 9210 5158 9174 5148 9156 5166 9119 5164 9110 5200 9046 5263 8967  
 5258 8910 5259 8860 5263 8842 5279 8815 5284 8813 5313 8850 5326 8890  
 5339 8918 5399 8971 5420 8985 5461 8994 5490 8975 5519 8975 5541 8983  
 5567 8997 5618 9048 5685 9106 5703 9124 5730 9136 5760 9137 5783 9132  
 5816 9112 5826 9066 5841 9090 5844 9138 5855 9153 5874 9162 5926 9159  
 5930 9152 5936 9118 5943 9102 5983 9090 5994 9115 6017 9143 6058 9172  
 6079 9175 6094 9172 6100 9168 6107 9131 6119 9128 6126 9143 6127 9173  
 6134 9178 6172 9165 6212 9131 6232 9126 6262 9159 6334 9160 6351 9166  
 6371 9181 6380 9205 6414 9231 6461 9240 6473 9269 6470 9322 6473 9344  
 6443 9443 6402 9521 6391 9533 6380 9530 6372 9513 6363 9507 6344 9523  
 6308 9583 6283 9663 6258 9801 6253 9857 6254 9899 6259 9935 6267 9950  
 6283 9961 6287 9984 6279 9997 6259 9985 6249 9990 624210000            
L  1 9    6     9    51    619999988888     6                           
 382910000    010000    0    010000    01000010000 624210000            
L  1 9    7     9    51    618888847360     2                           
 382910000 624210000                                                    
A  147360    1 3585 7682   1                                            
   -1                                                                   
A  147360    2 3548 8642   1                                            
   -2                                                                   
A  147360    3 4103 7170   1                                            
   -3                                                                   
A  147360    4 6822 9794   1                                            
   -4                                                                   
A  199999    5 7071 8208  10                                            
    5   -6    0    1    0    2    0    3    0    4                      
A  147360    6 5446 9406   2                                            
    7   -5                                                              
H1 2    0    4    0    0   10 0506 0506                                 
L  2 4    1     0    00    00               2                           
 4963 9274 4965 9332                                                    
L  2 5    2     0    00    00              11                           
 602510000 6117 9563 6134 9352 6022 9172 5854 9127 5748 9157 5659 9217  
 5508 8999 5402 8999 5234 9164 4963 9274                                
L  2 5    3     0    00    00               8                           
 392210000 3926 9967 4007 9784 4094 9687 4387 9629 4723 9387 4813 9348  
 4965 9332                                                              
L  2 4    4     0    00    00               3                           
 4965 9332 5126 9974 515710000                                          
M 402737à…ê•ñºìá              3   11   40   10    3  211                
H2 1   11   13   10    0  143 0506 0506                                 
N  1 2    1 3086 9024 0 2    1   -1    0    0    0    0    0    0    0  
N  1 2    2 3164 8654 0 2    2   -2    0    0    0    0    0    0    0  
N  1 2    3 4155 9520 0 2    3   -3    0    0    0    0    0    0    0  
N  1 2    4 4087 9906 0 2    4   -4    0    0    0    0    0    0    0  
N  1 2    5 6207 7814 0 2    5   -5    0    0    0    0    0    0    0  
N  1 2    6 6665 6647 0 2    6   -6    0    0    0    0    0    0    0  
N  1 2    7 6300 7328 0 2    7   -7    0    0    0    0    0    0    0  
N  1 1    8 6242    0 1 3    8  -13   10    0    0    0    0    0    0  
N  1 1    9 3829    0 1 3   13   -8   11    0    0    0    0    0    0  
N  1 1   10 518510000 1 3   12  -11    9    0    0    0    0    0    0  
N  1 1   11 534110000 1 3  -10  -12   -9    0    0    0    0    0    0  
L  1 5    1     0    10    104735999999    22                           
 3086 9024 3078 9027 3070 9008 3068 8932 3060 8932 3056 8921 3046 8918  
 3032 8929 3022 8948 3006 8956 3000 8947 3010 8893 3020 8864 3043 8794  
 3061 8764 3075 8759 3085 8767 3093 8797 3087 8870 3100 8946 3102 8984  
 3086 9024                                                              
L  1 5    2     0    20    204735999999    16                           
 3164 8654 3160 8654 3162 8651 3180 8657 3188 8679 3169 8798 3161 8827  
 3147 8843 3137 8846 3111 8821 3111 8802 3117 8775 3126 8713 3136 8673  
 3148 8657 3164 8654                                                    
L  1 5    3     0    30    304735999999   112                           
 4155 9520 4123 9563 4038 9716 3993 9789 3987 9792 3981 9789 3990 9678  
 3988 9645 3980 9613 3970 9599 3954 9580 3947 9545 3935 9526 3915 9504  
 3891 9485 3847 9473 3825 9478 3803 9500 3791 9492 3777 9470 3761 9437  
 3729 9402 3681 9352 3637 9320 3601 9298 3579 9289 3563 9270 3549 9264  
 3539 9264 3529 9259 3517 9245 3505 9237 3479 9245 3475 9247 3467 9237  
 3463 9218 3443 9215 3437 9193 3414 9176 3399 9176 3387 9171 3374 9144  
 3340 9140 3324 9135 3314 9124 3306 9124 3265 9175 3261 9213 3243 9221  
 3233 9218 3223 9199 3217 9147 3232 9042 3226 9023 3212 9017 3206 9017  
 3194 9014 3182 9003 3176 8976 3178 8930 3195 8898 3243 8834 3253 8807  
 3274 8715 3280 8669 3311 8607 3347 8561 3387 8537 3468 8454 3551 8409  
 3583 8398 3595 8388 3607 8364 3615 8356 3635 8350 3653 8334 3682 8307  
 3712 8286 3780 8254 3806 8249 3826 8252 3856 8288 3882 8331 3878 8334  
 3935 8443 3979 8516 4017 8587 4041 8617 4112 8683 4128 8702 4144 8737  
 4152 8770 4152 8792 4165 8846 4149 8957 4151 8986 4162 9022 4192 9068  
 4240 9120 4262 9196 4281 9221 4323 9256 4327 9270 4375 9327 4379 9338  
 4377 9354 4353 9370 4302 9391 4282 9407 4236 9456 4159 9520 4155 9520  
L  1 5    4     0    40    404735999999    19                           
 4087 9906 4085 9904 4065 9898 4057 9892 4053 9882 4053 9868 4057 9854  
 4065 9844 4090 9771 4098 9752 4120 9731 4132 9725 4142 9725 4144 9753  
 4132 9801 4113 9836 4097 9887 4087 9898 4087 9906                      
L  1 5    5     0    50    504736099999    11                           
 6207 7814 6209 7819 6205 7833 6155 7835 6149 7811 6155 7792 6163 7786  
 6193 7803 6207 7806 6211 7817 6207 7814                                
L  1 5    6     0    60    604736099999   100                           
 6665 6647 6659 6647 6587 6632 6543 6626 6523 6632 6499 6645 6487 6656  
 6492 6672 6492 6688 6498 6688 6510 6702 6512 6713 6510 6732 6496 6737  
 6480 6729 6450 6709 6434 6709 6428 6706 6424 6696 6416 6690 6384 6695  
 6350 6708 6314 6738 6279 6770 6241 6778 6177 6777 6141 6787 6119 6784  
 6097 6798 5976 6799 5970 6802 5974 6894 6018 6965 6017 6989 5969 6994  
 5956 6804 5938 6804 5878 6825 5824 6846 5786 6870 5749 6881 5699 6875  
 5671 6866 5621 6847 5541 6824 5517 6832 5505 6824 5495 6816 5483 6791  
 5469 6753 5457 6748 5458 6710 5468 6686 5508 6648 5524 6635 5544 6635  
 5592 6703 5604 6741 5620 6749 5658 6747 5724 6721 5759 6689 5785 6673  
 5817 6635 5848 6568 5878 6495 5918 6444 5957 6412 5995 6385 6021 6356  
 6041 6342 6047 6340 6067 6351 6120 6335 6164 6333 6192 6336 6236 6344  
 6302 6351 6462 6336 6506 6339 6545 6348 6599 6364 6657 6376 6763 6388  
 6779 6404 6791 6429 6800 6464 6818 6489 6852 6502 6902 6508 6906 6511  
 6916 6533 6912 6541 6896 6549 6874 6549 6836 6570 6794 6607 6775 6618  
 6747 6631 6665 6647                                                    
L  1 5    7     0    70    704736099999    17                           
 6300 7328 6300 7336 6284 7344 6278 7357 6270 7363 6262 7352 6250 7352  
 6248 7346 6236 7343 6226 7313 6232 7292 6256 7287 6282 7298 6292 7317  
 6298 7320 6298 7328 6300 7328                                          
L  1 5    8     0    81    914736099999   306                           
 6242    0 6232   18 6205  102 6197  140 6176  286 6172  391 6200  400  
 6211  503 6275  498 6279  549 6237  562 6235  546 6187  551 6184  630  
 6188  654 6214  654 6215  763 6185  765 6187  819 6193  868 6252 1063  
 6258 1085 6297 1167 6323 1194 6341 1240 6377 1268 6390 1319 6426 1374  
 6454 1407 6468 1415 6482 1442 6486 1458 6519 1535 6623 1676 6655 1709  
 6671 1720 6685 1723 6695 1721 6707 1707 6721 1702 6737 1707 6741 1716  
 6739 1716 6741 1729 6718 1805 6703 1937 6711 2064 6728 2154 6732 2200  
 6719 2303 6696 2443 6688 2530 6687 2595 6691 2730 6652 2873 6621 2930  
 6607 2978 6595 3027 6556 3056 6480 3110 6474 3123 6452 3150 6439 3152  
 6407 3174 6329 3197 6279 3229 6226 3285 6160 3369 6103 3449 6024 3576  
 6018 3592 6016 3643 6012 3654 6003 3662 5979 3656 5949 3659 5937 3653  
 5927 3640 5916 3596 5904 3585 5856 3587 5817 3609 5809 3617 5805 3636  
 5809 3657 5811 3695 5807 3722 5790 3746 5768 3762 5732 3776 5680 3789  
 5616 3791 5566 3787 5534 3790 5513 3808 5441 3894 5392 3970 5309 4077  
 5257 4133 5229 4160 5217 4184 5216 4201 5194 4217 5166 4222 5144 4221  
 5126 4175 5099 4134 5091 4113 5085 4069 5085 4029 5071 3985 5026 3925  
 4998 3898 4960 3868 4870 3810 4756 3757 4742 3749 4728 3735 4654 3691  
 4600 3666 4532 3657 4446 3624 4416 3618 4420 3637 4418 3653 4402 3645  
 4378 3599 4358 3577 4296 3557 4228 3554 4112 3509 4091 3441 4081 3414  
 4067 3392 4021 3343 3963 3302 3889 3269 3839 3257 3809 3254 3795 3260  
 3775 3281 3745 3286 3723 3275 3669 3207 3657 3174 3639 3144 3616 3117  
 3592 3100 3562 3087 3536 3065 3508 3035 3498 3029 3490 3037 3484 3040  
 3470 2996 3476 2920 3489 2864 3489 2837 3463 2753 3430 2728 3414 2692  
 3398 2679 3398 2665 3404 2638 3418 2625 3428 2606 3445 2536 3457 2514  
 3477 2504 3491 2479 3513 2469 3533 2466 3551 2453 3565 2458 3586 2459  
 3630 2435 3650 2421 3672 2381 3680 2376 3696 2384 3718 2390 3730 2384  
 3740 2368 3737 2328 3741 2255 3739 2233 3733 2217 3721 2206 3707 2208  
 3667 2281 3639 2313 3610 2318 3582 2312 3562 2296 3519 2244 3477 2179  
 3455 2154 3431 2143 3415 2148 3369 2221 3352 2240 3336 2248 3292 2247  
 3248 2236 3227 2154 3209 2122 3165 2083 3143 2070 3117 2039 3105 2010  
 3103 1988 3112 1964 3130 1929 3150 1899 3195 1810 3219 1773 3235 1710  
 3286 1676 3306 1668 3342 1660 3358 1668 3384 1728 3402 1737 3464 1751  
 3500 1754 3538 1752 3588 1760 3606 1771 3642 1810 3698 1845 3748 1868  
 3832 1896 3868 1766 3886 1766 3891 1736 3881 1723 3859 1706 3867 1679  
 3857 1682 3805 1638 3795 1619 3793 1595 3799 1565 3826 1489 3844 1446  
 3893 1363 3921 1295 3922 1220 3910 1187 3904 1179 3860 1154 3844 1124  
 3835 1073 3825  970 3820  818 3812  772 3796  755 3776  747 3755  728  
 3743  706 3743  695 3763  612 3762  566 3746  538 3730  525 3706  524  
 3688  519 3670  500 3682  467 3694  462 3700  462 3726  478 3742  471  
 3750  463 3754  433 3751  400 3727  340 3709  308 3699  300 3685  302  
 3669  291 3641  250 3643  223 3662  210 3678  215 3707  259 3721  251  
 3722  232 3726  227 3724  208 3734  189 3760  189 3784  192 3788  162  
 3786  135 3778  127 3756  135 3744  129 3738  105 3722   94 3715   75  
 3717   59 3729   48 3773   49 3803   33 3829    0                      
L  1 5    9     0   101   1114735999999    27                           
 518510000 5182 9788 5175 9704 5165 9649 5122 9497 5092 9427 5009 9309  
 4899 9208 4869 9186 4811 9153 4809 9137 4832 9083 4844 9056 4866 8983  
 4881 8953 4895 8932 4923 8902 4949 8911 4967 8924 5017 8993 5058 9074  
 5096 9213 5146 9430 5229 9688 5245 9729 5268 9816 534110000            
L  1 9   10     9    81   1119999988888     4                           
 6242    010000    01000010000 534110000                                
L  1 9   11     9    91   1018888899999     4                           
 3829    0    0    0    010000 518510000                                
L  1 9   12     9   101   1118888847359     2                           
 518510000 534110000                                                    
L  1 9   13     9    91    814736088888     2                           
 3829    0 6242    0                                                    
A  147359    1 3050 8894   1                                            
   -1                                                                   
A  147359    2 3149 8748   1                                            
   -2                                                                   
A  147359    3 3692 9021   1                                            
   -3                                                                   
A  147359    4 4100 9814   1                                            
   -4                                                                   
A  147360    5 6179 7810   1                                            
   -5                                                                   
A  147360    6 6144 6655   1                                            
   -6                                                                   
A  147360    7 6264 7325   1                                            
   -7                                                                   
A  199999    8 8282 5064  18                                            
    8   11    9  -10    0    1    0    2    0    3    0    4    0    5  
    0    6    0    7                                                    
A  147360    9 5078 2143   2                                            
  -13   -8                                                              
A  147359   10 5126 9446   2                                            
   12   -9                                                              
H1 2    0   27    0    0   60 0506 0506                                 
L  2 4    1     0    00    00               3                           
 3916 1496 3957 1497 4028 1533                                          
L  2 4    2     0    00    00               7                           
 4101 8727 4053 8900 4087 8935 4130 8951 4151 9082 4230 9148 4234 9204  
L  2 4    3     0    00    00              17                           
 4028 1533 4092 1522 4135 1358 4172 1360 4311 1319 4298 1189 4399 1092  
 4428 1033 4507  993 4631 1014 4704  966 4778  962 4878  983 5002 1082  
 5172 1098 5274 1039 5418 1026                                          
L  2 5    4     0    00    00               8                           
 4028 1533 4008 1800 3942 2110 3901 2585 4049 2740 4098 2995 4411 3272  
 4773 3404                                                              
L  2 5    5     0    00    00               3                           
 6230 1319 6238 1136 6008 1043                                          
L  2 4    6     0    00    00               4                           
 6045 1415 6204 1493 6232 1456 6230 1319                                
L  2 5    7     0    00    00               7                           
 6045 1415 6057 1722 6082 1921 5802 2430 5720 2796 5572 2962 5498 3393  
L  2 5    8     0    00    00               7                           
 5498 3393 5695 3338 6419 2862 6543 2574 6559 2010 6370 1512 6230 1319  
L  2 5    9     0    00    00               4                           
 4773 3404 5111 3626 5382 3415 5498 3393                                
L  2 5   10     0    00    00               7                           
 4773 3404 5144 2563 5226 2287 5399 2154 5613 1711 5728 1556 5715 1213  
L  2 4   11     0    00    00               2                           
 5715 1213 5751 1196                                                    
L  2 4   12     0    00    00               5                           
 5751 1196 5855 1295 5892 1358 5999 1411 6045 1415                      
L  2 5   13     0    00    00               3                           
 5751 1196 5783 1102 6008 1043                                          
L  2 5   14     0    00    00               3                           
 6008 1043 6008 1335 6045 1415                                          
L  2 5   15     0    00    00               2                           
 6008 1043 6006  761                                                    
L  2 4   16     0    00    00               4                           
 6006  761 6107  703 6148  644 6158  568                                
L  2 5   17     0    00    00               2                           
 6006  761 6012  479                                                    
L  2 4   18     0    00    00               4                           
 5414  849 5474  925 5969  780 6006  761                                
L  2 5   19     0    00    00               2                           
 5414  849 5418 1026                                                    
L  2 4   20     0    00    00               5                           
 5418 1026 5490 1020 5526 1052 5590 1201 5715 1213                      
L  2 5   21     0    00    00               6                           
 6012  479 5908  473 5810  359 5481  372 5393  397 5349  440            
L  2 4   22     0    00    00               4                           
 5349  440 5410  538 5436  696 5414  849                                
L  2 5   23     0    00    00              12                           
 4234 9204 4018 9256 3913 9197 3808 8922 3509 8811 3504 8714 3609 8566  
 3703 8306 3819 8268 4012 8506 4034 8692 4101 8727                      
L  2 5   24     0    00    00               3                           
 6012  479 6017   36 6025    0                                          
L  2 5   25     0    00    00               8                           
 3916 1496 4022 1046 4013  922 3987  820 4025  665 3938  240 3909   96  
 3922    0                                                              
L  2 4   26     0    00    00               7                           
 5157    0 5187   25 5227  194 5218  267 5232  354 5268  407 5349  440  
L  2 4   27     0    00    00               9                           
 4234 9204 4287 9269 4311 9340 4395 9375 4926 9195 4999 9251 5060 9327  
 5194 9614 526410000                                                    
H1 7    0    0    0    3    5 0506 0506                                 
P  7 1    1 4667 2000 0 1                                               
01 4 4667 2000              00  à…ê•ñºë∫                                
P  7 7    2 5000  510 0 1                                               
01 4 5000  510              00  à…ê•ñºìá                                
P  753    3 5444  933 0 0                                               
M 402747à…ïΩâÆìáìÏïî          3    6   22    4    3  121                
H2 1    6    9    4    0   79 0506 0506                                 
N  1 1    110000 6633 1 3    2   -5   -6    0    0    0    0    0    0  
N  1 1    210000 6979 1 3    3    1   -2    0    0    0    0    0    0  
N  1 1    310000 7713 1 3    7   -1   -3    0    0    0    0    0    0  
N  1 1    4 977610000 1 3   -7   -8    4    0    0    0    0    0    0  
N  1 1    5 5185    0 1 3    9   -4    8    0    0    0    0    0    0  
N  1 1    6 5341    0 1 3    6    5   -9    0    0    0    0    0    0  
L  1 5    1     0    21    314735999999    17                           
10000 6979 9957 7006 9929 7033 9918 7081 9893 7238 9887 7314 9892 7454  
 9910 7520 9929 7569 9943 7615 9953 7663 9953 7699 9939 7717 9922 7750  
 9920 7761 9942 775510000 7713                                          
L  1 9    2     9    11    214735988888     2                           
10000 663310000 6979                                                    
L  1 9    3     9    21    319999988888     2                           
10000 697910000 7713                                                    
L  1 5    4     0    41    514735999999   158                           
 977610000 9746 9891 9730 9794 9716 9737 9675 9623 9556 9427 9494 9334  
 9472 9315 9422 9279 9406 9265 9396 9244 9365 9116 9322 8999 9306 8904  
 9291 8828 9249 8722 9194 8608 9130 8499 9070 8418 8995 8325 8921 8224  
 8849 8139 8722 7984 8708 7970 8594 7896 8485 7811 8461 7797 8440 7794  
 8429 7778 8397 7726 8359 7685 8303 7652 8263 7611 8195 7556 8139 7531  
 8107 7522 8095 7525 8089 7530 8087 7547 8079 7560 8069 7541 8043 7473  
 7994 7408 7922 7282 7896 7258 7855 7200 7817 7168 7775 7140 7755 7113  
 7743 7077 7735 7029 7724 6985 7660 6838 7627 6760 7633 6738 7649 6722  
 7649 6679 7639 6624 7602 6543 7411 6230 7324 6107 7252 5992 7171 5878  
 7097 5809 7041 5752 6972 5621 6946 5570 6851 5447 6791 5378 6747 5346  
 6717 5310 6683 5288 6669 5272 6653 5234 6631 5220 6619 5217 6598 5200  
 6570 5151 6562 5127 6482 5040 6414 4993 6362 4954 6330 4938 6308 4932  
 6286 4935 6274 4943 6260 4940 6252 4926 6247 4891 6237 4880 6209 4882  
 6195 4858 6191 4831 6205 4820 6219 4823 6215 4793 6199 4728 6182 4684  
 6128 4611 6086 4532 5933 4094 5917 4065 5895 3983 5896 3918 5910 3799  
 5915 3783 5889 3701 5839 3593 5802 3527 5750 3462 5736 3448 5712 3386  
 5695 3356 5661 3312 5645 3301 5633 3285 5573 3168 5518 3086 5488 3023  
 5462 2999 5446 2969 5417 2920 5347 2832 5321 2797 5287 2758 5256 2712  
 5220 2647 5140 2543 5079 2494 5053 2477 4953 2349 4887 2283 4834 2239  
 4818 2220 4794 2166 4767 2046 4747 1930 4733 1886 4726 1859 4724 1821  
 4724 1726 4728 1467 4735 1258 4748 1185 4799 1059 4825 1016 4841  956  
 4856  881 4866  851 4919  759 4959  708 5016  641 5046  596 5082  553  
 5151  453 5167  421 5176  348 5185    0                                
L  1 5    5     0    61    114735999999   166                           
 5341    0 5362   68 5381  166 5397  285 5402  386 5393  491 5391  613  
 5411  803 5451 1163 5464 1358 5480 1429 5496 1469 5512 1494 5564 1566  
 5630 1484 5717 1600 5733 1632 5725 1645 5723 1642 5721 1645 5763 1705  
 5714 1775 5734 1797 5900 1939 5926 1956 5968 1962 6002 1959 6016 1973  
 6020 1968 6072 1974 6130 2015 6207 2081 6243 2095 6299 2130 6319 2136  
 6349 2142 6421 2159 6533 2203 6573 2215 6615 2218 6636 2213 6666 2197  
 6710 2170 6740 2146 6797 2109 6718 2170 6752 2149 6853 2080 6899 2072  
 6925 2080 6993 2124 7025 2152 7073 2179 7103 2182 7153 2175 7179 2167  
 7211 2156 7221 2159 7233 2173 7293 2257 7336 2334 7368 2375 7396 2405  
 7410 2432 7416 2456 7455 2533 7481 2563 7485 2573 7481 2598 7475 2619  
 7471 2657 7472 2703 7484 2744 7500 2785 7506 2820 7495 2869 7503 3007  
 7494 3050 7486 3047 7445 3012 7423 2976 7403 2949 7389 2943 7355 2946  
 7317 2961 7352 3002 7328 3048 7340 3070 7287 3143 7232 3093 7219 3172  
 7216 3266 7210 3307 7210 3385 7227 3480 7239 3526 7253 3562 7338 3717  
 7360 3731 7372 3752 7382 3777 7404 3799 7432 3815 7462 3856 7503 3946  
 7529 3984 7555 4014 7581 4039 7655 3948 7695 3999 7707 3986 7766 4073  
 7803 4133 7736 4206 7758 4227 7824 4272 7853 4249 7879 4299 7974 4346  
 8052 4374 8090 4391 8262 4455 8386 4491 8462 4503 8492 4498 8512 4482  
 8530 4460 8563 4369 8581 4347 8605 4331 8655 4334 8709 4354 8733 4352  
 8768 4341 8808 4344 8838 4358 8870 4377 8967 4487 9023 4533 9077 4572  
 9209 4646 9299 4723 9325 4739 9359 4751 9398 4773 9448 4814 9452 4822  
 9468 4909 9493 4982 9586 5216 9602 5251 9622 5335 9689 5485 9746 5634  
 9772 5683 9786 5727 9816 5795 9825 5846 9825 5887 9833 5941 9834 5995  
 9848 6060 9899 6318 9950 6527 9973 658710000 6633                      
L  1 9    6     9    61    119999988888     3                           
 5341    010000    010000 6633                                          
L  1 9    7     9    31    414735988888     3                           
10000 77131000010000 977610000                                          
L  1 9    8     9    51    418888899999     4                           
 5185    0    0    0    010000 977610000                                
L  1 9    9     9    51    614735988888     2                           
 5185    0 5341    0                                                    
A  147359    1 7955 4992   6                                            
   -5   -9   -4   -7   -1   -2                                          
A  199999    2 8605 3306   2                                            
   -6    5                                                              
A  199999    3 9945 7371   2                                            
    1   -3                                                              
A  199999    4 3281 5128   2                                            
    4    8                                                              
H1 2    0   13    0    0   34 0506 0506                                 
L  2 5    1     0    00    00               9                           
10000 9973 9937 9927 9851 9518 9613 9211 9489 8980 9337 8481 8975 7969  
 8518 7496 8433 7073                                                    
L  2 4    2     0    00    00              20                           
 5514 1559 5755 1837 5946 1980 6004 1984 6057 2028 6122 2027 6187 2086  
 6329 2164 6386 2170 6613 2264 6743 2193 6852 2110 6894 2104 7049 2205  
 7188 2240 7282 2476 7312 2590 7264 2957 7179 3169 7169 3366            
L  2 5    3     0    00    00               8                           
 6120 3835 6062 3566 5967 3361 5425 2529 5377 2312 5339 1953 5377 1838  
 5514 1559                                                              
L  2 5    4     0    00    00               7                           
 6120 3835 6262 3861 6462 3886 6738 3707 6833 3579 7109 3464 7169 3366  
L  2 4    5     0    00    00              10                           
 7169 3366 7262 3651 7297 3711 7357 3760 7392 3824 7445 3846 7533 4035  
 7767 4325 7811 4355 8097 4450                                          
L  2 5    6     0    00    00              13                           
 8433 7073 8299 7150 8204 7163 7985 6920 7890 6868 7585 6024 7528 5934  
 7224 5716 7129 5550 6748 5038 6453 4731 6262 4360 6120 3835            
L  2 5    7     0    00    00               7                           
 8433 7073 8547 6856 8395 6484 8395 6011 8223 5691 8128 5281 8130 4635  
L  2 4    8     0    00    00               8                           
 8130 4635 8506 5505 8707 5861 8757 5897 8963 6381 8973 6546 9020 6641  
 9084 6852                                                              
L  2 4    9     0    00    00               2                           
 8097 4450 8130 4635                                                    
L  2 5   10     0    00    00              14                           
 8097 4450 8385 4526 8671 4501 8880 4552 9213 4603 9508 4974 9641 5460  
 9794 5780 9841 6280 9937 6625 9908 6753 9832 6779 9670 6715 9584 6907  
L  2 5   11     0    00    00               3                           
 9584 6907 9470 6907 9084 6852                                          
L  2 5   12     0    00    00               4                           
 9584 6907 9746 7380 9813 779010000 8126                                
L  2 4   13     0    00    00               7                           
 5264    0 5297  179 5323  539 5389  888 5428 1198 5438 1432 5514 1559  
H1 7    0    0    0    3    5 0506 0506                                 
P  7 1    1 7333 5431 0 1                                               
01 4 7333 5431              00  à…ïΩâÆë∫                                
P  7 7    2 7033 4000 0 1                                               
01 4 7033 4000              00  à…ïΩâÆìá                                
P  753    3 7622 4233 0 0                                               
M 402757à…ïΩâÆìáñkïî          1    3    4    3    0   22                
H2 1    3    4    3    0   21 0506 0506                                 
N  1 2    1 9862  488 0 2    1   -1    0    0    0    0    0    0    0  
N  1 1    210000  201 1 3    2   -3   -4    0    0    0    0    0    0  
N  1 1    3 9776    0 1 3    4   -2    3    0    0    0    0    0    0  
L  1 5    1     0    10    104735999999    20                           
 9862  488 9860  486 9854  510 9854  549 9849  561 9844  561 9814  534  
 9794  538 9774  531 9770  527 9762  503 9761  468 9768  449 9774  443  
 9786  439 9792  415 9812  412 9832  427 9857  465 9862  488            
L  1 5    2     0    21    314735999999    15                           
10000  201 9978  198 9963  199 9960  211 9951  217 9930  211 9913  221  
 9875  235 9840  255 9832  231 9812  223 9810  209 9814  186 9816  133  
 9776    0                                                              
L  1 9    3     9    31    218888899999     5                           
 9776    0    0    0    010000100001000010000  201                      
L  1 9    4     9    31    214735988888     3                           
 9776    010000    010000  201                                          
A  147359    1 9811  486   1                                            
   -1                                                                   
A  199999    2 5000 4715   4                                            
    2    3    0    1                                                    
A  147359    3 9908  130   2                                            
   -4   -2                                                              
