M 404200ïÍìáñkïî              1   18   25   12    0  115                
H2 1   18   25   12    0  114 0506 0506                                 
N  1 2    1 9219 6338 0 2    1   -1    0    0    0    0    0    0    0  
N  1 2    2 9150 6102 0 2    2   -2    0    0    0    0    0    0    0  
N  1 2    3 9491 4370 0 2    3   -3    0    0    0    0    0    0    0  
N  1 2    4 9510 5616 0 2    4   -4    0    0    0    0    0    0    0  
N  1 1    510000 2717 1 3    5  -13   14    0    0    0    0    0    0  
N  1 1    610000 2668 1 3   13   -5   12    0    0    0    0    0    0  
N  1 1    710000 4782 1 3   24    6  -23    0    0    0    0    0    0  
N  1 1    810000 4863 1 3   25   -6  -24    0    0    0    0    0    0  
N  1 1    910000 4944 1 3  -12    7  -25    0    0    0    0    0    0  
N  1 1   1010000 3750 1 3   23   -7  -22    0    0    0    0    0    0  
N  1 1   1110000 3661 1 3   22    8  -21    0    0    0    0    0    0  
N  1 1   1210000 3509 1 3   21   -8  -20    0    0    0    0    0    0  
N  1 1   1310000 3376 1 3   20    9  -19    0    0    0    0    0    0  
N  1 1   1410000 3338 1 3   19   -9  -18    0    0    0    0    0    0  
N  1 1   1510000 3318 1 3   18   10  -17    0    0    0    0    0    0  
N  1 1   1610000 3279 1 3   17  -10  -16    0    0    0    0    0    0  
N  1 1   1710000 3250 1 3   16   11  -15    0    0    0    0    0    0  
N  1 1   1810000 3216 1 3   15  -11  -14    0    0    0    0    0    0  
L  1 5    1     0    10    101342199999    12                           
 9219 6338 9229 6349 9233 6362 9235 6395 9229 6400 9221 6397 9211 6405  
 9179 6375 9183 6346 9189 6324 9207 6324 9219 6338                      
L  1 5    2     0    20    201342199999    12                           
 9150 6102 9156 6129 9158 6169 9146 6188 9140 6185 9128 6158 9130 6150  
 9120 6139 9120 6126 9128 6109 9138 6093 9150 6102                      
L  1 5    3     0    30    301342199999    14                           
 9491 4370 9515 4371 9535 4384 9545 4398 9547 4412 9545 4441 9535 4449  
 9509 4452 9481 4441 9473 4432 9469 4419 9469 4405 9477 4378 9491 4370  
L  1 5    4     0    40    401342199999    23                           
 9510 5616 9470 5610 9456 5601 9446 5523 9450 5509 9468 5507 9496 5507  
 9548 5556 9580 5586 9588 5584 9594 5576 9620 5625 9630 5665 9630 5668  
 9620 5668 9608 5660 9598 5662 9570 5692 9559 5695 9547 5689 9524 5662  
 9508 5621 9510 5616                                                    
L  1 5    5     0    51    611342199999     4                           
10000 2717 9986 2700 9982 267910000 2668                                
L  1 5    6     0    71    811342199999     8                           
10000 4782 9982 4773 9972 4773 9952 4789 9948 4811 9955 4833 9975 4849  
10000 4863                                                              
L  1 5    7     0    91   1011342199999   105                           
10000 4944 9973 4960 9933 4962 9921 4954 9920 4995 9906 5022 9882 5046  
 9874 5059 9872 5089 9878 5116 9871 5132 9837 5186 9825 5197 9777 5231  
 9769 5256 9768 5264 9776 5275 9790 5286 9822 5291 9832 5313 9828 5340  
 9790 5359 9776 5358 9764 5350 9744 5345 9712 5352 9692 5349 9670 5338  
 9654 5317 9650 5319 9636 5338 9616 5341 9602 5321 9616 5265 9612 5230  
 9593 5167 9559 5072 9563 5053 9573 5051 9573 5037 9570 4988 9558 4956  
 9540 4937 9520 4934 9506 4952 9490 4963 9484 4955 9510 4893 9534 4904  
 9550 4880 9570 4869 9546 4858 9579 4826 9581 4818 9577 4812 9589 4783  
 9589 4742 9583 4734 9575 4737 9573 4715 9581 4691 9606 4664 9598 4618  
 9598 4596 9610 4561 9612 4539 9597 4496 9585 4450 9567 4431 9561 4414  
 9567 4374 9579 4339 9616 4280 9626 4277 9642 4280 9664 4264 9702 4226  
 9727 4194 9767 4113 9757 4073 9764 4054 9776 4032 9762 4019 9758 4011  
 9766 3986 9768 3967 9778 3954 9792 3954 9784 3930 9790 3911 9812 3908  
 9820 3911 9845 3865 9841 3841 9857 3822 9877 3787 9879 3763 9891 3763  
 9904 3741 9916 3733 9928 3731 9938 3734 9980 3764 9990 376410000 3750  
L  1 5    8     0   111   1211342199999     6                           
10000 3661 9993 3626 9975 3572 9977 3553 9991 351510000 3509            
L  1 5    9     0   131   1411342199999     3                           
10000 3376 9986 335510000 3338                                          
L  1 5   10     0   151   1611342199999     4                           
10000 3318 9984 3290 9991 328010000 3279                                
L  1 5   11     0   171   1811342199999     5                           
10000 3250 9993 3247 9989 3225 9999 323110000 3216                      
L  1 9   12     9    61    918888899999     6                           
10000 266810000    0    0    0    010000100001000010000 4944            
L  1 9   13     9    61    511342188888     2                           
10000 266810000 2717                                                    
L  1 9   14     9    51   1819999988888     2                           
10000 271710000 3216                                                    
L  1 9   15     9   181   1711342188888     2                           
10000 321610000 3250                                                    
L  1 9   16     9   171   1619999988888     2                           
10000 325010000 3279                                                    
L  1 9   17     9   161   1511342188888     2                           
10000 327910000 3318                                                    
L  1 9   18     9   151   1419999988888     2                           
10000 331810000 3338                                                    
L  1 9   19     9   141   1311342188888     2                           
10000 333810000 3376                                                    
L  1 9   20     9   131   1219999988888     2                           
10000 337610000 3509                                                    
L  1 9   21     9   121   1111342188888     2                           
10000 350910000 3661                                                    
L  1 9   22     9   111   1019999988888     2                           
10000 366110000 3750                                                    
L  1 9   23     9   101    711342188888     2                           
10000 375010000 4782                                                    
L  1 9   24     9    71    819999988888     2                           
10000 478210000 4863                                                    
L  1 9   25     9    81    911342188888     2                           
10000 486310000 4944                                                    
A  113421    1 9207 6364   1                                            
   -1                                                                   
A  113421    2 9139 6140   1                                            
   -2                                                                   
A  113421    3 9508 4411   1                                            
   -3                                                                   
A  113421    4 9531 5600   1                                            
   -4                                                                   
A  199999    5 4569 6180  20                                            
    5   12    7  -22    8  -20    9  -18   10  -16   11  -14    0    1  
    0    2    0    3    0    4                                          
A  113421    6 9992 2690   2                                            
  -13   -5                                                              
A  199999    7 9975 4816   2                                            
    6  -24                                                              
A  113421    8 9806 4538   4                                            
  -23   -7  -25   -6                                                    
A  113421    9 9989 3582   2                                            
  -21   -8                                                              
A  113421   10 9993 3356   2                                            
  -19   -9                                                              
A  113421   11 9994 3298   2                                            
  -17  -10                                                              
A  113421   12 9996 3236   2                                            
  -15  -11                                                              
M 404201ïÍìáñkïî              2   17   26   10    0  207                
H2 1   17   25   10    0  200 0506 0506                                 
N  1 1    1 1234    0 1 3    2  -10   11    0    0    0    0    0    0  
N  1 1    2 2769    0 1 3  -12    4   -2    0    0    0    0    0    0  
N  1 2    3 3000 3741 0 2    1   -1    0    0    0    0    0    0    0  
N  1 1    4    0 2668 1 3   13  -11    3    0    0    0    0    0    0  
N  1 1    5    0 2717 1 3   -3   14  -13    0    0    0    0    0    0  
N  1 1    6    0 4782 1 3   -4   24  -23    0    0    0    0    0    0  
N  1 1    7    0 4863 1 3    5   25  -24    0    0    0    0    0    0  
N  1 1    8    0 4944 1 3   12  -25   -5    0    0    0    0    0    0  
N  1 1    9    0 3750 1 3   23  -22    6    0    0    0    0    0    0  
N  1 1   10    0 3661 1 3   -6   22  -21    0    0    0    0    0    0  
N  1 1   11    0 3509 1 3   21  -20    7    0    0    0    0    0    0  
N  1 1   12    0 3376 1 3   -7   20  -19    0    0    0    0    0    0  
N  1 1   13    0 3338 1 3   19  -18    8    0    0    0    0    0    0  
N  1 1   14    0 3318 1 3   -8   18  -17    0    0    0    0    0    0  
N  1 1   15    0 3279 1 3    9   17  -16    0    0    0    0    0    0  
N  1 1   16    0 3250 1 3   -9   16  -15    0    0    0    0    0    0  
N  1 1   17    0 3216 1 3   15  -14   10    0    0    0    0    0    0  
L  1 5    1     0    30    301342199999    13                           
 3000 3741 3000 3755 2986 3768 2980 3779 2974 3779 2942 3730 2934 3716  
 2932 3703 2936 3689 2965 3689 2984 3711 2994 3719 3000 3741            
L  1 9    2     9    11    211342188888     2                           
 1234    0 2769    0                                                    
L  1 5    3     0    41    511342199999    10                           
    0 2668    4 2667   22 2675   39 2673   54 2689   48 2702   34 2721  
   24 2724    6 2724    0 2717                                          
L  1 5    4     0    21    611342199999   622                           
 2769    0 2771    8 2767   38 2753   59 2746   94 2738  132 2726  135  
 2706  189 2663  318 2646  472 2638  521 2625  542 2619  569 2623  578  
 2675  611 2695  619 2727  595 2733  633 2725  638 2767  731 2769  728  
 2781  734 2774  750 2776  750 2780  780 2808  875 2822  899 2834  910  
 2871  959 2885  981 2905  979 2933  979 2945  990 2963 1014 2965 1042  
 2959 1074 2924 1111 2926 1120 2986 1215 3006 1231 3020 1224 3030 1237  
 3040 1240 3048 1235 3056 1243 3072 1286 3082 1297 3088 1314 3091 1346  
 3079 1395 3075 1443 3057 1465 3058 1478 3070 1487 3068 1538 3058 1541  
 3040 1524 3036 1527 3036 1546 3029 1646 3033 1676 3031 1697 3023 1714  
 3031 1746 3043 1760 3063 1774 3075 1785 3082 1812 3106 1844 3134 1869  
 3160 1940 3156 1934 3158 1980 3165 2037 3175 2113 3173 2132 3158 2175  
 3164 2189 3168 2192 3194 2192 3210 2197 3230 2222 3238 2255 3238 2274  
 3222 2330 3226 2336 3247 2347 3215 2409 3171 2414 3157 2397 3113 2348  
 3105 2326 3091 2318 3069 2315 3055 2304 3043 2285 3040 2261 3034 2169  
 3024 2128 3003 2098 2965 2062 2963 2054 2951 2051 2921 2056 2874 2075  
 2860 2069 2846 2058 2812 2052 2790 2063 2780 2055 2764 2028 2750 2025  
 2744 2038 2724 2062 2708 2070 2674 2067 2662 2070 2650 2070 2630 2032  
 2616 2031 2598 2047 2566 2055 2562 2066 2554 2066 2546 2063 2536 2041  
 2528 2039 2492 2035 2470 2011 2446 1959 2426 1959 2406 1948 2404 1940  
 2392 1934 2382 1937 2368 1948 2356 1945 2330 1925 2322 1925 2314 1923  
 2298 1912 2290 1884 2278 1871 2250 1854 2238 1843 2220 1838 2197 1799  
 2189 1794 2157 1786 2133 1766 2109 1742 2093 1733 2065 1733 2035 1708  
 1999 1697 1915 1648 1829 1655 1815 1663 1801 1679 1743 1657 1709 1659  
 1688 1667 1632 1715 1624 1739 1610 1772 1551 1801 1483 1811 1477 1822  
 1467 1857 1466 1962 1482 2019 1500 2052 1509 2079 1507 2101 1479 2149  
 1477 2201 1468 2222 1482 2239 1474 2268 1492 2268 1490 2295 1486 2323  
 1498 2344 1484 2358 1481 2385 1471 2442 1463 2452 1459 2482 1430 2522  
 1415 2514 1404 2511 1396 2519 1390 2533 1382 2584 1386 2625 1416 2668  
 1409 2682 1419 2695 1419 2709 1423 2714 1425 2728 1415 2752 1409 2758  
 1401 2758 1397 2763 1407 2798 1444 2885 1468 2913 1526 2940 1550 2946  
 1558 2943 1578 2952 1582 2946 1596 2957 1608 2960 1626 2963 1646 2955  
 1662 2944 1670 2931 1686 2945 1708 2945 1722 2940 1753 2921 1759 2910  
 1795 2911 1801 2927 1825 2965 1832 2984 1834 3009 1827 3138 1805 3182  
 1817 3220 1849 3274 1905 3307 1915 3318 1950 3343 1970 3384 1976 3416  
 1982 3433 1990 3433 2020 3422 2034 3430 2044 3441 2052 3474 2078 3485  
 2100 3483 2138 3464 2154 3459 2174 3467 2190 3483 2202 3489 2208 3500  
 2218 3505 2238 3500 2256 3503 2268 3522 2278 3520 2288 3522 2296 3550  
 2294 3571 2296 3598 2316 3596 2327 3634 2335 3637 2347 3634 2366 3602  
 2380 3602 2394 3610 2402 3610 2410 3602 2414 3605 2420 3616 2416 3651  
 2419 3659 2453 3689 2463 3706 2465 3717 2471 3725 2493 3736 2523 3747  
 2535 3755 2539 3774 2545 3785 2565 3804 2581 3810 2599 3807 2637 3786  
 2641 3767 2653 3754 2672 3694 2682 3694 2692 3681 2702 3676 2714 3676  
 2728 3668 2736 3668 2770 3657 2792 3641 2802 3639 2841 3639 2849 3620  
 2867 3626 2874 3680 2904 3727 2918 3732 2928 3740 2934 3768 2958 3779  
 2958 3800 2954 3811 2948 3814 2936 3811 2920 3808 2939 3879 2941 3900  
 2939 3919 2933 3919 2913 3932 2897 3954 2879 3956 2848 3978 2834 3975  
 2824 3983 2810 4010 2806 4015 2790 4010 2776 4001 2760 3985 2734 3968  
 2718 4022 2716 4047 2722 4069 2740 4088 2731 4107 2717 4109 2693 4139  
 2685 4136 2677 4125 2679 4109 2675 4098 2653 4073 2634 4011 2618 4005  
 2569 4043 2549 4042 2525 4050 2503 4063 2471 4074 2445 4071 2433 4079  
 2440 4174 2420 4279 2385 4363 2369 4382 2349 4392 2299 4405 2290 4440  
 2270 4489 2256 4510 2262 4518 2262 4527 2254 4537 2239 4575 2233 4580  
 2227 4575 2228 4537 2216 4502 2212 4521 2189 4564 2169 4569 2147 4631  
 2131 4658 2127 4663 2091 4655 2066 4657 2070 4701 2062 4709 2056 4706  
 2046 4687 2020 4646 1988 4629 1959 4597 1959 4545 1957 4523 1939 4477  
 1941 4458 1970 4375 1960 4345 1948 4339 1940 4342 1920 4385 1898 4428  
 1881 4431 1857 4428 1837 4422 1830 4387 1810 4332 1796 4313 1774 4297  
 1766 4316 1747 4418 1719 4475 1715 4502 1709 4507 1695 4510 1662 4526  
 1616 4531 1604 4528 1558 4535 1546 4527 1512 4494 1478 4470 1458 4445  
 1417 4385 1399 4371 1387 4371 1371 4398 1364 4398 1329 4362 1317 4360  
 1303 4365 1288 4381 1276 4386 1232 4378 1216 4386 1238 4489 1246 4505  
 1247 4524 1239 4532 1195 4545 1183 4561 1181 4575 1155 4607 1131 4623  
 1122 4636 1120 4644 1106 4661 1082 4628 1062 4622 1022 4630 1008 4624  
 1000 4613  990 4581  991 4565 1001 4540 1009 4543 1023 4513 1019 4457  
 1013 4454 1018 4430 1010 4408 1006 4370 1012 4335 1020 4316 1020 4281  
 1025 4256 1077 4173 1075 4159 1065 4148 1037 4159 1025 4159 1039 4124  
 1056 4100 1100 4065 1116 4019 1104 4000 1089 3956 1095 3943 1083 3927  
 1069 3899 1075 3864 1071 3845 1076 3818 1067 3824 1057 3815 1045 3812  
 1044 3799 1052 3772 1066 3742 1072 3713 1082 3686 1072 3685 1062 3688  
 1064 3672 1107 3578 1123 3559 1117 3551 1115 3532 1119 3524 1125 3524  
 1135 3529 1144 3526 1162 3505 1184 3446 1182 3408 1172 3386 1155 3370  
 1146 3372 1098 3429 1025 3512 1015 3531  987 3609  964 3641  944 3652  
  920 3659  908 3695  900 3705  890 3700  884 3678  886 3651  875 3583  
  863 3570  843 3564  784 3590  772 3593  758 3574  750 3576  724 3598  
  718 3598  712 3587  690 3619  674 3630  670 3660  660 3670  642 3651  
  628 3648  614 3637  606 3637  596 3618  576 3621  562 3572  562 3547  
  560 3526  554 3520  546 3517  512 3525  484 3541  462 3565  452 3598  
  447 3619  461 3652  469 3690  465 3717  453 3744  440 3757  434 3760  
  411 3741  401 3738  402 3746  428 3787  442 3833  438 3855  422 3882  
  410 3887  398 3862  380 3819  374 3819  369 3908  357 3927  319 3951  
  287 3932  287 3937  301 3972  299 3997  291 3997  300 4037  314 4065  
  308 4070  286 4059  282 4086  272 4094  240 4050  244 4064  210 4099  
  200 4118  205 4196  205 4256  197 4280  232 4313  244 4332  252 4359  
  246 4381  218 4399  216 4448  214 4453  197 4453  191 4459  191 4469  
  211 4497  213 4508  209 4513  205 4510  151 4507  139 4512  131 4523  
  127 4537  133 4547  145 4553  165 4580  161 4588  155 4591  120 4582  
  107 4571   97 4558   89 4555   81 4560   60 4587   58 4601   86 4606  
  112 4618  122 4642  160 4651  166 4672  162 4697  148 4707  126 4696  
  127 4745  123 4753   59 4747   27 4752    3 4782    0 4782            
L  1 5    5     0    71    811342199999     6                           
    0 4863   18 4895   22 4912   20 4923    8 4941    0 4944            
L  1 5    6     0    91   1011342199999     4                           
    0 3750    6 3742   16 3707    0 3661                                
L  1 5    7     0   111   1211342199999     8                           
    0 3509   23 3496   25 3482   30 3414   26 3390   16 3387   14 3393  
    0 3376                                                              
L  1 5    8     0   131   1411342199999     3                           
    0 3338    6 3328    0 3318                                          
L  1 5    9     0   151   1611342199999     4                           
    0 3279    3 3279    5 3254    0 3250                                
L  1 5   10     0   171    111342199999   158                           
    0 3216    5 3179   21 3168   15 3152   24 3095   16 3089   10 3089  
    8 3078   32 3054   30 3043   24 3022   30 3008   40 3000   60 2998  
   73 2984   91 2952  109 2950  125 2933  141 2901  141 2874  134 2814  
  149 2704  155 2685  155 2671  133 2652  123 2638  123 2587  131 2571  
  132 2552  138 2546  174 2495  200 2436  203 2385  195 2352  183 2346  
  171 2349  175 2333  185 2311  215 2285  228 2263  222 2260  203 2271  
  203 2265  232 2228  248 2244  256 2250  264 2244  286 2209  319 2126  
  337 2118  385 2083  391 2062  387 2043  389 2032  407 2027  420 2016  
  448 1978  456 1984  432 1954  432 1943  454 1951  478 1965  492 1963  
  532 1944  540 1925  547 1887  563 1871  569 1842  581 1825  589 1826  
  597 1809  605 1809  606 1755  624 1745  652 1721  664 1699  658 1653  
  651 1626  651 1601  629 1596  643 1555  637 1507  639 1498  645 1496  
  653 1501  657 1485  644 1452  640 1425  642 1404  648 1404  654 1377  
  660 1377  676 1369  713 1312  777 1318  783 1313  807 1238  852 1200  
  874 1192  868 1146  874 1141  892 1141  900 1119  918 1095  933 1087  
  923 1076  905 1063  905 1046  915 1036  929 1036  949 1039  953 1052  
  961 1063 1019 1012 1035  996 1071  981 1102  959 1120  940 1130  943  
 1140  895 1152  851 1213  833 1235  850 1265  847 1279  834 1307  794  
 1317  769 1328  704 1336  677 1340  640 1341  583 1335  550 1321  512  
 1301  474 1290  412 1244  370 1240  362 1246  341 1224  335 1228  284  
 1251  200 1275  170 1285  130 1287  103 1282   51 1278   43 1262   35  
 1250   43 1238   56 1226   59 1206   56 1196   50 1190   31 1196   13  
 1206    4 1238   18 1242   16 1234    0                                
L  1 9   11     9    11    418888899999     3                           
 1234    0    0    0    0 2668                                          
L  1 9   12     9    81    218888899999     5                           
    0 4944    010000100001000010000    0 2769    0                      
L  1 9   13     9    41    518888813421     2                           
    0 2668    0 2717                                                    
L  1 9   14     9    51   1718888899999     2                           
    0 2717    0 3216                                                    
L  1 9   15     9   171   1618888813421     2                           
    0 3216    0 3250                                                    
L  1 9   16     9   161   1518888899999     2                           
    0 3250    0 3279                                                    
L  1 9   17     9   151   1418888813421     2                           
    0 3279    0 3318                                                    
L  1 9   18     9   141   1318888899999     2                           
    0 3318    0 3338                                                    
L  1 9   19     9   131   1218888813421     2                           
    0 3338    0 3376                                                    
L  1 9   20     9   121   1118888899999     2                           
    0 3376    0 3509                                                    
L  1 9   21     9   111   1018888813421     2                           
    0 3509    0 3661                                                    
L  1 9   22     9   101    918888899999     2                           
    0 3661    0 3750                                                    
L  1 9   23     9    91    618888813421     2                           
    0 3750    0 4782                                                    
L  1 9   24     9    61    718888899999     2                           
    0 4782    0 4863                                                    
L  1 9   25     9    71    818888813421     2                           
    0 4863    0 4944                                                    
A  113421    1  842 2386  12                                            
  -10   15   -9   17   -8   19   -7   21   -6   23   -4   -2            
A  199999    2  323 1600   4                                            
   11    3   14   10                                                    
A  199999    3 6461 2480   6                                            
    4   24    5   12    0    1                                          
A  113421    4 2971 3734   1                                            
   -1                                                                   
A  113421    5   26 2694   2                                            
   13   -3                                                              
A  113421    6   10 4904   2                                            
   25   -5                                                              
A  199999    7    8 3706   2                                            
    6   22                                                              
A  199999    8   14 3442   2                                            
    7   20                                                              
A  199999    9    3 3328   2                                            
    8   18                                                              
A  199999   10    2 3264   2                                            
    9   16                                                              
H1 2    0    1    0    0    5 0506 0506                                 
L  2 4    1     0    00    00              22                           
 1847    0 1794   75 1721   26 1578  186 1607  374 1706  423 1770  457  
 1575  904 1548  986 1465  965 1396 1104 1332 1104 1283 1271 1219 1347  
 1175 1737 1219 1779 1175 1841 1244 1959 1212 2027 1087 2471 1293 2877  
 1190 3378                                                              
M 404221                      1    0    0    0    1    3                
H1 7    0    0    0    1    2 0506 0506                                 
P  7 1    1 3609 8633 0 1                                               
01 4 3609 8633              00  è¨ä}å¥ë∫                                
M 404241ïÉìá                  3   26   36   24    2  367                
H2 1   26   29   24    0  341 0506 0506                                 
N  1 2    1 9085 5105 0 2    1   -1    0    0    0    0    0    0    0  
N  1 2    2 9090 5325 0 2    2   -2    0    0    0    0    0    0    0  
N  1 2    3 4230 8406 0 2    3   -3    0    0    0    0    0    0    0  
N  1 2    4 4157 8296 0 2    4   -4    0    0    0    0    0    0    0  
N  1 2    5 3725 3216 0 2    5   -5    0    0    0    0    0    0    0  
N  1 2    6 3580 3464 0 2    6   -6    0    0    0    0    0    0    0  
N  1 2    7 3633 3301 0 2    7   -7    0    0    0    0    0    0    0  
N  1 2    8 3402 4100 0 2    8   -8    0    0    0    0    0    0    0  
N  1 2    9 3621 5057 0 2    9   -9    0    0    0    0    0    0    0  
N  1 2   10 3464 5023 0 2   10  -10    0    0    0    0    0    0    0  
N  1 2   11 3963 4826 0 2   11  -11    0    0    0    0    0    0    0  
N  1 2   12 4170 5071 0 2   12  -12    0    0    0    0    0    0    0  
N  1 2   13 4270 5292 0 2   13  -13    0    0    0    0    0    0    0  
N  1 2   14 4367 4681 0 2   14  -14    0    0    0    0    0    0    0  
N  1 2   15 4298 4896 0 2   15  -15    0    0    0    0    0    0    0  
N  1 2   16 4383 4202 0 2   16  -16    0    0    0    0    0    0    0  
N  1 2   17 4446 4093 0 2   17  -17    0    0    0    0    0    0    0  
N  1 2   18 4682 4063 0 2   18  -18    0    0    0    0    0    0    0  
N  1 2   19 8048 4373 0 2   19  -19    0    0    0    0    0    0    0  
N  1 2   20 5920 9097 0 2   20  -20    0    0    0    0    0    0    0  
N  1 1   21 435710000 1 3   21  -24   25    0    0    0    0    0    0  
N  1 1   22 451710000 1 3   26  -25  -21    0    0    0    0    0    0  
N  1 1   23 606610000 1 3   29  -28   22    0    0    0    0    0    0  
N  1 1   24 763910000 1 3   24  -29  -22    0    0    0    0    0    0  
N  1 1   25 602610000 1 3   27  -26   23    0    0    0    0    0    0  
N  1 1   26 604910000 1 3   28  -27  -23    0    0    0    0    0    0  
L  1 5    1     0    10    101342199999    49                           
 9085 5105 9082 5142 9062 5162 9074 5179 9067 5214 9052 5252 9048 5283  
 9035 5285 9014 5325 9004 5336 8992 5332 8996 5301 9002 5279 8990 5296  
 8945 5329 8922 5330 8910 5326 8905 5331 8896 5354 8883 5370 8865 5373  
 8854 5357 8840 5314 8845 5301 8859 5294 8852 5262 8856 5256 8872 5266  
 8874 5273 8905 5233 8916 5226 8898 5145 8893 5114 8895 5073 8902 5054  
 8913 5055 8933 5118 8944 5130 8957 5119 8980 5064 8991 5060 9006 5067  
 9031 5071 9041 5077 9057 5106 9074 5082 9085 5088 9088 5104 9085 5105  
L  1 5    2     0    20    201342199999    20                           
 9090 5325 9085 5334 9054 5351 9027 5377 9013 5376 9012 5373 9026 5347  
 9034 5312 9063 5287 9069 5279 9085 5280 9095 5273 9105 5253 9117 5274  
 9126 5277 9128 5290 9124 5308 9113 5304 9097 5312 9090 5325            
L  1 5    3     0    30    301342199999    14                           
 4230 8406 4222 8356 4216 8328 4220 8309 4232 8288 4247 8274 4254 8272  
 4264 8278 4264 8301 4257 8352 4257 8384 4243 8409 4238 8413 4230 8406  
L  1 5    4     0    40    401342199999    14                           
 4157 8296 4159 8304 4180 8299 4189 8305 4196 8332 4194 8348 4181 8368  
 4169 8374 4153 8376 4120 8364 4115 8356 4117 8346 4136 8338 4157 8296  
L  1 5    5     0    50    501342199999    12                           
 3725 3216 3724 3241 3714 3261 3701 3262 3691 3245 3678 3232 3676 3222  
 3687 3204 3699 3193 3712 3196 3726 3213 3725 3216                      
L  1 5    6     0    60    601342199999    11                           
 3580 3464 3550 3481 3541 3479 3539 3470 3547 3432 3565 3395 3579 3419  
 3591 3427 3592 3440 3581 3464 3580 3464                                
L  1 5    7     0    70    701342199999    12                           
 3633 3301 3630 3301 3667 3270 3679 3264 3683 3265 3694 3287 3689 3303  
 3629 3350 3620 3350 3615 3346 3616 3334 3633 3301                      
L  1 5    8     0    80    801342199999    12                           
 3402 4100 3402 4096 3400 4101 3387 4114 3369 4107 3363 4098 3366 4054  
 3375 4046 3389 4049 3394 4053 3403 4089 3402 4100                      
L  1 5    9     0    90    901342199999   146                           
 3621 5057 3576 5066 3556 5062 3551 5051 3563 5032 3583 5017 3592 5000  
 3598 4949 3589 4934 3551 4936 3535 4929 3478 4877 3476 4869 3485 4823  
 3502 4822 3519 4832 3543 4870 3555 4873 3579 4857 3612 4816 3621 4777  
 3619 4760 3611 4751 3575 4742 3564 4732 3559 4716 3565 4701 3579 4694  
 3594 4693 3597 4689 3596 4675 3610 4667 3632 4661 3654 4665 3673 4637  
 3696 4608 3703 4574 3697 4551 3690 4546 3660 4554 3640 4554 3616 4545  
 3608 4538 3603 4523 3605 4496 3615 4481 3620 4481 3627 4461 3639 4344  
 3638 4282 3687 4221 3701 4180 3700 4172 3693 4159 3683 4122 3677 4058  
 3667 4020 3669 3932 3683 3817 3698 3780 3715 3743 3726 3701 3741 3650  
 3751 3599 3750 3563 3773 3454 3786 3427 3796 3421 3803 3424 3820 3467  
 3837 3444 3854 3429 3865 3426 3893 3444 3896 3542 3887 3564 3884 3566  
 3896 3567 3889 3602 3875 3623 3854 3634 3851 3634 3850 3734 3844 3764  
 3839 3771 3832 3767 3826 3756 3796 3801 3787 3800 3778 3838 3769 3859  
 3763 3897 3763 3914 3771 3922 3789 3911 3795 3913 3775 3981 3774 4025  
 3779 4031 3801 4050 3837 4023 3844 4025 3854 4052 3866 4037 3887 3979  
 3899 3957 3905 3931 3904 3884 3897 3857 3894 3823 3899 3784 3906 3784  
 3914 3790 3943 3785 3957 3788 3965 3818 3982 3856 3980 3872 3944 3986  
 3943 3997 3952 4005 3959 4007 3961 4047 3925 4111 3930 4137 3921 4186  
 3908 4222 3886 4254 3879 4307 3864 4348 3857 4383 3824 4445 3795 4599  
 3769 4647 3752 4663 3736 4670 3722 4669 3720 4746 3695 4836 3682 4868  
 3663 4951 3655 4965 3630 4983 3636 5007 3620 5050 3621 5057            
L  1 5   10     0   100   1001342199999    19                           
 3464 5023 3464 5026 3470 5022 3482 5000 3490 4972 3498 4955 3503 4954  
 3508 4958 3509 4981 3516 5000 3512 5005 3497 5015 3485 5029 3474 5064  
 3470 5067 3448 5066 3444 5062 3449 5042 3464 5023                      
L  1 5   11     0   110   1101342199999    23                           
 3963 4826 3963 4829 3977 4827 4009 4865 4038 4888 4054 4894 4077 4948  
 4080 4984 4073 4997 4043 4928 4035 4923 3988 4871 3971 4859 3949 4858  
 3908 4894 3906 4901 3904 4869 3897 4839 3877 4795 3885 4785 3919 4812  
 3956 4829 3963 4826                                                    
L  1 5   12     0   120   1201342199999    12                           
 4170 5071 4176 5056 4188 5058 4199 5068 4212 5072 4237 5065 4245 5067  
 4254 5084 4249 5096 4215 5099 4184 5086 4170 5071                      
L  1 5   13     0   130   1301342199999    23                           
 4270 5292 4265 5292 4260 5279 4262 5250 4266 5237 4282 5235 4296 5235  
 4308 5223 4329 5183 4331 5163 4319 5113 4322 5095 4332 5073 4347 5057  
 4352 5057 4359 5089 4367 5104 4355 5182 4356 5233 4320 5252 4297 5290  
 4280 5295 4270 5292                                                    
L  1 5   14     0   140   1401342199999    11                           
 4367 4681 4376 4696 4378 4725 4366 4740 4355 4743 4347 4737 4340 4716  
 4339 4690 4346 4679 4353 4678 4367 4681                                
L  1 5   15     0   150   1501342199999    16                           
 4298 4896 4278 4887 4268 4844 4274 4831 4299 4857 4310 4864 4324 4861  
 4356 4835 4366 4836 4374 4841 4379 4853 4373 4863 4349 4873 4331 4893  
 4310 4896 4298 4896                                                    
L  1 5   16     0   160   1601342199999    11                           
 4383 4202 4354 4225 4345 4224 4345 4186 4356 4153 4372 4167 4400 4155  
 4408 4159 4418 4177 4414 4189 4383 4202                                
L  1 5   17     0   170   1701342199999    15                           
 4446 4093 4447 4129 4440 4146 4426 4155 4413 4154 4408 4145 4402 4103  
 4396 4097 4393 4088 4395 4074 4403 4061 4410 4056 4425 4059 4448 4089  
 4446 4093                                                              
L  1 5   18     0   180   1801342199999    11                           
 4682 4063 4684 4089 4681 4099 4654 4118 4627 4145 4623 4119 4628 4076  
 4635 4029 4647 4010 4663 4026 4682 4063                                
L  1 5   19     0   190   1901342199999    13                           
 8048 4373 8042 4384 8011 4384 7985 4386 7980 4377 7978 4352 7982 4341  
 7988 4337 8027 4336 8045 4342 8049 4361 8046 4371 8048 4373            
L  1 5   20     0   200   2001342199999    13                           
 5920 9097 5929 9105 5935 9116 5947 9122 5961 9152 5943 9186 5933 9190  
 5919 9177 5886 9156 5885 9130 5895 9105 5906 9104 5920 9097            
L  1 5   21     0   211   2211342199999     9                           
 435710000 4364 9949 4375 9971 4427 9992 4445 9996 4458 9984 4476 9983  
 4512 9993 451710000                                                    
L  1 5   22     0   231   2411342199999  1078                           
 606610000 6052 9972 6047 9948 6051 9940 6062 9937 6061 9908 6046 9845  
 6049 9831 6057 9820 6067 9820 6103 9850 6127 9877 6138 9847 6147 9851  
 6169 9903 6190 9891 6205 9942 6219 9965 6239 9979 6258 9984 6277 9980  
 6321 9944 6339 9911 6383 9777 6410 9711 6420 9630 6418 9597 6411 9569  
 6392 9530 6383 9526 6364 9551 6352 9556 6342 9553 6336 9539 6333 9513  
 6326 9494 6312 9474 6310 9454 6313 9448 6332 9437 6335 9391 6324 9368  
 6308 9347 6295 9322 6293 9301 6303 9252 6310 9231 6304 9193 6312 9166  
 6310 9104 6321 9071 6322 9054 6309 9047 6296 9016 6294 8990 6278 8965  
 6272 8932 6254 8915 6229 8906 6216 8910 6202 8922 6186 8962 6180 8962  
 6162 8939 6142 8927 6141 8890 6156 8837 6176 8813 6207 8783 6218 8759  
 6222 8719 6214 8644 6203 8624 6190 8617 6170 8620 6164 8588 6149 8553  
 6136 8529 6071 8452 6028 8416 5987 8393 5966 8387 5949 8388 5930 8396  
 5910 8417 5902 8436 5861 8473 5851 8493 5845 8538 5853 8592 5852 8604  
 5833 8611 5791 8574 5769 8567 5752 8567 5730 8574 5667 8628 5637 8661  
 5630 8663 5624 8661 5617 8645 5605 8637 5585 8637 5561 8628 5540 8613  
 5516 8605 5498 8604 5384 8628 5330 8646 5306 8669 5258 8687 5251 8693  
 5255 8723 5253 8728 5227 8708 5219 8699 5207 8707 5158 8679 5141 8678  
 5115 8683 5101 8667 5053 8548 5020 8486 5004 8477 4990 8485 4983 8484  
 4971 8460 4960 8453 4950 8453 4933 8466 4925 8449 4911 8470 4898 8469  
 4831 8421 4806 8406 4789 8434 4775 8435 4765 8379 4763 8383 4740 8385  
 4729 8373 4716 8346 4698 8357 4665 8403 4637 8487 4629 8543 4628 8592  
 4625 8600 4619 8601 4604 8583 4595 8484 4580 8473 4561 8518 4548 8536  
 4535 8547 4490 8618 4493 8634 4478 8662 4467 8694 4447 8686 4409 8655  
 4362 8607 4321 8546 4308 8561 4294 8560 4294 8514 4300 8504 4315 8497  
 4329 8496 4343 8489 4326 8467 4306 8420 4297 8389 4297 8361 4314 8312  
 4341 8256 4349 8227 4338 8164 4332 8149 4320 8145 4322 8089 4337 8107  
 4351 8086 4371 8107 4420 8109 4455 8113 4461 8107 4466 8087 4466 8051  
 4486 8043 4500 8059 4506 8085 4536 8120 4569 8132 4629 8143 4658 8163  
 4705 8210 4720 8216 4748 8205 4763 8185 4770 8157 4765 8086 4767 8059  
 4777 8012 4784 8000 4800 7990 4863 7983 4878 7988 4890 8003 4906 8012  
 4911 8012 4923 8000 4942 7955 4951 7914 4950 7875 4942 7853 4915 7825  
 4907 7825 4888 7833 4872 7836 4858 7834 4849 7817 4856 7802 4917 7794  
 4944 7776 4953 7776 5013 7801 5052 7806 5081 7779 5098 7770 5152 7764  
 5172 7748 5191 7714 5205 7651 5196 7607 5186 7584 5174 7569 5158 7560  
 5139 7536 5126 7523 5112 7501 5084 7470 5075 7464 5066 7450 5054 7402  
 5026 7348 5026 7333 5049 7280 5052 7275 5081 7303 5103 7344 5121 7369  
 5138 7382 5154 7388 5174 7382 5186 7375 5211 7338 5234 7317 5226 7285  
 5230 7260 5242 7238 5268 7229 5306 7206 5329 7195 5336 7164 5323 7137  
 5310 7098 5300 7077 5288 7065 5281 7063 5281 7034 5323 7035 5352 7011  
 5358 6997 5360 6959 5358 6916 5344 6856 5334 6822 5309 6779 5293 6758  
 5269 6746 5214 6748 5157 6736 5149 6744 5138 6782 5100 6812 5084 6802  
 5076 6802 5068 6813 5047 6822 5040 6821 5041 6844 5037 6860 4981 6933  
 4976 6946 4967 6955 4955 6957 4927 6952 4944 6993 4939 7013 4921 7015  
 4909 7008 4907 7001 4903 7015 4882 7019 4858 6999 4812 7009 4739 6962  
 4734 6951 4731 6928 4736 6896 4746 6875 4744 6873 4749 6852 4769 6812  
 4775 6753 4783 6719 4772 6698 4768 6673 4770 6642 4786 6586 4785 6513  
 4778 6509 4770 6485 4743 6443 4730 6435 4693 6456 4688 6448 4687 6413  
 4680 6403 4671 6338 4677 6327 4692 6316 4648 6236 4647 6211 4655 6188  
 4663 6183 4679 6185 4713 6205 4731 6197 4745 6258 4748 6339 4753 6354  
 4769 6364 4789 6368 4837 6365 4874 6354 4903 6312 4929 6269 4927 6250  
 4907 6206 4905 6141 4898 6132 4890 6134 4892 6111 4914 6065 4902 6046  
 4870 6030 4852 6014 4853 6005 4877 5972 4886 5954 4881 5908 4883 5893  
 4891 5874 4913 5844 4919 5831 4920 5736 4899 5652 4863 5544 4835 5441  
 4823 5420 4810 5408 4807 5413 4798 5408 4791 5389 4784 5379 4728 5376  
 4701 5384 4688 5391 4668 5412 4656 5412 4630 5401 4611 5389 4572 5411  
 4573 5400 4590 5378 4606 5348 4606 5309 4602 5281 4579 5217 4572 5181  
 4550 5130 4542 5115 4512 5137 4507 5145 4474 5094 4474 5079 4489 5016  
 4490 5000 4486 4984 4495 4934 4494 4886 4491 4865 4495 4844 4516 4795  
 4530 4780 4566 4762 4570 4704 4590 4662 4598 4606 4605 4477 4638 4396  
 4642 4390 4674 4479 4672 4486 4663 4494 4652 4497 4654 4520 4648 4564  
 4628 4642 4632 4661 4650 4680 4653 4688 4652 4725 4657 4746 4659 4801  
 4659 4902 4686 4944 4703 4980 4711 4988 4732 4994 4766 4988 4784 4981  
 4794 4962 4833 4910 4857 4933 4873 4902 4899 4897 4934 4873 4954 4833  
 4979 4806 4993 4776 5004 4768 5010 4758 5018 4728 5048 4709 5070 4701  
 5078 4702 5092 4723 5105 4726 5128 4724 5144 4708 5173 4700 5175 4659  
 5176 4655 5191 4663 5218 4661 5236 4673 5243 4658 5246 4622 5245 4585  
 5277 4587 5308 4607 5323 4628 5325 4652 5343 4682 5350 4699 5364 4714  
 5368 4744 5387 4775 5395 4851 5396 4868 5420 4910 5497 4992 5519 5004  
 5533 5008 5549 5025 5585 5037 5593 5044 5602 5065 5610 5075 5672 5090  
 5701 5089 5722 5083 5803 5035 5818 5024 5830 5002 5831 4997 5827 4978  
 5860 4968 5897 4947 5921 4943 5954 4951 5964 4947 5972 4938 5978 4937  
 6022 4943 6049 4946 6065 4959 6073 4959 6117 4921 6125 4925 6164 4927  
 6182 4923 6192 4908 6196 4900 6212 4921 6232 4928 6249 4921 6281 4875  
 6296 4832 6321 4783 6323 4766 6324 4743 6332 4743 6338 4748 6346 4736  
 6359 4657 6353 4640 6364 4618 6370 4597 6377 4591 6386 4573 6383 4515  
 6385 4501 6382 4486 6394 4467 6410 4451 6420 4444 6448 4434 6459 4435  
 6523 4513 6531 4513 6546 4493 6558 4486 6575 4495 6584 4486 6594 4441  
 6569 4391 6579 4350 6580 4295 6588 4269 6609 4247 6625 4222 6648 4195  
 6657 4190 6665 4198 6681 4235 6684 4276 6677 4353 6671 4412 6676 4432  
 6683 4440 6693 4438 6703 4448 6721 4457 6733 4452 6733 4511 6736 4519  
 6736 4510 6761 4446 6782 4373 6788 4359 6809 4362 6826 4371 6829 4364  
 6812 4344 6813 4333 6822 4328 6836 4336 6848 4354 6857 4307 6871 4301  
 6884 4305 6891 4323 6912 4320 6986 4417 7019 4453 7043 4503 7068 4515  
 7083 4517 7088 4540 7072 4573 7097 4597 7153 4618 7189 4611 7205 4618  
 7250 4608 7300 4599 7319 4594 7365 4550 7398 4491 7414 4429 7407 4383  
 7394 4345 7381 4318 7370 4330 7358 4336 7337 4327 7313 4327 7297 4319  
 7281 4301 7268 4228 7281 4243 7283 4204 7285 4185 7259 4177 7253 4147  
 7260 4108 7273 4094 7286 4086 7390 4073 7402 4069 7408 4055 7404 4036  
 7385 4030 7355 4030 7300 3988 7301 3975 7312 3960 7332 3958 7349 3965  
 7374 3989 7384 3992 7439 3965 7461 3950 7489 3939 7513 3947 7517 3952  
 7520 4040 7548 4017 7559 4017 7567 4021 7586 3952 7597 3938 7620 3931  
 7713 3937 7737 3945 7772 3964 7793 3971 7813 3967 7835 3958 7857 3940  
 7888 3926 7991 3913 8045 3918 8103 3932 8119 3944 8136 3975 8146 4011  
 8145 4035 8136 4049 8129 4058 8138 4102 8138 4128 8129 4147 8119 4159  
 8102 4172 8051 4184 8036 4262 8029 4277 8014 4293 7973 4317 7934 4343  
 7916 4351 7892 4351 7829 4302 7825 4298 7816 4296 7793 4312 7781 4340  
 7782 4354 7812 4398 7835 4444 7849 4484 7868 4522 7901 4527 7915 4535  
 7922 4546 7898 4567 7857 4601 7828 4640 7783 4616 7773 4612 7762 4613  
 7749 4656 7718 4711 7706 4723 7664 4746 7672 4745 7694 4751 7714 4753  
 7769 4790 7767 4864 7760 4915 7700 4854 7684 4845 7669 4841 7651 4845  
 7621 4886 7603 4904 7573 4925 7567 4949 7564 5010 7573 5074 7585 5106  
 7605 5136 7618 5149 7635 5156 7652 5150 7666 5135 7703 5113 7717 5091  
 7706 5082 7705 5062 7721 5049 7742 5039 7769 5032 7804 5040 7815 5054  
 7853 5124 7859 5145 7855 5159 7844 5163 7836 5155 7812 5186 7797 5260  
 7783 5294 7787 5314 7780 5364 7786 5401 7802 5409 7830 5456 7850 5537  
 7858 5598 7850 5649 7828 5697 7815 5713 7776 5736 7769 5764 7728 5842  
 7703 5872 7689 5880 7665 5886 7635 5879 7635 5901 7631 5910 7623 5908  
 7597 5874 7588 5886 7570 5942 7563 5950 7523 5970 7513 5976 7502 6002  
 7503 6036 7511 6062 7517 6058 7526 6067 7535 6087 7544 6091 7548 6090  
 7557 6110 7567 6124 7582 6133 7599 6112 7612 6074 7632 6062 7655 6055  
 7696 6018 7715 6021 7742 6031 7778 6058 7794 6088 7802 6135 7817 6152  
 7830 6150 7838 6144 7846 6155 7850 6189 7861 6174 7874 6175 7879 6198  
 7873 6228 7866 6248 7881 6252 7892 6244 7901 6230 7907 6234 7915 6303  
 7927 6307 7949 6304 7960 6307 7975 6339 7989 6382 8008 6424 8026 6436  
 8046 6436 8064 6429 8091 6409 8121 6342 8123 6316 8113 6274 8105 6261  
 8104 6242 8118 6187 8111 6174 8113 6162 8132 6148 8135 6149 8146 6137  
 8154 6118 8162 6106 8171 6079 8190 6081 8199 6072 8210 6042 8220 6024  
 8257 6021 8263 6022 8264 6002 8278 5961 8312 5909 8361 5852 8395 5801  
 8442 5786 8512 5745 8524 5728 8529 5705 8523 5695 8472 5706 8451 5705  
 8437 5682 8433 5660 8446 5653 8461 5657 8454 5621 8456 5613 8467 5607  
 8475 5608 8483 5601 8485 5586 8507 5544 8516 5533 8526 5559 8537 5575  
 8555 5563 8565 5549 8586 5561 8608 5550 8622 5550 8635 5563 8645 5565  
 8677 5539 8691 5544 8712 5565 8707 5588 8708 5644 8689 5663 8643 5677  
 8618 5677 8584 5689 8584 5691 8622 5713 8638 5727 8649 5750 8691 5736  
 8708 5735 8715 5744 8719 5762 8746 5753 8752 5761 8756 5778 8778 5791  
 8778 5810 8772 5829 8777 5895 8774 5918 8759 5931 8749 5944 8723 6049  
 8724 6062 8740 6064 8749 6070 8738 6104 8673 6171 8676 6200 8657 6205  
 8641 6239 8629 6245 8609 6241 8589 6275 8587 6305 8568 6310 8576 6319  
 8573 6338 8551 6365 8531 6376 8518 6391 8494 6407 8484 6398 8490 6375  
 8463 6390 8438 6408 8432 6435 8420 6446 8393 6453 8383 6446 8387 6417  
 8374 6406 8348 6416 8316 6458 8311 6465 8298 6507 8297 6530 8304 6562  
 8308 6566 8327 6543 8329 6584 8323 6600 8317 6607 8305 6612 8244 6716  
 8221 6724 8211 6734 8198 6762 8187 6772 8172 6764 8164 6801 8161 6835  
 8163 6855 8185 6903 8191 6906 8204 6921 8217 6975 8221 6976 8232 6972  
 8234 6963 8240 7007 8259 7000 8252 7044 8255 7069 8266 7100 8284 7131  
 8303 7153 8316 7161 8321 7161 8348 7132 8361 7125 8374 7129 8378 7144  
 8368 7185 8357 7197 8345 7204 8338 7275 8331 7292 8321 7299 8308 7294  
 8307 7290 8303 7292 8295 7359 8293 7424 8276 7450 8260 7493 8267 7503  
 8249 7536 8260 7556 8265 7577 8258 7619 8251 7640 8251 7657 8246 7670  
 8251 7693 8248 7708 8260 7728 8266 7747 8244 7779 8227 7850 8214 7892  
 8215 7907 8236 7952 8239 7998 8258 8026 8278 8036 8262 8060 8255 8088  
 8264 8222 8276 8245 8297 8267 8316 8265 8326 8250 8338 8270 8344 8308  
 8365 8338 8379 8348 8385 8366 8387 8386 8376 8390 8370 8400 8372 8461  
 8364 8518 8369 8550 8376 8569 8387 8581 8396 8599 8397 8607 8384 8615  
 8393 8631 8403 8637 8414 8635 8409 8684 8393 8737 8384 8760 8380 8797  
 8387 8837 8393 8835 8401 8820 8412 8816 8416 8825 8398 8870 8393 8873  
 8370 8928 8342 9022 8301 9066 8270 9084 8253 9081 8240 9075 8229 9077  
 8220 9086 8193 9144 8175 9207 8172 9261 8176 9314 8173 9322 8157 9341  
 8137 9389 8121 9412 8114 9410 8085 9366 8073 9358 8033 9411 8017 9413  
 8008 9410 7990 9353 7988 9340 7969 9354 7955 9359 7932 9350 7895 9379  
 7875 9379 7881 9354 7839 9302 7799 9331 7750 9383 7709 9463 7698 9500  
 7700 9521 7716 9538 7726 9560 7735 9570 7747 9566 7774 9603 7770 9622  
 7752 9648 7732 9658 7725 9657 7729 9715 7719 9734 7699 9745 7667 9818  
 7655 9821 7626 9797 7615 9809 7609 9866 7617 9960 7626 9953 763910000  
L  1 5   23     0   251   2611342199999     4                           
 602610000 6031 9995 6045 9993 604910000                                
L  1 9   24     9   241   2118888899999     6                           
 763910000100001000010000    0    0    0    010000 435710000            
L  1 9   25     9   211   2218888813421     2                           
 435710000 451710000                                                    
L  1 9   26     9   221   2518888899999     2                           
 451710000 602610000                                                    
L  1 9   27     9   251   2618888813421     2                           
 602610000 604910000                                                    
L  1 9   28     9   261   2318888899999     2                           
 604910000 606610000                                                    
L  1 9   29     9   231   2418888813421     2                           
 606610000 763910000                                                    
A  113421    1 8990 5212   1                                            
   -1                                                                   
A  113421    2 9065 5314   1                                            
   -2                                                                   
A  113421    3 4239 8342   1                                            
   -3                                                                   
A  113421    4 4166 8336   1                                            
   -4                                                                   
A  113421    5 3701 3227   1                                            
   -5                                                                   
A  113421    6 3569 3438   1                                            
   -6                                                                   
A  113421    7 3658 3306   1                                            
   -7                                                                   
A  113421    8 3382 4080   1                                            
   -8                                                                   
A  113421    9 3773 4254   1                                            
   -9                                                                   
A  113421   10 3491 5010   1                                            
  -10                                                                   
A  113421   11 4024 4890   1                                            
  -11                                                                   
A  113421   12 4212 5076   1                                            
  -12                                                                   
A  113421   13 4343 5176   1                                            
  -13                                                                   
A  113421   14 4358 4710   1                                            
  -14                                                                   
A  113421   15 4344 4863   1                                            
  -15                                                                   
A  113421   16 4380 4188   1                                            
  -16                                                                   
A  113421   17 4424 4104   1                                            
  -17                                                                   
A  113421   18 4655 4078   1                                            
  -18                                                                   
A  113421   19 8014 4361   1                                            
  -19                                                                   
A  113421   20 5921 9144   1                                            
  -20                                                                   
A  199999   21 3918 6724  46                                            
   21   26   23   28   22   24    0    1    0    2    0    3    0    4  
    0    5    0    6    0    7    0    8    0    9    0   10    0   11  
    0   12    0   13    0   14    0   15    0   16    0   17    0   18  
    0   19    0   20                                                    
A  113421   22 4374 9976   2                                            
   25  -21                                                              
A  113421   23 6785 6951   2                                            
   29  -22                                                              
A  113421   24 6038 9996   2                                            
   27  -23                                                              
H1 2    0    7    0    0   19 0506 0506                                 
L  2 4    1     0    00    00               4                           
 6038 8319 6126 8083 6054 7948 6209 7523                                
L  2 4    2     0    00    00               5                           
 6038 8319 5837 8374 5726 8187 5434 8078 5020 8156                      
L  2 4    3     0    00    00               8                           
 6209 7523 6167 7373 6012 7279 6119 6875 5717 6742 5553 6896 5491 6826  
 5491 6747                                                              
L  2 4    4     0    00    00              28                           
 7125 7694 7130 7674 7129 7657 7118 7634 7124 7519 7130 7503 7141 7492  
 7152 7487 7185 7485 7196 7481 7206 7470 7234 7416 7246 7388 7262 7366  
 7281 7348 7318 7328 7325 7319 7343 7290 7353 7281 7370 7276 7375 7271  
 7383 7241 7391 7230 7401 7224 7417 7228 7424 7226 7433 7214 7451 7182  
L  2 4    5     0    00    00               6                           
 6209 7523 6435 7394 6563 7360 6948 7580 7062 7554 7125 7694            
L  2 4    6     0    00    00               6                           
 643110000 6452 9707 6595 9516 6374 9260 6189 8532 6038 8319            
L  2 4    7     0    00    00              11                           
 7125 7694 7164 7781 6874 7918 6902 8065 7022 8045 7338 8373 7357 8777  
 7142 8904 7024 9267 7134 9824 716910000                                
H1 7    0    0    0    2    4 0506 0506                                 
P  7 7    1 3751 4213 0 1                                               
01 2 3751 4213              00  ìÏìá                                    
P  7 7    2 7332 8000 0 1                                               
01 2 7332 8000              00  ïÉìá                                    
M 404251åZìá                  3   28   39   25    3  482                
H2 1   28   32   25    0  458 0506 0506                                 
N  1 2    1 9236  722 0 2    1   -1    0    0    0    0    0    0    0  
N  1 2    2 2674 2357 0 2    2   -2    0    0    0    0    0    0    0  
N  1 2    3 2622 2440 0 2    3   -3    0    0    0    0    0    0    0  
N  1 2    4 2732 4090 0 2    4   -4    0    0    0    0    0    0    0  
N  1 2    5 4392 4915 0 2    5   -5    0    0    0    0    0    0    0  
N  1 2    6 3984 4740 0 2    6   -6    0    0    0    0    0    0    0  
N  1 2    7 4128 5126 0 2    7   -7    0    0    0    0    0    0    0  
N  1 2    8 3329 4002 0 2    8   -8    0    0    0    0    0    0    0  
N  1 2    9 3541 3498 0 2    9   -9    0    0    0    0    0    0    0  
N  1 2   10 8001 4152 0 2   10  -10    0    0    0    0    0    0    0  
N  1 2   11 7856 3998 0 2   11  -11    0    0    0    0    0    0    0  
N  1 2   12 7367 5276 0 2   12  -12    0    0    0    0    0    0    0  
N  1 2   13 5775 5928 0 2   13  -13    0    0    0    0    0    0    0  
N  1 2   14 5271 2515 0 2   14  -14    0    0    0    0    0    0    0  
N  1 2   15 4745 3540 0 2   15  -15    0    0    0    0    0    0    0  
N  1 2   16 5771 9000 0 2   16  -16    0    0    0    0    0    0    0  
N  1 2   17 5840 9164 0 2   17  -17    0    0    0    0    0    0    0  
N  1 2   18 5910 9164 0 2   18  -18    0    0    0    0    0    0    0  
N  1 2   19 5410 6912 0 2   19  -19    0    0    0    0    0    0    0  
N  1 2   20 4817 6302 0 2   20  -20    0    0    0    0    0    0    0  
N  1 1   21 4517    0 1 3   21  -28   29    0    0    0    0    0    0  
N  1 1   22 4357    0 1 3   28  -21   26    0    0    0    0    0    0  
N  1 1   23 6049    0 1 3   31   22  -30    0    0    0    0    0    0  
N  1 1   24 6066    0 1 3   32  -22  -31    0    0    0    0    0    0  
N  1 1   25 7639    0 1 3  -25   23  -32    0    0    0    0    0    0  
N  1 1   26 6026    0 1 3   30  -23  -29    0    0    0    0    0    0  
N  1 1   27 451910000 1 3   27  -26   24    0    0    0    0    0    0  
N  1 1   28 559610000 1 3   25  -27  -24    0    0    0    0    0    0  
L  1 5    1     0    10    101342199999    99                           
 9236  722 9236  725 9272  701 9300  690 9320  696 9332  685 9346  645  
 9347  628 9341  596 9343  585 9351  574 9365  569 9371  561 9377  545  
 9389  496 9410  467 9422  467 9436  478 9438  491 9446  481 9454  475  
 9458  497 9460  489 9468  486 9480  492 9480  505 9500  476 9504  476  
 9508  522 9523  552 9580  534 9590  534 9623  583 9655  599 9661  608  
 9649  621 9571  688 9573  701 9608  734 9618  751 9620  780 9636  786  
 9634  797 9630  799 9588  812 9582  829 9590  853 9596  875 9560  866  
 9550  874 9537  896 9473  965 9527  963 9547 1023 9541 1031 9510 1047  
 9500 1047 9486 1036 9446 1019 9442 1022 9444 1063 9456 1084 9448 1087  
 9434 1081 9396 1040 9388 1043 9362 1048 9350 1097 9340 1094 9310 1083  
 9292 1069 9288 1045 9266 1042 9246 1058 9232 1063 9220 1057 9214 1044  
 9165 1095 9127 1116 9109 1124 9093 1121 9083 1137 9073 1137 9063 1123  
 9049 1137 9041 1137 9033 1118 9023 1134 9013 1134 9009 1074 9042  996  
 9064  958 9078  953 9084  964 9102  932 9131  845 9153  840 9177  805  
 9236  722                                                              
L  1 5    2     0    20    201342199999     9                           
 2674 2357 2668 2370 2632 2411 2620 2408 2614 2389 2622 2370 2658 2343  
 2668 2349 2674 2357                                                    
L  1 5    3     0    30    301342199999    12                           
 2622 2440 2612 2446 2591 2443 2557 2448 2551 2445 2544 2418 2546 2402  
 2576 2413 2608 2408 2622 2419 2620 2438 2622 2440                      
L  1 5    4     0    40    401342199999    16                           
 2732 4090 2725 4104 2719 4106 2709 4095 2677 4090 2673 4073 2680 4057  
 2698 4047 2704 4047 2708 4028 2718 4028 2740 4034 2744 4066 2742 4077  
 2734 4085 2732 4090                                                    
L  1 5    5     0    50    501342199999    13                           
 4392 4915 4388 4936 4384 4936 4364 4928 4350 4949 4318 4957 4312 4949  
 4318 4911 4336 4914 4364 4904 4378 4898 4384 4901 4392 4915            
L  1 5    6     0    60    601342199999    32                           
 3984 4740 3998 4737 4012 4729 4016 4735 4026 4727 4055 4689 4057 4695  
 4055 4713 4047 4732 4028 4754 4006 4770 3980 4813 3958 4818 3907 4850  
 3893 4853 3861 4874 3843 4882 3831 4879 3831 4868 3839 4860 3867 4841  
 3882 4825 3888 4828 3906 4826 3924 4815 3944 4791 3952 4794 3962 4783  
 3970 4753 3976 4740 3982 4742 3984 4740                                
L  1 5    7     0    70    701342199999    50                           
 4128 5126 4122 5136 4108 5147 4078 5152 4062 5155 4040 5146 4008 5119  
 3984 5124 3948 5121 3906 5107 3896 5099 3896 5050 3904 5031 3918 5018  
 3935 4994 3945 4994 3969 5002 4027 4987 4021 4968 4041 4962 4100 4887  
 4128 4860 4144 4850 4168 4842 4186 4842 4234 4867 4240 4859 4248 4856  
 4258 4859 4288 4846 4298 4851 4308 4862 4316 4903 4316 4914 4296 4914  
 4272 4905 4260 4913 4244 4908 4240 4905 4222 4918 4190 4923 4186 4929  
 4181 4958 4169 4964 4151 4961 4111 5023 4109 5033 4125 5053 4129 5085  
 4128 5126                                                              
L  1 5    8     0    80    801342199999   169                           
 3329 4002 3321 4007 3307 4061 3309 4083 3307 4099 3291 4107 3287 4121  
 3296 4156 3266 4164 3248 4177 3234 4207 3216 4220 3196 4193 3184 4193  
 3162 4181 3128 4089 3116 4073 3078 4056 3052 4056 3032 4072 3002 4139  
 2988 4163 2971 4182 2955 4193 2941 4193 2927 4190 2893 4171 2873 4189  
 2847 4200 2843 4205 2815 4210 2803 4197 2838 4116 2840 4116 2846 4045  
 2856 4018 2874 4000 2890 3997 2897 3989 2899 3965 2901 3959 2915 3965  
 2923 3973 2941 3933 2945 3930 2935 3911 2935 3903 2947 3887 2978 3819  
 2980 3801 2994 3771 2944 3770 2932 3770 2926 3765 2930 3754 2934 3751  
 2952 3757 2966 3725 2978 3717 2998 3722 3007 3674 2999 3676 2989 3671  
 2973 3616 2957 3576 2959 3551 2974 3519 2976 3505 2974 3503 2942 3513  
 2922 3505 2908 3497 2884 3502 2870 3488 2854 3461 2844 3458 2834 3458  
 2778 3446 2746 3451 2719 3446 2705 3448 2693 3446 2686 3429 2692 3389  
 2662 3329 2660 3307 2682 3332 2686 3326 2688 3307 2696 3297 2700 3286  
 2695 3267 2679 3245 2675 3218 2677 3212 2687 3215 2693 3226 2709 3186  
 2727 3208 2757 3203 2783 3219 2805 3222 2869 3215 2893 3201 2906 3188  
 2922 3180 2940 3188 2961 3221 2992 3189 2998 3186 3020 3208 3035 3254  
 3037 3268 3051 3287 3059 3279 3069 3301 3069 3317 3061 3336 3073 3390  
 3098 3434 3120 3455 3150 3456 3173 3440 3191 3413 3215 3389 3225 3386  
 3243 3389 3263 3400 3275 3427 3303 3403 3315 3414 3340 3512 3348 3515  
 3357 3507 3349 3477 3357 3463 3377 3480 3381 3474 3375 3445 3377 3431  
 3383 3428 3393 3437 3401 3458 3403 3488 3402 3529 3408 3551 3444 3564  
 3450 3570 3450 3581 3446 3594 3460 3605 3472 3608 3498 3581 3508 3576  
 3516 3579 3522 3598 3522 3638 3510 3649 3488 3630 3478 3630 3432 3692  
 3415 3721 3393 3791 3374 3932 3352 3959 3348 3959 3338 3983 3335 3999  
 3329 4002                                                              
L  1 5    9     0    90    901342199999    12                           
 3541 3498 3541 3514 3529 3527 3517 3522 3491 3484 3473 3462 3469 3451  
 3479 3435 3493 3435 3509 3443 3525 3465 3541 3498                      
L  1 5   10     0   100   1001342199999    14                           
 8001 4152 8005 4160 7993 4206 7983 4224 7959 4208 7955 4192 7949 4186  
 7959 4148 7973 4132 7975 4127 7981 4124 7989 4124 8001 4146 8001 4152  
L  1 5   11     0   110   1101342199999   871                           
 7856 3998 7840 3998 7819 4044 7817 4082 7829 4112 7829 4134 7835 4163  
 7846 4180 7876 4194 7893 4175 7903 4175 7919 4194 7928 4227 7922 4243  
 7900 4253 7876 4332 7890 4343 7881 4380 7889 4416 7897 4459 7883 4497  
 7873 4510 7862 4518 7852 4515 7839 4499 7814 4529 7794 4517 7784 4498  
 7789 4466 7777 4420 7765 4436 7735 4444 7721 4438 7695 4400 7669 4381  
 7661 4389 7640 4437 7656 4446 7660 4457 7648 4494 7638 4502 7634 4502  
 7610 4545 7597 4588 7617 4651 7619 4667 7613 4689 7564 4767 7528 4804  
 7512 4807 7484 4798 7486 4839 7478 4863 7463 4877 7455 4898 7477 4901  
 7473 4926 7463 4939 7451 4933 7437 4914 7425 4911 7413 4890 7411 4863  
 7405 4857 7401 4860 7383 4857 7377 4887 7375 4952 7360 5008 7352 5019  
 7330 5024 7318 5029 7278 5089 7268 5091 7246 5077 7236 5064 7218 5053  
 7208 5058 7202 5074 7198 5093 7191 5112 7181 5120 7177 5131 7225 5169  
 7241 5186 7253 5218 7265 5245 7257 5278 7275 5262 7283 5270 7289 5300  
 7296 5311 7300 5332 7292 5386 7280 5408 7274 5411 7304 5419 7318 5433  
 7328 5452 7332 5476 7331 5495 7319 5544 7269 5565 7251 5578 7245 5589  
 7219 5608 7192 5610 7150 5634 7132 5637 7120 5647 7104 5652 7088 5652  
 7078 5647 7070 5617 7071 5549 7055 5517 7041 5506 7013 5500 6993 5513  
 6981 5510 6969 5505 6959 5491 6951 5464 6937 5450 6903 5436 6875 5417  
 6869 5412 6861 5390 6851 5382 6841 5387 6821 5360 6821 5365 6807 5365  
 6777 5357 6777 5338 6769 5332 6743 5340 6727 5329 6721 5321 6717 5305  
 6687 5307 6669 5328 6663 5328 6653 5320 6639 5298 6633 5266 6599 5241  
 6595 5257 6581 5279 6569 5287 6535 5249 6521 5205 6520 5167 6517 5181  
 6509 5186 6501 5189 6489 5170 6494 5161 6472 5142 6460 5139 6413 5139  
 6373 5136 6357 5128 6325 5133 6297 5130 6265 5116 6251 5113 6245 5118  
 6239 5121 6225 5110 6219 5102 6211 5104 6205 5104 6199 5091 6206 5047  
 6195 5061 6187 5061 6176 5036 6158 4968 6154 4963 6148 4985 6148 5004  
 6153 5042 6149 5142 6149 5169 6143 5188 6134 5198 6132 5217 6142 5236  
 6152 5280 6152 5304 6146 5318 6134 5326 6130 5334 6156 5342 6172 5353  
 6211 5435 6229 5459 6241 5484 6253 5524 6251 5543 6230 5567 6222 5592  
 6230 5589 6253 5562 6269 5571 6297 5557 6304 5595 6302 5671 6306 5695  
 6300 5717 6288 5733 6282 5736 6272 5730 6268 5719 6256 5727 6246 5725  
 6239 5733 6225 5762 6209 5789 6201 5786 6195 5778 6189 5743 6167 5802  
 6157 5810 6149 5813 6137 5807 6133 5791 6135 5734 6148 5691 6107 5718  
 6073 5766 6055 5766 6045 5771 6035 5768 6007 5698 5979 5657 5978 5616  
 5968 5603 5939 5624 5922 5599 5903 5613 5879 5607 5870 5583 5866 5558  
 5858 5564 5843 5590 5825 5598 5813 5593 5799 5576 5777 5560 5766 5535  
 5773 5565 5771 5655 5761 5709 5752 5730 5726 5773 5716 5806 5700 5822  
 5686 5816 5666 5802 5660 5805 5648 5813 5632 5816 5624 5813 5616 5796  
 5608 5810 5577 5842 5555 5855 5555 5842 5561 5834 5563 5823 5549 5834  
 5507 5887 5499 5895 5499 5904 5516 5955 5516 5961 5510 5969 5488 5985  
 5458 6028 5438 6068 5317 6172 5327 6170 5357 6197 5378 6238 5386 6276  
 5404 6292 5408 6314 5402 6322 5410 6338 5420 6352 5432 6385 5430 6393  
 5403 6406 5437 6447 5435 6463 5421 6474 5395 6457 5363 6452 5345 6446  
 5333 6449 5319 6448 5309 6440 5283 6481 5256 6537 5254 6562 5268 6605  
 5270 6616 5258 6635 5244 6632 5240 6643 5243 6664 5265 6721 5259 6784  
 5277 6819 5282 6849 5276 6860 5260 6865 5218 6872 5198 6870 5188 6856  
 5178 6831 5182 6813 5167 6785 5155 6777 5135 6777 5122 6785 5114 6806  
 5120 6842 5128 6877 5128 6912 5114 6928 5063 6933 5055 6933 4992 6881  
 4984 6862 5002 6784 5016 6743 5051 6692 5061 6670 5058 6581 5052 6543  
 5042 6535 5022 6546 5020 6518 5026 6500 5034 6489 5036 6478 5032 6451  
 5019 6402 4995 6383 4981 6369 4977 6372 4973 6372 4961 6353 4945 6363  
 4941 6358 4935 6285 4923 6282 4923 6236 4905 6214 4900 6195 4892 6144  
 4876 6081 4872 6057 4879 6019 4925 6025 4955 6033 4949 5984 4951 5963  
 4961 5949 4973 5941 4999 5936 5025 5942 5037 5934 5054 5929 5034 5896  
 5030 5861 5036 5842 5054 5807 5087 5767 5089 5753 5097 5740 5105 5734  
 5109 5705 5119 5697 5153 5719 5171 5705 5183 5708 5189 5705 5203 5684  
 5212 5646 5150 5608 5112 5564 5096 5561 5082 5555 5070 5539 5060 5533  
 5042 5506 5014 5492 4982 5468 4976 5449 4942 5446 4930 5435 4908 5388  
 4875 5361 4855 5336 4841 5309 4837 5274 4809 5263 4811 5279 4803 5282  
 4769 5265 4761 5308 4752 5325 4734 5338 4730 5335 4709 5281 4695 5283  
 4695 5264 4699 5245 4697 5237 4733 5262 4741 5262 4787 5190 4810 5141  
 4816 5103 4828 5060 4833 4965 4851 4917 4839 4873 4821 4870 4813 4860  
 4814 4849 4822 4838 4890 4801 4908 4771 4918 4760 4928 4758 4955 4709  
 4967 4693 4987 4685 5009 4650 5017 4626 5020 4599 5016 4564 5010 4531  
 4996 4518 4984 4509 4982 4474 4963 4414 4955 4412 4941 4387 4905 4381  
 4897 4365 4875 4346 4869 4365 4865 4370 4839 4364 4823 4334 4803 4342  
 4793 4334 4791 4302 4781 4304 4775 4261 4777 4220 4759 4258 4719 4260  
 4715 4263 4719 4239 4723 4236 4725 4201 4762 4179 4804 4164 4818 4161  
 4856 4170 4878 4140 4894 4135 4906 4135 4932 4108 4944 4098 4956 4095  
 4976 4101 4982 4114 4954 4127 4952 4138 4954 4149 4964 4155 4988 4149  
 5008 4150 5024 4155 5040 4153 5044 4164 5032 4166 5026 4161 5020 4169  
 5010 4177 5010 4182 5018 4185 5026 4182 5040 4185 5060 4207 5070 4213  
 5078 4229 5096 4234 5112 4256 5132 4267 5151 4330 5165 4352 5171 4376  
 5179 4392 5205 4406 5253 4415 5279 4415 5289 4407 5299 4394 5312 4386  
 5336 4380 5342 4372 5358 4400 5393 4422 5411 4427 5430 4425 5446 4414  
 5480 4401 5494 4428 5496 4425 5510 4426 5570 4429 5602 4408 5622 4402  
 5661 4341 5677 4322 5705 4319 5721 4298 5759 4288 5787 4282 5813 4285  
 5855 4259 5860 4234 5880 4224 5880 4162 5884 4153 5910 4189 5918 4186  
 5932 4146 5934 4127 5922 4121 5919 4105 5917 4048 5909 4021 5903 4010  
 5907 3999 5917 4000 5937 3978 5945 3975 5957 3986 5959 3989 5967 3984  
 5999 3981 6036 3952 6052 3939 6064 3901 6092 3907 6124 3891 6118 3869  
 6121 3853 6133 3856 6147 3853 6171 3837 6175 3856 6183 3870 6195 3878  
 6209 3881 6233 3849 6255 3797 6257 3773 6253 3754 6260 3705 6258 3670  
 6248 3643 6226 3621 6210 3583 6183 3542 6149 3512 6095 3484 6079 3482  
 6069 3481 6063 3425 6059 3406 6049 3395 6039 3389 6015 3410 6007 3362  
 6001 3351 5975 3329 5959 3356 5937 3372 5921 3409 5901 3377 5863 3341  
 5859 3322 5873 3312 5911 3301 5927 3293 5962 3247 5936 3234 5910 3193  
 5922 3133 5948 3144 5958 3145 5967 3131 5971 3115 5971 3080 5963 3047  
 5959 3042 5941 3063 5931 3063 5917 3047 5899 3055 5885 3049 5869 3033  
 5851 3008 5837 2997 5819 3002 5801 2994 5787 2975 5773 2926 5785 2913  
 5808 2886 5806 2813 5814 2805 5858 2819 5888 2816 5914 2854 5942 2833  
 5960 2836 5988 2850 6094 2883 6116 2884 6143 2857 6163 2771 6193 2806  
 6260 2744 6286 2726 6296 2737 6292 2756 6303 2772 6356 2778 6374 2773  
 6392 2749 6402 2724 6428 2700 6470 2684 6490 2693 6534 2699 6550 2710  
 6592 2748 6600 2764 6602 2772 6626 2792 6642 2797 6656 2776 6670 2771  
 6714 2790 6736 2793 6784 2783 6803 2764 6807 2756 6815 2748 6819 2750  
 6831 2740 6841 2740 6861 2751 6895 2749 6913 2741 6939 2711 6951 2709  
 6979 2725 7011 2728 7025 2704 7056 2661 7068 2650 7102 2651 7130 2656  
 7146 2662 7158 2700 7178 2730 7190 2735 7216 2698 7232 2706 7248 2728  
 7252 2723 7266 2688 7286 2701 7316 2683 7334 2686 7348 2707 7346 2761  
 7344 2789 7325 2832 7333 2880 7341 2908 7355 2919 7373 2930 7405 2938  
 7419 2933 7453 2909 7481 2893 7513 2890 7527 2883 7556 2850 7566 2845  
 7576 2842 7586 2853 7590 2870 7578 2888 7581 2897 7606 2897 7636 2908  
 7658 2922 7664 2925 7672 2908 7678 2890 7702 2882 7772 2877 7772 2904  
 7800 2942 7826 2967 7846 2973 7872 2967 7894 2941 7904 2911 7922 2903  
 7926 2889 7910 2887 7902 2881 7904 2859 7910 2851 7927 2852 7946 2876  
 7958 2898 7972 2876 7991 2863 8029 2847 8037 2839 8049 2837 8063 2818  
 8075 2815 8089 2818 8103 2810 8113 2802 8131 2802 8143 2811 8169 2846  
 8187 2865 8197 2871 8217 2833 8229 2836 8235 2825 8235 2809 8255 2806  
 8278 2766 8278 2723 8284 2723 8310 2728 8338 2715 8390 2702 8428 2727  
 8436 2730 8456 2716 8464 2741 8470 2771 8466 2806 8472 2830 8478 2833  
 8506 2844 8582 2780 8594 2794 8600 2826 8598 2859 8582 2869 8560 2877  
 8550 2883 8550 2896 8561 2929 8593 2962 8619 3005 8637 3024 8629 3032  
 8627 3032 8641 3049 8635 3054 8627 3054 8605 3067 8605 3073 8638 3122  
 8638 3146 8632 3162 8620 3162 8612 3170 8610 3197 8624 3243 8601 3305  
 8577 3329 8487 3356 8447 3352 8425 3347 8413 3314 8385 3314 8341 3284  
 8339 3292 8347 3335 8344 3357 8330 3370 8312 3370 8300 3362 8292 3340  
 8268 3337 8251 3310 8242 3312 8238 3323 8240 3337 8230 3358 8212 3369  
 8190 3371 8160 3371 8154 3363 8164 3395 8150 3403 8130 3400 8112 3389  
 8078 3357 8070 3354 8074 3413 8037 3429 7989 3431 7957 3431 7941 3450  
 7919 3515 7916 3577 7902 3585 7832 3573 7828 3581 7832 3608 7816 3633  
 7820 3646 7836 3663 7856 3666 7876 3677 7887 3701 7885 3717 7897 3744  
 7905 3788 7921 3791 7933 3796 7921 3861 7906 3893 7884 3931 7878 3953  
 7890 3961 7930 3964 7948 3975 7954 3999 7928 3999 7918 4013 7908 4015  
 7872 4007 7866 3999 7856 3998                                          
L  1 5   12     0   120   1201342199999    18                           
 7367 5276 7357 5290 7335 5298 7317 5297 7299 5292 7293 5262 7299 5246  
 7327 5208 7351 5192 7375 5184 7385 5187 7393 5198 7395 5209 7385 5233  
 7385 5252 7379 5252 7373 5257 7367 5276                                
L  1 5   13     0   130   1301342199999    16                           
 5775 5928 5765 5955 5755 5971 5731 5990 5717 5992 5717 5984 5707 5973  
 5701 5895 5726 5855 5738 5847 5758 5844 5768 5847 5778 5866 5783 5896  
 5779 5917 5775 5928                                                    
L  1 5   14     0   140   1401342199999    21                           
 5271 2515 5259 2539 5243 2544 5227 2539 5187 2479 5161 2476 5145 2465  
 5125 2440 5123 2402 5129 2391 5139 2386 5159 2392 5195 2381 5213 2381  
 5223 2387 5231 2401 5237 2433 5231 2479 5257 2485 5267 2493 5271 2515  
L  1 5   15     0   150   1501342199999    56                           
 4745 3540 4747 3549 4767 3538 4771 3557 4781 3562 4809 3560 4821 3568  
 4819 3582 4797 3592 4793 3600 4795 3619 4791 3636 4746 3716 4732 3730  
 4716 3727 4712 3730 4694 3770 4678 3794 4658 3810 4613 3818 4597 3899  
 4589 3904 4579 3904 4559 3888 4551 3888 4537 3871 4533 3841 4513 3838  
 4501 3852 4495 3849 4485 3819 4475 3811 4483 3806 4493 3806 4517 3795  
 4526 3730 4534 3720 4548 3741 4556 3750 4562 3747 4576 3717 4584 3712  
 4584 3688 4618 3661 4624 3642 4639 3623 4637 3599 4649 3602 4655 3632  
 4663 3623 4673 3594 4675 3594 4689 3586 4727 3565 4743 3549 4745 3540  
L  1 5   16     0   160   1601342199999    15                           
 5771 9000 5774 9019 5752 9038 5746 9033 5744 9025 5730 9022 5728 9005  
 5729 8989 5737 8984 5743 8984 5749 8976 5755 8976 5765 8992 5765 8998  
 5771 9000                                                              
L  1 5   17     0   170   1701342199999     9                           
 5840 9164 5826 9136 5824 9109 5832 9093 5844 9093 5852 9107 5850 9161  
 5840 9161 5840 9164                                                    
L  1 5   18     0   180   1801342199999    14                           
 5910 9164 5902 9189 5894 9194 5890 9188 5884 9194 5870 9194 5864 9188  
 5864 9167 5866 9156 5884 9140 5906 9145 5908 9156 5908 9164 5910 9164  
L  1 5   19     0   190   1901342199999    15                           
 5410 6912 5404 6945 5402 6966 5400 6969 5378 6958 5370 6947 5348 6936  
 5344 6917 5344 6871 5357 6850 5381 6844 5403 6855 5411 6864 5414 6893  
 5410 6912                                                              
L  1 5   20     0   200   2001342199999    13                           
 4817 6302 4817 6262 4825 6243 4837 6230 4845 6232 4869 6257 4879 6276  
 4881 6290 4881 6311 4857 6322 4841 6322 4823 6303 4817 6302            
L  1 5   21     0   211   2211342199999    23                           
 4517    0 4522   19 4520   27 4506   46 4502   81 4484  105 4462  121  
 4438  148 4423  153 4409  142 4406  137 4397  139 4385  158 4365  139  
 4350   95 4340   90 4338   79 4340   60 4368   12 4370    4 4362    6  
 4356    3 4357    0                                                    
L  1 5   22     0   231   2411342199999     4                           
 6049    0 6064   27 6076   19 6066    0                                
L  1 5   23     0   251   2611342199999   446                           
 7639    0 7643   15 7650   63 7652   61 7667   64 7676   77 7700  134  
 7716  145 7740  140 7752  130 7766  127 7766  146 7754  186 7758  232  
 7752  259 7739  276 7747  376 7743  400 7737  419 7728  427 7716  427  
 7696  446 7676  443 7696  489 7698  508 7692  519 7674  527 7646  529  
 7650  545 7671  581 7673  608 7661  616 7645  618 7637  615 7627  659  
 7623  667 7611  661 7603  675 7589  691 7594  815 7562  820 7524  831  
 7513  901 7491  955 7443  990 7436  998 7436 1008 7458 1049 7454 1082  
 7442 1133 7446 1147 7440 1163 7423 1184 7407 1198 7395 1195 7369 1165  
 7333 1137 7315 1140 7303 1153 7277 1204 7279 1234 7283 1250 7279 1259  
 7261 1266 7232 1272 7220 1285 7212 1309 7210 1353 7212 1363 7226 1380  
 7234 1383 7236 1391 7228 1412 7207 1431 7169 1452 7161 1569 7160 1604  
 7166 1631 7180 1658 7216 1702 7224 1702 7254 1678 7264 1678 7272 1686  
 7276 1702 7274 1713 7256 1748 7245 1770 7227 1788 7215 1794 7197 1785  
 7185 1766 7182 1731 7176 1720 7162 1712 7108 1692 7104 1682 7102 1663  
 7090 1646 7084 1643 7020 1643 6992 1648 6968 1658 6927 1693 6881 1747  
 6844 1795 6800 1833 6782 1857 6764 1903 6763 1949 6767 1965 6804 1944  
 6822 1944 6828 1952 6825 1957 6795 1990 6773 2030 6741 2054 6723 2062  
 6701 2062 6689 2056 6677 2067 6672 2088 6662 2094 6642 2093 6644 2064  
 6622 2061 6627 2045 6647 2039 6649 2039 6645 2010 6609 1947 6601 1950  
 6581 1952 6531 1949 6519 1981 6511 1992 6456 2016 6424 2018 6400 2029  
 6384 2031 6378 2020 6378 2007 6356 2001 6326 2012 6302 2017 6274 2041  
 6268 2043 6256 2043 6234 2051 6212 2048 6198 2037 6188 2045 6145 2102  
 6131 2164 6138 2229 6160 2237 6170 2251 6174 2267 6168 2281 6158 2291  
 6070 2290 6012 2287 5986 2295 5968 2306 5954 2295 5932 2286 5910 2272  
 5916 2254 5918 2232 5904 2194 5838 2223 5820 2225 5750 2211 5695 2221  
 5661 2216 5649 2267 5633 2291 5623 2296 5609 2288 5603 2269 5609 2210  
 5569 2188 5557 2187 5543 2214 5521 2233 5491 2235 5483 2303 5488 2317  
 5476 2317 5383 2226 5385 2215 5401 2205 5407 2170 5407 2134 5400 2105  
 5302 2071 5284 2071 5265 2076 5247 2089 5223 2122 5213 2143 5209 2165  
 5211 2192 5226 2222 5234 2265 5236 2311 5226 2314 5216 2319 5196 2351  
 5182 2359 5160 2356 5154 2354 5160 2340 5162 2321 5162 2302 5148 2283  
 5084 2228 5038 2179 5024 2174 5014 2171 4980 2184 4962 2184 4890 2175  
 4868 2175 4850 2183 4838 2191 4832 2204 4825 2250 4823 2255 4797 2247  
 4791 2244 4791 2271 4785 2277 4763 2285 4743 2298 4727 2298 4691 2278  
 4675 2267 4659 2262 4647 2262 4649 2235 4641 2205 4613 2175 4572 2142  
 4556 2125 4530 2114 4430 2043 4414 2029 4414 2007 4386 1969 4367 1907  
 4339 1798 4327 1763 4322 1692 4338 1652 4354 1636 4372 1625 4384 1606  
 4389 1590 4383 1539 4364 1427 4364 1381 4380 1346 4402 1317 4384 1292  
 4378 1276 4375 1241 4357 1227 4361 1195 4349 1165 4341 1116 4331 1097  
 4320 1083 4302  972 4306  959 4318  934 4347  840 4347  829 4331  799  
 4330  764 4367  808 4379  808 4402  784 4430  778 4470  757 4506  693  
 4528  671 4551  661 4571  645 4613  594 4658  497 4664  470 4668  405  
 4665  375 4651  304 4647  248 4662  204 4680  180 4722  178 4756  178  
 4764  178 4782  195 4812  244 4824  255 4858  266 4888  266 4904  269  
 4953  335 4987  351 5009  354 5027  352 5052  338 5070  333 5090  339  
 5108  355 5149  432 5131  450 5137  475 5139  486 5115  507 5103  496  
 5097  482 5087  485 5053  509 5042  522 5042  601 5056  677 5119  780  
 5141  821 5155  830 5207  895 5226  909 5249  909 5277  885 5301  847  
 5313  820 5339  818 5367  835 5321  891 5303  918 5320  940 5336  943  
 5348  959 5398  989 5408  987 5421  962 5421  957 5437  963 5441  968  
 5436  992 5466 1017 5486 1074 5498 1099 5506 1107 5516 1110 5524 1096  
 5538 1085 5548 1088 5562 1113 5570 1153 5570 1172 5617 1211 5627 1233  
 5617 1297 5621 1319 5629 1333 5659 1352 5663 1360 5641 1374 5624 1379  
 5612 1389 5586 1468 5586 1470 5592 1473 5608 1465 5668 1485 5692 1482  
 5720 1488 5738 1529 5754 1478 5758 1472 5766 1489 5762 1513 5764 1526  
 5796 1567 5798 1578 5788 1584 5801 1611 5781 1627 5763 1597 5751 1589  
 5751 1583 5749 1594 5765 1629 5791 1635 5801 1632 5817 1616 5824 1573  
 5816 1557 5802 1543 5824 1497 5828 1543 5961 1442 6012 1581 6032 1565  
 6033 1505 6031 1486 6015 1426 6013 1407 6001 1413 5965 1334 5945 1344  
 5874 1138 5894 1141 5909 1135 5965 1095 5981 1077 6030  964 6052  869  
 6053  842 6043  799 6039  704 6034  674 6038  606 6014  587 6019  509  
 6029  484 6031  455 6015  387 6000  335 5972  300 5956  272 5944  267  
 5932  253 5918  226 5906  169 5904  147 5921   88 5933   85 5945   91  
 5961   91 5961   32 5971   26 6019   35 6026    0                      
L  1 5   24     0   271   2811342199999   334                           
 451910000 4497 9973 4491 9970 4477 9973 4465 9972 4461 9959 4454 9886  
 4456 9864 4468 9834 4488 9813 4493 9759 4491 9691 4495 9675 4513 9656  
 4502 9632 4494 9621 4476 9607 4452 9582 4418 9563 4414 9501 4416 9482  
 4439 9433 4443 9406 4441 9314 4448 9236 4469 9117 4487 9066 4507 9031  
 4485 8987 4466 8949 4458 8900 4458 8895 4494 8871 4502 8852 4494 8822  
 4485 8798 4483 8781 4513 8776 4515 8768 4509 8752 4487 8730 4455 8713  
 4403 8699 4397 8694 4399 8672 4413 8643 4409 8621 4402 8607 4370 8585  
 4338 8569 4308 8568 4267 8579 4243 8581 4229 8557 4228 8535 4236 8519  
 4256 8506 4278 8484 4290 8460 4296 8417 4317 8409 4319 8409 4332 8428  
 4350 8442 4400 8458 4408 8458 4431 8448 4443 8445 4493 8462 4503 8451  
 4515 8400 4521 8392 4539 8398 4549 8395 4574 8328 4586 8309 4648 8244  
 4659 8226 4665 8204 4665 8185 4659 8169 4625 8133 4615 8120 4599 8060  
 4588 8033 4570 8003 4552 7986 4532 7954 4532 7935 4555 7859 4559 7813  
 4569 7783 4603 7732 4608 7711 4606 7697 4584 7659 4576 7632 4568 7599  
 4542 7583 4522 7564 4508 7569 4478 7596 4448 7631 4434 7636 4406 7633  
 4375 7660 4343 7675 4323 7678 4311 7686 4277 7686 4271 7699 4249 7718  
 4243 7720 4209 7715 4201 7704 4193 7668 4199 7666 4203 7669 4225 7658  
 4251 7637 4251 7607 4241 7607 4229 7588 4217 7588 4195 7598 4187 7598  
 4181 7555 4175 7546 4167 7587 4159 7590 4147 7581 4146 7530 4150 7503  
 4148 7484 4136 7478 4120 7421 4138 7376 4169 7349 4175 7327 4196 7216  
 4204 7198 4210 7189 4236 7190 4246 7187 4266 7163 4304 7158 4326 7169  
 4388 7210 4408 7221 4430 7224 4458 7216 4466 7211 4466 7192 4445 7122  
 4449 7095 4457 7084 4469 7076 4527 7055 4543 7047 4558 7028 4566 7025  
 4590 7034 4602 7039 4666 7007 4680 6999 4718 7003 4746 6987 4762 6971  
 4779 6952 4789 6949 4819 6949 4835 6952 4851 6961 4857 6982 4854 7020  
 4840 7061 4830 7074 4812 7082 4806 7082 4814 7125 4813 7161 4797 7233  
 4776 7312 4764 7333 4746 7349 4766 7379 4788 7426 4792 7447 4802 7464  
 4807 7523 4799 7577 4785 7623 4786 7642 4802 7667 4826 7683 4870 7692  
 4918 7711 4932 7706 4945 7684 4983 7658 4991 7655 5023 7669 5045 7650  
 5059 7645 5091 7643 5093 7659 5111 7681 5141 7684 5145 7695 5143 7743  
 5157 7773 5168 7792 5182 7852 5178 7866 5152 7892 5150 7903 5164 7920  
 5200 7925 5234 7964 5261 8002 5267 8021 5315 8021 5337 8059 5349 8057  
 5371 8076 5425 8155 5435 8161 5449 8166 5459 8220 5505 8234 5509 8243  
 5496 8264 5554 8332 5560 8362 5560 8381 5544 8427 5543 8449 5551 8465  
 5563 8468 5571 8471 5581 8511 5589 8519 5601 8520 5615 8528 5627 8555  
 5633 8563 5669 8555 5687 8591 5701 8605 5701 8621 5690 8667 5682 8677  
 5664 8664 5654 8664 5634 8650 5628 8653 5624 8647 5624 8671 5630 8704  
 5622 8728 5594 8731 5584 8725 5568 8755 5557 8765 5551 8782 5553 8793  
 5555 8790 5569 8795 5573 8812 5575 8833 5587 8858 5587 8890 5593 8901  
 5599 8931 5607 8926 5643 8926 5663 8937 5677 8951 5684 8983 5692 9002  
 5700 9070 5706 9092 5726 9122 5738 9127 5752 9128 5768 9133 5780 9149  
 5788 9166 5799 9250 5797 9285 5801 9318 5783 9325 5764 9352 5750 9474  
 5756 9498 5769 9518 5801 9539 5823 9572 5875 9570 5913 9581 5919 9592  
 5917 9611 5907 9624 5895 9635 5871 9640 5861 9678 5866 9786 5876 9827  
 5900 9865 5916 9887 5926 9909 5915 9955 5901 9974 5889 9974 5883 9965  
 5877 9944 5849 9922 5845 9911 5837 9913 5817 9943 5793 9951 5751 9948  
 5729 9942 5705 9888 5681 9855 5661 9839 5645 9838 5631 9844 5609 9870  
 5590 9933 5590 9949 5596 9962 5600 9984 559610000                      
L  1 9   25     9   281   2518888899999     4                           
 559610000100001000010000    0 7639    0                                
L  1 9   26     9   221   2718888899999     4                           
 4357    0    0    0    010000 451910000                                
L  1 9   27     9   271   2818888813421     2                           
 451910000 559610000                                                    
L  1 9   28     9   221   2111342188888     2                           
 4357    0 4517    0                                                    
L  1 9   29     9   211   2619999988888     2                           
 4517    0 6026    0                                                    
L  1 9   30     9   261   2311342188888     2                           
 6026    0 6049    0                                                    
L  1 9   31     9   231   2419999988888     2                           
 6049    0 6066    0                                                    
L  1 9   32     9   241   2511342188888     2                           
 6066    0 7639    0                                                    
A  113421    1 9402  801   1                                            
   -1                                                                   
A  113421    2 2641 2376   1                                            
   -2                                                                   
A  113421    3 2584 2424   1                                            
   -3                                                                   
A  113421    4 2710 4066   1                                            
   -4                                                                   
A  113421    5 4353 4926   1                                            
   -5                                                                   
A  113421    6 3979 4785   1                                            
   -6                                                                   
A  113421    7 4056 4998   1                                            
   -7                                                                   
A  113421    8 3216 3696   1                                            
   -8                                                                   
A  113421    9 3510 3480   1                                            
   -9                                                                   
A  113421   10 7977 4174   1                                            
  -10                                                                   
A  113421   11 6181 4808   1                                            
  -11                                                                   
A  113421   12 7343 5242   1                                            
  -12                                                                   
A  113421   13 5741 5918   1                                            
  -13                                                                   
A  113421   14 5188 2462   1                                            
  -14                                                                   
A  113421   15 4658 3721   1                                            
  -15                                                                   
A  113421   16 5750 9006   1                                            
  -16                                                                   
A  113421   17 5838 9128   1                                            
  -17                                                                   
A  113421   18 5887 9166   1                                            
  -18                                                                   
A  113421   19 5378 6906   1                                            
  -19                                                                   
A  113421   20 4848 6276   1                                            
  -20                                                                   
A  199999   21 8728 4897  46                                            
   21   26   24   25   23  -29    0    1    0    2    0    3    0    4  
    0    5    0    6    0    7    0    8    0    9    0   10    0   11  
    0   12    0   13    0   14    0   15    0   16    0   17    0   18  
    0   19    0   20                                                    
A  113421   22 4420   78   2                                            
  -28  -21                                                              
A  199999   23 6064   12   2                                            
   22  -31                                                              
A  113421   24 6587 1198   4                                            
  -30  -23  -32  -22                                                    
A  113421   25 4927 8470   2                                            
   27  -24                                                              
H1 2    0    7    0    0   16 0506 0506                                 
L  2 4    1     0    00    00               2                           
 5004  536 5102  966                                                    
L  2 4    2     1    00    00               2                           
 6093  532 6211   82                                                    
L  2 4    3     0    00    00               6                           
 6128 1482 6049 1234 6099  997 6132  799 6064  770 6093  532            
L  2 4    4     0    00    00               2                           
 5019 1145 5102  966                                                    
L  2 4    5     0    00    00               6                           
 5102  966 5491 1095 5614 1229 5570 1461 5872 1676 6128 1482            
L  2 4    6     0    00    00               4                           
 6211   82 6265   38 6364   94 6431    0                                
L  2 4    7     0    00    00              17                           
 7169    0 7235  161 7141  393 7053  490 7156  732 7081 1089 6956 1138  
 6896 1151 7057 1217 6729 1605 6784 1409 6498 1462 6653 1508 6483 1548  
 6457 1585 6271 1485 6128 1482                                          
H1 7    0    0    0    3    5 0506 0506                                 
P  7 7    1 7332 4000 0 1                                               
01 2 7332 4000              00  åZìá                                    
P  7 7    2 9376  892 0 1                                               
01 2 9376  892              00  ìåìá                                    
P  753    3 5088  966 0 0                                               
M 404261åZìá                  2    8    9    8    2   97                
H2 1    8    9    8    0   91 0506 0506                                 
N  1 2    1 4607 1728 0 2    1   -1    0    0    0    0    0    0    0  
N  1 2    2 5140 2606 0 2    2   -2    0    0    0    0    0    0    0  
N  1 2    3 5482 1089 0 2    3   -3    0    0    0    0    0    0    0  
N  1 2    4 5514 2925 0 2    4   -4    0    0    0    0    0    0    0  
N  1 2    5 5675 2973 0 2    5   -5    0    0    0    0    0    0    0  
N  1 2    6 5331 3473 0 2    6   -6    0    0    0    0    0    0    0  
N  1 1    7 5596    0 1 3    7   -9   -8    0    0    0    0    0    0  
N  1 1    8 4519    0 1 3    9   -7    8    0    0    0    0    0    0  
L  1 5    1     0    10    101342199999    12                           
 4607 1728 4611 1714 4626 1691 4636 1683 4656 1685 4673 1695 4675 1754  
 4660 1767 4644 1771 4637 1762 4604 1737 4607 1728                      
L  1 5    2     0    20    201342199999    12                           
 5140 2606 5153 2636 5155 2664 5143 2719 5133 2737 5126 2740 5106 2703  
 5093 2671 5096 2653 5122 2599 5132 2601 5140 2606                      
L  1 5    3     0    30    301342199999    14                           
 5482 1089 5479 1109 5465 1130 5442 1150 5432 1155 5408 1138 5407 1130  
 5410 1122 5431 1107 5440 1093 5453 1104 5461 1093 5481 1092 5482 1089  
L  1 5    4     0    40    401342199999    65                           
 5514 2925 5528 2933 5540 2931 5559 2922 5572 2926 5577 2958 5615 2985  
 5623 2995 5642 3088 5650 3104 5649 3114 5641 3115 5635 3139 5638 3204  
 5647 3223 5645 3241 5642 3243 5611 3233 5580 3164 5566 3102 5559 3089  
 5529 3106 5523 3123 5505 3125 5491 3137 5477 3138 5460 3134 5451 3150  
 5439 3161 5414 3177 5393 3198 5381 3203 5370 3203 5345 3155 5328 3149  
 5290 3145 5288 3140 5272 3128 5268 3107 5255 3099 5251 3087 5248 3038  
 5237 3001 5232 2973 5231 2894 5251 2855 5281 2848 5293 2826 5305 2821  
 5304 2790 5353 2769 5363 2772 5380 2821 5389 2861 5397 2873 5411 2881  
 5452 2857 5458 2861 5450 2873 5446 2887 5450 2899 5473 2917 5485 2930  
 5511 2929 5514 2925                                                    
L  1 5    5     0    50    501342199999    13                           
 5675 2973 5677 2972 5682 2984 5675 2989 5655 2980 5652 2989 5636 2988  
 5627 2980 5616 2958 5611 2929 5622 2938 5644 2945 5675 2973            
L  1 5    6     0    60    601342199999    14                           
 5331 3473 5306 3521 5300 3528 5286 3555 5279 3553 5272 3545 5272 3529  
 5288 3496 5307 3478 5329 3409 5333 3407 5339 3423 5339 3448 5331 3473  
L  1 5    7     0    71    811342199999   252                           
 5596    0 5576   44 5580   82 5592  138 5587  158 5566  157 5555  203  
 5549  212 5508  244 5508  274 5461  359 5438  362 5420  396 5411  405  
 5369  416 5354  507 5355  520 5364  523 5368  574 5387  595 5395  609  
 5400  634 5385  639 5373  638 5346  718 5339  761 5317  797 5329  812  
 5336  834 5343  976 5381 1076 5383 1118 5406 1181 5416 1203 5426 1204  
 5457 1168 5467 1162 5490 1165 5498 1185 5492 1209 5493 1238 5523 1189  
 5561 1182 5570 1172 5572 1158 5589 1172 5570 1242 5555 1268 5514 1311  
 5514 1314 5529 1309 5543 1300 5575 1295 5582 1296 5607 1281 5616 1289  
 5613 1312 5618 1327 5628 1338 5650 1346 5665 1340 5677 1326 5696 1336  
 5740 1378 5751 1490 5758 1532 5757 1569 5745 1588 5743 1626 5729 1666  
 5716 1686 5707 1686 5700 1682 5696 1669 5695 1627 5669 1572 5662 1573  
 5534 1530 5515 1542 5502 1572 5497 1610 5486 1623 5472 1624 5444 1607  
 5415 1631 5394 1637 5383 1633 5355 1593 5336 1562 5327 1554 5323 1564  
 5333 1603 5333 1634 5356 1689 5379 1735 5402 1757 5415 1775 5415 1803  
 5411 1820 5401 1837 5388 1869 5356 1838 5353 1818 5326 1808 5306 1808  
 5284 1821 5277 1846 5266 1860 5245 1857 5218 1869 5196 1867 5189 1860  
 5181 1833 5179 1814 5173 1809 5167 1811 5141 1856 5130 1871 5116 1917  
 5104 1925 5055 1932 5031 1953 4990 2020 4980 2025 4962 2028 4947 2051  
 4937 2057 4909 2059 4900 2067 4880 2098 4872 2103 4862 2126 4870 2182  
 4870 2213 4886 2263 4907 2274 4917 2284 4922 2295 4915 2322 4919 2343  
 4909 2395 4881 2440 4874 2451 4861 2418 4851 2413 4838 2363 4825 2339  
 4801 2313 4789 2291 4743 2254 4731 2236 4682 2191 4672 2171 4669 2106  
 4648 2091 4625 2089 4570 2094 4541 2119 4530 2123 4500 2119 4488 2112  
 4489 2097 4499 2082 4546 2048 4581 1990 4593 1960 4603 1918 4607 1874  
 4599 1818 4600 1805 4612 1789 4628 1781 4655 1783 4673 1799 4681 1820  
 4693 1818 4703 1809 4727 1755 4736 1751 4749 1758 4761 1771 4771 1767  
 4782 1567 4779 1549 4763 1514 4762 1495 4752 1468 4717 1417 4676 1344  
 4627 1279 4608 1233 4597 1214 4576 1195 4547 1181 4531 1150 4527 1114  
 4529 1094 4538 1079 4543 1077 4537 1077 4514 1051 4512 1041 4526 1025  
 4537 1022 4546 1027 4557 1039 4564 1068 4577 1091 4593 1105 4608 1109  
 4641 1102 4651 1089 4652 1056 4636 1017 4629 1002 4625  983 4624  943  
 4620  922 4650  843 4659  832 4690  829 4712  836 4750  834 4754  824  
 4766  728 4769  718 4756  678 4742  660 4739  632 4744  567 4732  503  
 4757  360 4765  326 4767  279 4762  260 4749  247 4732  217 4714  218  
 4666  202 4576  210 4540  224 4488  254 4462  256 4458  236 4468  213  
 4539  126 4546  112 4549   85 4544   67 4536   56 4527   14 4519    0  
L  1 9    8     9    81    718888899999     6                           
 4519    0    0    0    010000100001000010000    0 5596    0            
L  1 9    9     9    81    711342188888     2                           
 4519    0 5596    0                                                    
A  113421    1 4641 1728   1                                            
   -1                                                                   
A  113421    2 5124 2669   1                                            
   -2                                                                   
A  113421    3 5440 1123   1                                            
   -3                                                                   
A  113421    4 5432 3006   1                                            
   -4                                                                   
A  113421    5 5639 2960   1                                            
   -5                                                                   
A  113421    6 5315 3482   1                                            
   -6                                                                   
A  199999    7 5000 5152  14                                            
    7    8    0    1    0    2    0    3    0    4    0    5    0    6  
A  113421    8 5091 1241   2                                            
   -9   -7                                                              
H1 7    0    0    0    2    4 0506 0506                                 
P  7 7    1 4766    0 0 1                                               
01 2 4766    0              00  íÌìá                                    
P  7 7    2 5392 2985 0 1                                               
01 2 5392 2985              00  ë∑ìá                                    
