M 444052                      2    2    2    2    1   15                
H2 1    2    2    2    0   11 0506 0506                                 
N  1 2    1 7630 4796 0 2    1   -1    0    0    0    0    0    0    0  
N  1 1    210000    0 1 2   -2    2    0    0    0    0    0    0    0  
L  1 5    1     0    10    101380499999    12                           
 7630 4796 7623 4796 7604 4785 7588 4764 7588 4746 7596 4735 7614 4731  
 7639 4739 7657 4762 7656 4769 7645 4788 7630 4796                      
L  1 9    2     9    21    218888899999     5                           
10000    0    0    0    010000100001000010000    0                      
A  113804    1 7622 4763   1                                            
   -1                                                                   
A  199999    2 3811 4795   3                                            
    2    0    1                                                         
H1 7    0    0    0    1    2 0506 0506                                 
P  7 7    1 7612 4766 0 1                                               
01 3 7612 4766              00  õqïwä‚                                  
