M 453160‘å‹÷–ìŠÔ              2   12   14   12    0  128                
H2 1   12   13   12    0  120 0506 0506                                 
N  1 2    1 1872 5397 0 2    1   -1    0    0    0    0    0    0    0  
N  1 2    2 2620 6500 0 2    2   -2    0    0    0    0    0    0    0  
N  1 2    3 2993 6307 0 2    3   -3    0    0    0    0    0    0    0  
N  1 2    4 3263 6229 0 2    4   -4    0    0    0    0    0    0    0  
N  1 2    5 2697 7165 0 2    5   -5    0    0    0    0    0    0    0  
N  1 2    6 3037 6564 0 2    6   -6    0    0    0    0    0    0    0  
N  1 2    7 2955 8243 0 2    7   -7    0    0    0    0    0    0    0  
N  1 2    8 2985 8113 0 2    8   -8    0    0    0    0    0    0    0  
N  1 2    9 3237 9361 0 2    9   -9    0    0    0    0    0    0    0  
N  1 2   10 3184 9112 0 2   10  -10    0    0    0    0    0    0    0  
N  1 1   11    0 4912 1 3   11   12  -13    0    0    0    0    0    0  
N  1 1   12 279310000 1 3   13  -12  -11    0    0    0    0    0    0  
L  1 5    1     0    10    104650199999    15                           
 1872 5397 1879 5437 1875 5453 1860 5470 1840 5459 1834 5424 1827 5421  
 1803 5397 1799 5389 1801 5367 1833 5329 1857 5334 1865 5348 1868 5383  
 1872 5397                                                              
L  1 5    2     0    20    204650199999    24                           
 2620 6500 2607 6481 2581 6430 2579 6403 2581 6368 2593 6343 2610 6327  
 2630 6318 2645 6294 2651 6275 2668 6267 2681 6272 2707 6296 2724 6331  
 2720 6347 2701 6358 2669 6370 2645 6394 2641 6427 2630 6435 2635 6462  
 2633 6481 2627 6500 2620 6500                                          
L  1 5    3     0    30    304650199999    12                           
 2993 6307 2989 6305 2980 6307 2976 6289 2967 6270 2965 6245 2973 6237  
 2990 6234 3001 6242 3010 6280 3008 6302 2993 6307                      
L  1 5    4     0    40    404650199999    12                           
 3263 6229 3248 6240 3220 6222 3218 6200 3233 6154 3245 6132 3276 6153  
 3276 6172 3280 6191 3276 6197 3272 6218 3263 6229                      
L  1 5    5     0    50    504650199999    11                           
 2697 7165 2710 7181 2715 7197 2700 7227 2661 7236 2652 7222 2654 7182  
 2663 7168 2676 7160 2689 7160 2697 7165                                
L  1 5    6     0    60    604650199999    11                           
 3037 6564 3033 6569 3016 6572 3001 6529 2994 6524 2992 6505 3011 6470  
 3026 6472 3043 6507 3046 6534 3037 6564                                
L  1 5    7     0    70    704650199999     9                           
 2955 8243 2962 8270 2938 8267 2923 8259 2908 8227 2906 8211 2908 8205  
 2918 8205 2955 8243                                                    
L  1 5    8     0    80    804650199999    10                           
 2985 8113 2980 8123 2955 8129 2942 8113 2943 8043 2948 8037 2960 8037  
 2969 8045 2993 8091 2985 8113                                          
L  1 5    9     0    90    904650199999     8                           
 3237 9361 3216 9374 3212 9372 3209 9315 3220 9293 3250 9325 3246 9347  
 3237 9361                                                              
L  1 5   10     0   100   1004650199999    11                           
 3184 9112 3195 9112 3206 9117 3201 9136 3159 9183 3146 9161 3106 9056  
 3108 9026 3134 9050 3180 9112 3184 9112                                
L  1 5   11     0   111   1214650199999   312                           
    0 4912   15 4930   24 4971   31 4982   35 5003   44 5022   44 5036  
   61 5068   79 5144   97 5257  121 5322  162 5370  220 5405  235 5418  
  267 5434  330 5480  475 5611  520 5638  559 5654  677 5680  696 5674  
  842 5627  928 5580  928 5578  911 5572  870 5575  855 5581  853 5578  
  859 5559  874 5548  891 5546  910 5540  930 5548  945 5542  960 5545  
  975 5534  992 5534  996 5526 1046 5501 1058 5487 1073 5487 1073 5482  
 1099 5465 1123 5460 1129 5452 1153 5451 1182 5397 1200 5375 1215 5378  
 1221 5372 1238 5369 1240 5375 1253 5372 1281 5407 1284 5423 1305 5453  
 1318 5461 1320 5466 1338 5474 1344 5488 1355 5498 1372 5544 1383 5571  
 1390 5614 1401 5639 1401 5658 1416 5685 1457 5730 1546 5805 1602 5859  
 1697 5934 1732 5953 1813 5987 1822 5979 1854 5965 1867 5965 1878 5954  
 1884 5954 1940 5910 1976 5910 1983 5907 1991 5910 2006 5931 2009 5953  
 2007 5975 2000 6004 1981 6048 1986 6059 1990 6059 2016 6075 2031 6107  
 2040 6134 2049 6180 2057 6199 2058 6207 2071 6245 2069 6261 2071 6299  
 2069 6329 2110 6374 2164 6414 2188 6425 2248 6441 2269 6422 2271 6414  
 2286 6392 2318 6359 2323 6345 2335 6329 2338 6313 2357 6264 2354 6253  
 2359 6250 2367 6226 2367 6207 2393 6177 2442 6131 2457 6163 2455 6225  
 2447 6260 2443 6288 2447 6315 2462 6344 2471 6377 2476 6420 2474 6442  
 2491 6525 2496 6528 2502 6544 2515 6552 2522 6560 2565 6592 2572 6655  
 2559 6668 2555 6666 2529 6674 2524 6668 2494 6674 2484 6688 2471 6693  
 2445 6718 2432 6726 2426 6726 2415 6751 2405 6756 2390 6775 2386 6794  
 2377 6810 2367 6848 2365 6876 2369 6916 2378 6954 2413 7027 2415 7037  
 2430 7054 2460 7053 2464 7051 2486 7061 2503 7075 2508 7094 2504 7123  
 2495 7148 2478 7172 2459 7183 2465 7216 2485 7264 2502 7286 2528 7299  
 2565 7312 2586 7315 2591 7307 2631 7295 2636 7298 2653 7298 2672 7314  
 2716 7357 2733 7357 2744 7362 2748 7359 2763 7370 2787 7400 2804 7416  
 2804 7421 2808 7416 2823 7416 2858 7396 2860 7388 2873 7394 2888 7439  
 2890 7461 2901 7458 2912 7464 2916 7461 2957 7512 2970 7542 2968 7574  
 2960 7626 2947 7642 2947 7655 2924 7664 2889 7613 2880 7588 2861 7589  
 2837 7578 2820 7578 2803 7573 2790 7573 2786 7576 2758 7611 2741 7625  
 2737 7644 2739 7646 2756 7654 2773 7676 2789 7687 2808 7716 2847 7786  
 2856 7810 2854 7846 2845 7865 2839 7870 2828 7873 2813 7887 2792 7887  
 2790 7895 2807 7938 2810 7954 2807 7968 2799 7992 2806 8011 2806 8019  
 2823 8044 2851 8068 2855 8068 2868 8081 2898 8097 2914 8124 2916 8146  
 2910 8170 2895 8192 2882 8195 2878 8192 2880 8216 2874 8246 2861 8257  
 2846 8252 2844 8246 2822 8255 2807 8276 2805 8293 2829 8330 2829 8357  
 2821 8379 2797 8396 2793 8409 2800 8428 2838 8460 2856 8455 2875 8425  
 2885 8416 2909 8422 2918 8438 2931 8478 2933 8511 2940 8532 2968 8521  
 2989 8567 2990 8589 2962 8635 2951 8641 2936 8662 2922 8706 2924 8773  
 2944 8833 2959 8854 2963 8873 2961 8895 2936 8919 2914 8928 2906 8928  
 2893 8982 2906 9004 2928 9017 2962 9063 2973 9092 2978 9122 2972 9146  
 2957 9179 2950 9185 2927 9196 2918 9190 2912 9193 2875 9231 2867 9256  
 2869 9283 2865 9312 2831 9391 2818 9397 2812 9405 2808 9429 2810 9462  
 2804 9502 2783 9557 2757 9606 2747 9638 2749 9676 2760 9765 2759 9860  
 2779 9946 2785 9965 2788 9984 279310000                                
L  1 9   12     9   111   1218888846501     3                           
    0 4912    010000 279310000                                          
L  1 9   13     9   121   1118888899999     5                           
 279310000100001000010000    0    0    0    0 4912                      
A  146501    1 1838 5398   1                                            
   -1                                                                   
A  146501    2 2619 6382   1                                            
   -2                                                                   
A  146501    3 2987 6270   1                                            
   -3                                                                   
A  146501    4 3251 6186   1                                            
   -4                                                                   
A  146501    5 2684 7196   1                                            
   -5                                                                   
A  146501    6 3019 6522   1                                            
   -6                                                                   
A  146501    7 2932 8238   1                                            
   -7                                                                   
A  146501    8 2965 8082   1                                            
   -8                                                                   
A  146501    9 3229 9332   1                                            
   -9                                                                   
A  146501   10 3150 9106   1                                            
  -10                                                                   
A  199999   11 6383 7668  22                                            
   11   13    0    1    0    2    0    3    0    4    0    5    0    6  
    0    7    0    8    0    9    0   10                                
A  146501   12 1445 7460   2                                            
   12  -11                                                              
H1 2    0    1    0    0    6 0506 0506                                 
L  2 3    1     0    00    00              35                           
    0 5508  103 5472  257 5470  493 5655  691 5754  651 5899  814 5993  
  860 5940  850 5848  931 5791 1069 5889 1094 5716 1231 5722 1246 5935  
 1146 5993 1165 6195 1065 6227 1041 6281 1624 6945 1651 7416 1831 7566  
 2000 8162 1873 8485 1954 8743 2022 8718 2139 8813 2216 9074 2316 9084  
 2393 9168 2421 9381 2382 9506 2607 9730 2731 9743 2739 9925 269610000  
M 453170•l’Ã                  3    6   12    5    1  118                
H2 1    6    8    5    0   92 0506 0506                                 
N  1 2    1 2813   56 0 3    1   -2   -6    0    0    0    0    0    0  
N  1 1    2 466710000 1 3    8   -5   -1    0    0    0    0    0    0  
N  1 1    3    0 2616 1 3    2    5   -7    0    0    0    0    0    0  
N  1 2    4 4395 2908 0 2    3   -3    0    0    0    0    0    0    0  
N  1 2    5 4781 3345 0 2    4   -4    0    0    0    0    0    0    0  
N  1 1    6 2793    0 1 3   -8    6    7    0    0    0    0    0    0  
L  1 5    1     0    10    214621399999   312                           
 2813   56 2836  116 2890  241 2908  241 2992  272 3035  299 3126  335  
 3161  341 3158  319 3175  298 3184  301 3190  325 3197  377 3210  412  
 3224  431 3235  464 3235  483 3319  611 3400  709 3468  755 3564  786  
 3605  759 3628  757 3651  760 3671  773 3692  793 3769  820 3787  837  
 3816  897 3835  913 3844  927 3855  932 3864  946 3880  959 3912  973  
 3937  971 3967  963 3983  966 3996  955 4028  963 4017  990 4026 1004  
 4041 1061 4046 1096 4068 1156 4088 1194 4133 1297 4138 1322 4151 1357  
 4183 1420 4215 1466 4258 1507 4267 1507 4276 1515 4301 1545 4314 1578  
 4332 1586 4348 1600 4362 1624 4384 1687 4386 1709 4423 1779 4447 1834  
 4459 1845 4472 1874 4474 1888 4486 1913 4510 1991 4515 1997 4521 2027  
 4533 2056 4546 2067 4555 2081 4567 2087 4596 2138 4596 2176 4580 2241  
 4584 2279 4582 2295 4568 2336 4565 2363 4570 2398 4551 2468 4539 2484  
 4535 2509 4528 2511 4507 2538 4503 2538 4489 2554 4470 2570 4432 2595  
 4384 2608 4351 2653 4337 2791 4337 2829 4323 2867 4325 2897 4348 2919  
 4338 2938 4329 2932 4329 2938 4304 2954 4295 2943 4281 2989 4281 3018  
 4287 3059 4301 3103 4339 3157 4380 3203 4414 3231 4453 3256 4487 3229  
 4540 3232 4556 3243 4576 3248 4592 3262 4597 3257 4592 3211 4604 3189  
 4610 3249 4631 3284 4674 3301 4701 3342 4721 3361 4721 3366 4712 3371  
 4710 3390 4682 3436 4669 3433 4625 3474 4568 3530 4551 3560 4533 3616  
 4542 3627 4551 3654 4528 3660 4530 3668 4558 3684 4557 3703 4566 3733  
 4562 3790 4552 3801 4541 3798 4513 3841 4509 3841 4481 3871 4479 3879  
 4477 3873 4449 3897 4428 3932 4426 3962 4417 3976 4414 4038 4419 4054  
 4427 4127 4436 4149 4452 4214 4454 4249 4447 4274 4442 4339 4435 4363  
 4435 4382 4430 4404 4432 4406 4428 4466 4430 4469 4443 4531 4454 4558  
 4450 4569 4445 4637 4447 4688 4433 4715 4415 4720 4408 4718 4403 4726  
 4405 4745 4428 4826 4432 4853 4423 4910 4409 4940 4404 5002 4438 5105  
 4458 5135 4492 5200 4519 5233 4535 5260 4548 5274 4591 5350 4611 5464  
 4611 5529 4594 5651 4596 5681 4594 5719 4598 5775 4621 5816 4628 5787  
 4634 5806 4632 5824 4641 5843 4666 5863 4673 5890 4677 5933 4677 5968  
 4683 5996 4679 5998 4683 6001 4710 6058 4731 6077 4769 6124 4781 6151  
 4787 6181 4787 6200 4805 6303 4816 6324 4816 6330 4839 6349 4855 6354  
 4887 6401 4896 6433 4888 6520 4879 6544 4874 6571 4870 6577 4860 6609  
 4835 6649 4819 6660 4800 6690 4789 6725 4782 6730 4764 6760 4736 6825  
 4720 6871 4715 6903 4706 6919 4703 6935 4689 6976 4678 7003 4675 7030  
 4664 7049 4664 7076 4661 7079 4609 7081 4597 7089 4583 7108 4563 7145  
 4512 7218 4487 7237 4453 7253 4411 7263 4325 7257 4268 7222 4197 7207  
 4190 7210 4170 7229 4167 7237 4176 7367 4159 7456 4154 7516 4161 7578  
 4183 7689 4197 7687 4215 7703 4247 7741 4253 7758 4244 7782 4239 7806  
 4248 7831 4263 7966 4263 7996 4254 8042 4258 8102 4256 8134 4267 8191  
 4271 8234 4276 8245 4269 8267 4262 8272 4257 8310 4264 8340 4291 8400  
 4299 8451 4324 8495 4322 8568 4342 8603 4346 8625 4351 8631 4358 8658  
 4358 8674 4351 8706 4344 8720 4339 8750 4368 8864 4427 8932 4449 9002  
 4446 9097 4443 9208 4450 9270 4460 9438 4480 9533 4492 9561 4514 9596  
 4537 9618 4571 9661 4610 9719 4616 9749 4634 9781 4648 9817 4648 9827  
 4654 9871 4647 9933 4649 9982 466710000                                
L  1 3    2     0    31    104621346501   100                           
    0 2616   56 2622  118 2595  140 2593  179 2569  209 2556  259 2556  
  275 2545  292 2505  314 2481  356 2462  379 2443  427 2381  450 2363  
  484 2347  509 2344  546 2361  561 2385  568 2388  607 2367  628 2367  
  667 2302  678 2278  727 2259  770 2214  786 2192  791 2165  771 2149  
  805 2087  812 2016  826 1981  884 1890  909 1865  944 1847  978 1842  
 1003 1831 1024 1812 1056 1772 1106 1732 1193 1638 1214 1630 1230 1630  
 1264 1619 1345 1558 1365 1550 1413 1542 1482 1521 1488 1524 1507 1519  
 1536 1494 1566 1478 1580 1476 1605 1457 1628 1427 1651 1417 1674 1401  
 1715 1352 1740 1339 1777 1337 1809 1326 1850 1297 1894 1256 1947 1170  
 1972 1138 1979 1087 2007 1041 2032 1000 2048  984 2083  955 2087  928  
 2083  830 2086  792 2097  771 2127  747 2212  666 2228  655 2251  628  
 2281  561 2309  529 2341  515 2368  513 2389  494 2398  465 2405  402  
 2403  354 2406  321 2436  267 2466  227 2484  148 2489  116 2501  102  
 2524   92 2569  141 2601  141 2647   90 2679   88 2704   96 2729   96  
 2749   91 2813   56                                                    
L  1 5    3     0    40    404621399999    10                           
 4395 2908 4386 2903 4377 2881 4350 2843 4362 2830 4378 2824 4380 2849  
 4389 2862 4402 2898 4395 2908                                          
L  1 5    4     0    50    504621399999    12                           
 4781 3345 4769 3339 4760 3320 4758 3296 4768 3269 4777 3264 4793 3272  
 4797 3291 4797 3313 4801 3340 4799 3342 4781 3345                      
L  1 9    5     9    31    218888846213     3                           
    0 2616    010000 466710000                                          
L  1 5    6     0    61    104650199999     3                           
 2793    0 2795   18 2813   56                                          
L  1 9    7     9    61    318888846501     3                           
 2793    0    0    0    0 2616                                          
L  1 9    8     9    21    618888899999     4                           
 466710000100001000010000    0 2793    0                                
A  199999    1 7210 5050   7                                            
    1    8    6    0    4    0    3                                     
A  146213    2 2212 4908   3                                            
   -2    5   -1                                                         
A  146501    3  910 1318   3                                            
   -6    7    2                                                         
A  146213    4 4378 2866   1                                            
   -3                                                                   
A  146213    5 4778 3304   1                                            
   -4                                                                   
H1 2    0    4    0    0   21 0506 0506                                 
L  2 3    1     0    00    00              11                           
 110910000 1186 9760 1105 9615 1011 9598  760 9205  635 9159  587 9105  
  587 8997  494 8855  470 8768  525 8611                                
L  2 3    2     0    00    00               9                           
  525 8611  342 8460  260 8342  177 8353  152 8311  151 8229   38 8058  
   90 7938    0 7840                                                    
L  2 3    3     0    00    00               7                           
  525 8611  542 8539  535 8234  494 8116  209 7744   47 7330    0 7272  
L  2 3    4     0    00    00              80                           
 2696    0 2663   58 2738  207 2981  340 3003  432 3074  405 3193  610  
 3309  712 3461  979 3564  916 3657 1031 3741 1017 3815 1119 3919 1151  
 4063 1333 4106 1544 4198 1676 4253 1924 4375 2079 4270 2516 4183 2592  
 3760 2588 3697 2610 3702 2671 3774 2768 3864 2733 3916 2756 3955 2873  
 4056 2865 4093 3009 3979 3240 4077 3268 4149 3476 4155 3652 4195 3852  
 4214 4354 4039 4516 3971 4855 4009 4932 4241 4840 4341 4892 4281 5144  
 4166 5346 4167 5703 4259 6173 4324 6302 4354 6474 4478 6931 4406 7113  
 4330 7181 4198 7060 4116 7085 3772 7279 3854 7374 3855 7436 3826 7481  
 3699 7530 3653 7581 3655 7731 3530 7691 3457 7730 3328 7988 3296 8112  
 3352 8231 3356 8352 3423 8446 3447 8599 3610 8650 3613 8731 3544 8798  
 3581 8916 3638 8925 3648 9029 3815 9206 3902 9351 3916 9420 3899 9599  
 3937 9747 4045 9904 407710000                                          
H1 7    0    0    0    1    2 0506 0506                                 
P  7 7    1    1    1 0 1                                               
01 3    1    1              00  ŽíŽq“‡                                  
