M 462913ëêä_åQìá              1    6    6    6    0   43                
H2 1    6    6    6    0   42 0506 0506                                 
N  1 2    1 4272 9761 0 2    1   -1    0    0    0    0    0    0    0  
N  1 2    2 4280 9921 0 2    2   -2    0    0    0    0    0    0    0  
N  1 2    3 4359 9729 0 2    3   -3    0    0    0    0    0    0    0  
N  1 2    4 4097 9030 0 2    4   -4    0    0    0    0    0    0    0  
N  1 2    5 4238 9545 0 2    5   -5    0    0    0    0    0    0    0  
N  1 1    610000    0 1 2    6   -6    0    0    0    0    0    0    0  
L  1 5    1     0    10    104634199999    16                           
 4272 9761 4276 9751 4274 9745 4255 9732 4253 9713 4264 9691 4281 9694  
 4346 9797 4350 9827 4331 9835 4270 9856 4259 9864 4255 9837 4274 9791  
 4263 9775 4272 9761                                                    
L  1 5    2     0    20    204634199999    14                           
 4280 9921 4274 9908 4274 9886 4289 9867 4310 9851 4338 9859 4346 9881  
 4344 9902 4333 9924 4327 9929 4316 9927 4306 9929 4287 9927 4280 9921  
L  1 5    3     0    30    304634199999    12                           
 4359 9729 4350 9743 4333 9754 4319 9740 4298 9683 4306 9664 4323 9667  
 4340 9678 4363 9681 4370 9686 4374 9708 4359 9729                      
L  1 5    4     0    40    404634199999    56                           
 4097 9030 4116 9022 4133 9039 4137 9063 4142 9066 4161 9066 4178 9052  
 4205 9050 4228 9058 4233 9079 4245 9112 4264 9104 4275 9115 4283 9131  
 4292 9172 4290 9182 4275 9204 4258 9212 4245 9199 4226 9236 4226 9247  
 4235 9258 4256 9274 4245 9301 4256 9299 4266 9304 4268 9326 4262 9356  
 4247 9361 4230 9377 4207 9377 4200 9380 4171 9361 4175 9344 4175 9331  
 4188 9323 4175 9296 4165 9288 4110 9228 4093 9193 4084 9182 4055 9182  
 4050 9179 4042 9160 4008 9168 3980 9154 3987 9125 3991 9119 4010 9127  
 4044 9119 4091 9128 4089 9125 4082 9106 4072 9084 4078 9052 4097 9030  
L  1 5    5     0    50    504634199999    11                           
 4238 9545 4221 9539 4213 9458 4222 9434 4245 9420 4283 9439 4298 9494  
 4304 9505 4287 9532 4253 9548 4238 9545                                
L  1 9    6     9    61    618888899999     5                           
10000    0    0    0    010000100001000010000    0                      
A  146341    1 4298 9776   1                                            
   -1                                                                   
A  146341    2 4310 9890   1                                            
   -2                                                                   
A  146341    3 4341 9708   1                                            
   -3                                                                   
A  146341    4 4170 9201   1                                            
   -4                                                                   
A  146341    5 4255 9484   1                                            
   -5                                                                   
A  199999    6 7248 9548  11                                            
    6    0    1    0    2    0    3    0    4    0    5                 
M 462917éFñÄçïìá              2    6    9    6    0  104                
H2 1    6    7    6    0   94 0506 0506                                 
N  1 2    1 6472 7582 0 2    1   -1    0    0    0    0    0    0    0  
N  1 2    2 7532 9147 0 2    2   -2    0    0    0    0    0    0    0  
N  1 2    3 5245 6850 0 2    3   -3    0    0    0    0    0    0    0  
N  1 2    4 3473 7549 0 2    4   -4    0    0    0    0    0    0    0  
N  1 1    5 260510000 1 3    5   -6    7    0    0    0    0    0    0  
N  1 1    6 661410000 1 3    6   -7   -5    0    0    0    0    0    0  
L  1 5    1     0    10    104630399999    13                           
 6472 7582 6471 7597 6454 7609 6443 7608 6430 7600 6424 7590 6426 7566  
 6430 7558 6438 7558 6446 7565 6463 7567 6476 7579 6472 7582            
L  1 5    2     0    20    204630399999    17                           
 7532 9147 7526 9159 7520 9164 7508 9159 7485 9118 7460 9119 7454 9124  
 7450 9111 7462 9115 7473 9104 7501 9093 7509 9100 7514 9100 7530 9112  
 7540 9115 7535 9150 7532 9147                                          
L  1 5    3     0    30    304630399999    12                           
 5245 6850 5223 6891 5202 6911 5197 6910 5192 6895 5203 6853 5198 6833  
 5201 6823 5196 6791 5210 6778 5221 6793 5245 6850                      
L  1 5    4     0    40    404630399999    14                           
 3473 7549 3465 7554 3466 7570 3444 7584 3428 7581 3423 7570 3414 7572  
 3423 7550 3437 7543 3443 7501 3446 7496 3460 7524 3475 7549 3473 7549  
L  1 5    5     0    51    614630399999   403                           
 260510000 2606 9996 2584 9984 2575 9988 2562 9980 2533 9981 2536 9947  
 2528 9924 2547 9892 2546 9885 2535 9867 2525 9808 2526 9755 2519 9743  
 2535 9712 2552 9717 2557 9721 2548 9694 2549 9685 2574 9686 2580 9689  
 2583 9661 2570 9648 2604 9596 2605 9589 2586 9593 2585 9582 2573 9578  
 2562 9579 2560 9573 2554 9571 2554 9550 2528 9554 2521 9551 2520 9543  
 2529 9523 2524 9486 2531 9455 2528 9431 2545 9401 2565 9379 2556 9339  
 2569 9329 2592 9296 2615 9293 2622 9282 2640 9314 2663 9259 2673 9266  
 2644 9335 2653 9343 2673 9354 2699 9360 2712 9340 2721 9341 2740 9374  
 2772 9373 2836 9336 2846 9316 2863 9301 2879 9268 2918 9247 2926 9237  
 2927 9228 2916 9210 2926 9205 2932 9193 2929 9170 2930 9164 2938 9160  
 2962 9179 2967 9185 2974 9168 2990 9144 3011 9135 3021 9116 3029 9112  
 3037 9094 3049 9087 3118 8964 3130 8913 3132 8875 3124 8853 3102 8813  
 3099 8799 3100 8753 3095 8747 3065 8740 3056 8732 3064 8718 3078 8713  
 3068 8682 3084 8676 3075 8653 3054 8626 3078 8622 3116 8634 3125 8630  
 3126 8599 3121 8555 3104 8521 3077 8503 3052 8478 2998 8449 3007 8433  
 3006 8429 2987 8426 2990 8375 2995 8372 3014 8380 3025 8388 3029 8397  
 3037 8395 3048 8402 3066 8433 3081 8428 3088 8415 3092 8380 3105 8390  
 3112 8364 3109 8340 3142 8382 3154 8372 3141 8337 3161 8342 3169 8363  
 3170 8375 3176 8380 3188 8364 3205 8355 3229 8352 3228 8344 3232 8327  
 3231 8307 3245 8311 3249 8298 3245 8280 3269 8279 3277 8261 3287 8252  
 3297 8221 3309 8208 3324 8167 3303 8160 3291 8145 3264 8122 3246 8114  
 3226 8095 3201 8080 3179 8044 3156 8027 3128 7990 3118 7971 3109 7963  
 3105 7953 3100 7910 3106 7899 3140 7881 3152 7879 3163 7858 3192 7868  
 3207 7850 3219 7842 3234 7821 3244 7819 3259 7826 3271 7821 3285 7819  
 3322 7841 3331 7842 3364 7871 3386 7898 3396 7925 3409 7939 3416 7943  
 3445 7916 3457 7896 3462 7879 3487 7852 3508 7810 3515 7777 3541 7715  
 3541 7710 3553 7707 3563 7708 3566 7700 3549 7666 3576 7662 3607 7641  
 3603 7624 3614 7616 3628 7626 3642 7614 3651 7600 3664 7604 3707 7581  
 3720 7581 3734 7605 3743 7609 3744 7605 3768 7597 3820 7572 3866 7557  
 3881 7550 3894 7535 3910 7535 3918 7531 3924 7519 3936 7511 3951 7513  
 3957 7501 3971 7490 4006 7482 4013 7461 4011 7411 4017 7409 4039 7417  
 4048 7409 4058 7408 4070 7369 4085 7374 4098 7358 4109 7335 4128 7339  
 4132 7332 4153 7317 4159 7306 4170 7305 4179 7286 4188 7271 4214 7263  
 4226 7267 4232 7255 4251 7245 4264 7225 4281 7232 4304 7227 4318 7202  
 4340 7218 4357 7217 4428 7183 4465 7157 4472 7148 4481 7117 4501 7102  
 4503 7074 4515 7053 4520 7030 4535 7032 4545 7020 4561 7013 4572 7011  
 4583 6987 4591 6995 4626 7009 4634 7015 4641 7032 4650 7030 4688 7069  
 4809 7069 4868 7073 4880 7067 4896 7065 4899 7061 4917 7056 4938 7054  
 4947 7063 4964 7068 4973 7076 5013 7056 5041 7064 5074 7065 5088 7058  
 5112 7037 5144 7029 5165 7030 5178 7039 5196 7043 5199 7047 5215 7053  
 5228 7065 5241 7107 5314 7180 5331 7189 5350 7195 5362 7193 5376 7210  
 5394 7220 5404 7241 5415 7249 5420 7268 5425 7268 5432 7284 5456 7299  
 5610 7370 5715 7432 5748 7449 5818 7470 5870 7493 5909 7500 5987 7501  
 5994 7517 6010 7526 6027 7551 6046 7569 6067 7566 6072 7574 6100 7592  
 6113 7600 6115 7616 6113 7622 6146 7635 6213 7676 6269 7704 6324 7723  
 6356 7725 6379 7731 6398 7744 6413 7761 6431 7825 6437 7878 6443 7907  
 6458 7943 6482 7989 6532 8053 6626 8153 6686 8209 6796 8334 6863 8419  
 6911 8490 6979 8566 7006 8615 7071 8713 7155 8851 7167 8878 7186 8886  
 7196 8912 7217 8935 7242 8945 7246 8961 7235 8992 7257 8997 7272 8992  
 7293 8978 7304 8985 7307 8999 7299 9005 7257 9012 7234 9016 7249 9037  
 7253 9055 7251 9068 7268 9103 7275 9133 7289 9141 7300 9135 7305 9138  
 7293 9170 7304 9176 7331 9180 7336 9185 7349 9250 7351 9270 7358 9289  
 7350 9349 7356 9385 7354 9407 7359 9435 7358 9479 7353 9494 7354 9518  
 7331 9636 7318 9653 7304 9691 7304 9696 7297 9711 7289 9746 7288 9768  
 7280 9798 7274 9806 7269 9833 7257 9840 7255 9836 7242 9856 7208 9865  
 7187 9878 7144 9870 7113 9887 7072 9886 7053 9875 7036 9880 7024 9875  
 7012 9879 6998 9870 6948 9878 6923 9875 6852 9883 6773 9895 6733 9906  
 6676 9933 6641 9960 6628 9987 661410000                                
L  1 9    6     9    61    518888899999     6                           
 661410000100001000010000    0    0    0    010000 260510000            
L  1 9    7     9    51    618888846303     2                           
 260510000 661410000                                                    
A  146303    1 6448 7583   1                                            
   -1                                                                   
A  146303    2 7514 9128   1                                            
   -2                                                                   
A  146303    3 5222 6846   1                                            
   -3                                                                   
A  146303    4 3454 7540   1                                            
   -4                                                                   
A  199999    5 8298 8122  10                                            
    5    6    0    1    0    2    0    3    0    4                      
A  146303    6 4986 8488   2                                            
    7   -5                                                              
H1 2    0    2    0    0    8 0506 0506                                 
L  2 4    1     0    00    00              25                           
 2639 9321 2630 9379 2640 9480 2717 9484 2757 9422 2792 9423 2831 9478  
 2967 9559 3070 9540 3094 9505 3110 9521 3106 9567 3034 9631 3034 9669  
 3053 9700 3120 9717 3160 9710 3217 9764 3246 9825 3279 9857 3251 9940  
 3261 9955 3478 9851 3491 9884 345610000                                
L  2 4    2     0    00    00               9                           
 643710000 6440 9994 6421 9925 6399 9895 6432 9870 6437 9780 6482 9730  
 6620 9847 6711 9872                                                    
M 462923ëêä_åQìá              2   11   11   11    2  107                
H2 1   11   11   11    0  101 0506 0506                                 
N  1 2    1 7539 3082 0 2    1   -1    0    0    0    0    0    0    0  
N  1 2    2 7169 2415 0 2    2   -2    0    0    0    0    0    0    0  
N  1 2    3 4901 1090 0 2    3   -3    0    0    0    0    0    0    0  
N  1 2    4 5175 1534 0 2    4   -4    0    0    0    0    0    0    0  
N  1 2    5 5074 1393 0 2    5   -5    0    0    0    0    0    0    0  
N  1 2    6 5802 1948 0 2    6   -6    0    0    0    0    0    0    0  
N  1 2    7 5516 1535 0 2    7   -7    0    0    0    0    0    0    0  
N  1 2    8 4727  800 0 2    8   -8    0    0    0    0    0    0    0  
N  1 2    9 4474  144 0 2    9   -9    0    0    0    0    0    0    0  
N  1 2   10 4514  269 0 2   10  -10    0    0    0    0    0    0    0  
N  1 1   1110000    0 1 2  -11   11    0    0    0    0    0    0    0  
L  1 5    1     0    10    104634199999    81                           
 7539 3082 7514 3111 7495 3125 7471 3130 7435 3127 7418 3114 7408 3065  
 7391 3062 7372 3051 7332 3035 7304 3035 7224 3037 7211 3013 7209 2989  
 7200 2970 7203 2948 7194 2940 7175 2945 7162 2937 7158 2915 7158 2891  
 7148 2886 7126 2902 7112 2883 7082 2856 7046 2818 7046 2785 7063 2764  
 7082 2766 7088 2758 7110 2750 7129 2737 7146 2731 7154 2707 7169 2702  
 7175 2704 7188 2702 7203 2715 7213 2707 7235 2707 7264 2721 7283 2726  
 7307 2754 7328 2762 7332 2759 7336 2735 7377 2711 7396 2705 7427 2727  
 7430 2722 7427 2700 7461 2676 7497 2670 7542 2665 7576 2668 7599 2673  
 7595 2700 7603 2719 7620 2709 7641 2720 7667 2744 7645 2774 7637 2801  
 7609 2825 7576 2822 7561 2838 7556 2838 7552 2857 7567 2874 7595 2895  
 7599 2941 7620 2952 7662 2960 7675 2979 7679 2996 7647 3017 7605 3025  
 7590 3036 7544 3033 7546 3066 7539 3082                                
L  1 5    2     0    20    204634199999    18                           
 7169 2415 7191 2420 7207 2466 7220 2491 7237 2537 7224 2542 7205 2545  
 7180 2534 7127 2539 7118 2536 7095 2517 7101 2496 7112 2480 7097 2455  
 7093 2436 7110 2415 7129 2412 7169 2415                                
L  1 5    3     0    30    304634199999   112                           
 4901 1090 4932 1106 4951 1136 4973 1166 4985 1201 4998 1193 5004 1193  
 5011 1214 5002 1231 5002 1247 5004 1247 5004 1277 5025 1252 5040 1266  
 5008 1347 4993 1360 4972 1366 4962 1360 4951 1385 4953 1395 4949 1425  
 4928 1436 4907 1428 4898 1449 4877 1447 4875 1430 4877 1406 4875 1403  
 4864 1409 4851 1390 4847 1376 4849 1355 4860 1344 4873 1341 4835 1319  
 4828 1295 4820 1281 4803 1287 4786 1308 4756 1322 4731 1324 4699 1311  
 4684 1289 4678 1270 4661 1275 4648 1273 4644 1210 4640 1181 4625 1170  
 4606 1148 4587 1140 4536 1105 4519 1110 4502 1121 4485 1115 4475 1096  
 4481 1040 4479  999 4450  985 4439  964 4437  937 4452  896 4416  839  
 4401  801 4386  782 4372  782 4363  750 4378  744 4384  712 4374  668  
 4361  666 4355  655 4357  622 4361  617 4361  595 4353  571 4355  563  
 4370  541 4387  539 4397  547 4421  495 4438  474 4444  477 4459  493  
 4457  512 4459  533 4465  550 4450  563 4440  590 4444  601 4450  601  
 4501  634 4526  655 4535  688 4545  704 4554  696 4567  699 4577  715  
 4581  737 4594  737 4619  745 4628  761 4687  824 4700  845 4721  870  
 4734  916 4748  940 4755  967 4791 1016 4850 1068 4888 1087 4901 1090  
L  1 5    4     0    40    404634199999    16                           
 5175 1534 5175 1532 5156 1518 5152 1488 5173 1461 5188 1431 5201 1421  
 5222 1429 5235 1445 5241 1499 5239 1513 5218 1537 5203 1548 5201 1545  
 5184 1548 5175 1534                                                    
L  1 5    5     0    50    504634199999    11                           
 5074 1393 5063 1396 5048 1382 5055 1358 5068 1350 5137 1334 5148 1337  
 5144 1369 5116 1391 5089 1385 5074 1393                                
L  1 5    6     0    60    604634199999    46                           
 5802 1948 5806 1948 5814 1956 5821 1983 5836 1969 5844 1967 5855 1978  
 5859 1999 5882 1970 5899 1972 5903 1986 5903 2024 5899 2045 5886 2067  
 5859 2083 5867 2107 5867 2148 5863 2164 5837 2170 5825 2167 5818 2124  
 5808 2105 5763 2069 5755 2050 5734 1980 5694 1966 5681 1942 5668 1942  
 5656 1931 5658 1912 5664 1907 5683 1907 5690 1890 5702 1882 5711 1882  
 5692 1855 5700 1844 5707 1844 5715 1836 5717 1790 5726 1790 5732 1799  
 5762 1855 5764 1877 5781 1931 5802 1948                                
L  1 5    7     0    70    704634199999    10                           
 5516 1535 5527 1533 5540 1544 5525 1581 5518 1606 5510 1603 5495 1579  
 5482 1568 5482 1546 5516 1535                                          
L  1 5    8     0    80    804634199999     9                           
 4727  800 4710  824 4691  813 4691  789 4700  762 4717  753 4721  756  
 4727  783 4727  800                                                    
L  1 5    9     0    90    904634199999    38                           
 4474  144 4483  141 4491  155 4485  198 4474  206 4442  222 4417  241  
 4408  265 4404  293 4389  287 4353  328 4349  319 4345  292 4321  330  
 4298  327 4273  303 4245  262 4224  251 4222  246 4252  205 4260  200  
 4283  206 4294  203 4326  179 4322   97 4345   79 4351   79 4368   95  
 4396  103 4411   84 4440   82 4449   60 4453   57 4455   60 4459   90  
 4464   98 4468  128 4474  144                                          
L  1 5   10     0   100   1004634199999    11                           
 4514  269 4461  295 4423  284 4417  260 4434  241 4459  228 4485  222  
 4521  209 4527  258 4525  263 4514  269                                
L  1 9   11     9   111   1118888899999     5                           
10000    0    0    0    010000100001000010000    0                      
A  146341    1 7377 2897   1                                            
   -1                                                                   
A  146341    2 7162 2478   1                                            
   -2                                                                   
A  146341    3 4596  962   1                                            
   -3                                                                   
A  146341    4 5197 1484   1                                            
   -4                                                                   
A  146341    5 5099 1365   1                                            
   -5                                                                   
A  146341    6 5776 1979   1                                            
   -6                                                                   
A  146341    7 5507 1569   1                                            
   -7                                                                   
A  146341    8 4709  788   1                                            
   -8                                                                   
A  146341    9 4396  194   1                                            
   -9                                                                   
A  146341   10 4475  252   1                                            
  -10                                                                   
A  199999   11 5000 4802  21                                            
   11    0    1    0    2    0    3    0    4    0    5    0    6    0  
    7    0    8    0    9    0   10                                     
H1 7    0    0    0    2    4 0506 0506                                 
P  7 7    1 4600  966 0 1                                               
01 3 4600  966              00  â∫Émìá                                  
P  7 7    2 7355 2900 0 1                                               
01 3 7355 2900              00  è„Émìá                                  
M 462927éFñÄçïìá              3    2    4    2    1   75                
H2 1    2    3    2    0   56 0506 0506                                 
N  1 1    1 6614    0 1 3    1   -3   -2    0    0    0    0    0    0  
N  1 1    2 2605    0 1 3    3   -1    2    0    0    0    0    0    0  
L  1 5    1     0    11    214630399999   314                           
 6614    0 6610   18 6622   74 6609   81 6608   90 6594  106 6580  106  
 6582  136 6562  137 6556  147 6544  148 6546  156 6542  163 6512  163  
 6505  166 6487  181 6471  190 6467  204 6447  225 6405  315 6405  328  
 6411  340 6413  355 6408  369 6412  393 6396  432 6384  442 6382  481  
 6372  512 6384  535 6378  536 6362  563 6350  566 6346  585 6338  599  
 6337  607 6329  619 6323  639 6306  641 6289  658 6269  651 6256  651  
 6247  645 6237  645 6227  654 6218  674 6199  674 6191  685 6178  692  
 6170  692 6181  734 6181  739 6175  742 6167  741 6131  747 6126  742  
 6125  720 6102  685 6083  676 6082  714 6072  737 6063  749 6059  774  
 6054  784 6042  792 6019  793 6005  783 5980  781 5969  796 5942  793  
 5939  796 5936  822 5921  845 5899  816 5886  812 5864  783 5852  785  
 5823  799 5809  802 5800  829 5794  835 5792  856 5787  868 5778  875  
 5741  852 5728  864 5715  861 5703  877 5688  884 5654  926 5647  930  
 5629  931 5605  952 5594  953 5571  967 5569  983 5556 1006 5557 1021  
 5536 1023 5533 1059 5512 1060 5457 1165 5442 1199 5441 1211 5447 1226  
 5447 1234 5430 1252 5424 1263 5409 1261 5378 1290 5381 1315 5378 1330  
 5371 1344 5373 1371 5365 1395 5365 1440 5355 1447 5351 1501 5346 1513  
 5336 1562 5310 1602 5304 1618 5328 1659 5336 1678 5343 1721 5327 1754  
 5325 1764 5309 1752 5296 1779 5290 1782 5286 1774 5284 1752 5290 1725  
 5278 1699 5265 1691 5225 1695 5209 1691 5196 1682 5171 1670 5164 1666  
 5157 1668 5141 1658 5131 1658 5126 1639 5116 1625 5082 1599 5076 1587  
 5058 1587 5046 1576 4988 1572 4992 1548 4981 1541 4963 1514 4937 1508  
 4892 1510 4866 1516 4854 1491 4847 1493 4837 1506 4831 1504 4827 1467  
 4822 1459 4806 1459 4775 1497 4768 1495 4767 1467 4763 1462 4748 1462  
 4732 1439 4725 1436 4714 1462 4697 1470 4689 1482 4677 1489 4659 1471  
 4641 1464 4630 1489 4619 1487 4613 1456 4581 1470 4501 1475 4473 1486  
 4466 1504 4430 1519 4404 1533 4391 1529 4380 1540 4372 1543 4361 1537  
 4341 1535 4312 1550 4288 1536 4258 1532 4226 1521 4209 1512 4189 1486  
 4183 1485 4173 1489 4166 1481 4162 1460 4150 1431 4118 1390 4102 1381  
 4087 1354 4076 1347 4063 1346 4081 1306 4079 1285 4072 1283 4056 1289  
 4053 1287 4054 1275 4059 1269 4026 1254 4012 1240 4005 1227 3986 1224  
 3984 1200 3989 1187 3982 1141 3951 1105 3950 1114 3939 1125 3923 1125  
 3913 1129 3906 1142 3887 1156 3868 1189 3839 1179 3834 1171 3844 1156  
 3840 1121 3844 1113 3843 1092 3849 1063 3847 1040 3852 1033 3854 1013  
 3879  978 3891  950 3883  935 3827  864 3723  774 3698  754 3666  717  
 3633  647 3624  620 3585  568 3536  524 3533  513 3530  474 3477  379  
 3464  371 3448  368 3417  289 3409  293 3396  287 3382  274 3363  270  
 3340  274 3251  221 3247  229 3222  255 3190  279 3175  286 3156  287  
 3126  281 3109  283 3092  279 3072  259 3046  262 3038  278 3026  271  
 3018  263 3006  263 2988  258 2957  259 2946  252 2937  235 2918  229  
 2900  239 2887  228 2876  231 2863  225 2850  229 2823  221 2814  221  
 2802  215 2795  216 2787  239 2780  243 2752  235 2738  251 2726  261  
 2715  284 2702  257 2685  259 2664  235 2639  250 2614  251 2602  263  
 2589  267 2569  254 2556  240 2551  203 2541  182 2540  170 2549  151  
 2560  108 2584   84 2587   50 2600   50 2608   43 2605    0            
L  1 9    2     9    21    118888899999     6                           
 2605    0    0    0    010000100001000010000    0 6614    0            
L  1 9    3     9    21    114630388888     2                           
 2605    0 6614    0                                                    
A  199999    1 5000 4926   2                                            
    1    2                                                              
A  146303    2 4765  926   2                                            
   -3   -1                                                              
H1 2    0    1    0    0   14 0506 0506                                 
L  2 4    1     0    00    00              89                           
 3456    0 3450   18 3464   53 3530   58 3527  152 3602  186 3706  181  
 3804   89 3814  104 3807  157 3818  175 3899  200 3901  221 3844  252  
 3837  296 3782  340 3759  421 3768  445 3841  466 3910  434 3928  443  
 3933  518 3968  555 4011  570 4042  542 4080  581 4195  548 4207  686  
 4250  790 4253  874 4265  894 4319  890 4344  906 4377  886 4405  881  
 4452  927 4501  979 4532  976 4609  868 4700  713 4740  708 4757  671  
 4824  699 4888  597 4906  539 4926  525 4971  588 4990  581 5007  525  
 5041  531 5146  690 5205  681 5313  704 5351  627 5382  613 5442  631  
 5491  605 5490  484 5587  474 5600  329 5626  304 5654  233 5654  142  
 5680  123 5725  129 5752  134 5811  166 5871  212 5894  209 5906  197  
 5920  168 5927  103 5936   88 5947   73 5969   71 5994   88 6012  108  
 6039  143 6060  174 6112  233 6156  267 6179  277 6201  264 6250  176  
 6296  153 6330  148 6354  140 6380  117 6437    0                      
H1 7    0    0    0    1    2 0506 0506                                 
P  7 7    1 4667    0 0 1                                               
01 2 4667    0              00  çïìá                                    
M 462953âFé°åQìá              1    2    2    2    0   16                
H2 1    2    2    2    0   15 0506 0506                                 
N  1 2    1 3972 5954 0 2    1   -1    0    0    0    0    0    0    0  
N  1 1    210000    0 1 2   -2    2    0    0    0    0    0    0    0  
L  1 5    1     0    10    104634199999    38                           
 3972 5954 3953 5948 3944 5956 3931 5960 3921 5958 3916 5954 3929 5927  
 3936 5923 3953 5885 3975 5879 3981 5869 3953 5825 3958 5810 3966 5803  
 3970 5804 3978 5783 3981 5779 4004 5771 4031 5734 4054 5759 4061 5786  
 4073 5800 4076 5813 4075 5829 4066 5846 4046 5887 4041 5902 4059 5908  
 4059 5922 4055 5929 4055 5937 4047 5957 4042 5962 4035 5956 4018 5954  
 4012 5935 3980 5950 3972 5954                                          
L  1 9    2     9    21    218888899999     5                           
10000    0    0    0    010000100001000010000    0                      
A  146341    1 4016 5848   1                                            
   -1                                                                   
A  199999    2 2680 4584   3                                            
    2    0    1                                                         
M 462963âFé°åQìá              2   19   19   19    2  271                
H2 1   19   19   19    0  265 0506 0506                                 
N  1 2    1 7879 4823 0 2    1   -1    0    0    0    0    0    0    0  
N  1 2    2 8003 5225 0 2    2   -2    0    0    0    0    0    0    0  
N  1 2    3 7908 5274 0 2    3   -3    0    0    0    0    0    0    0  
N  1 2    4 7946 5466 0 2    4   -4    0    0    0    0    0    0    0  
N  1 2    5 8061 5355 0 2    5   -5    0    0    0    0    0    0    0  
N  1 2    6 6085 2465 0 2    6   -6    0    0    0    0    0    0    0  
N  1 2    7 6449 3192 0 2    7   -7    0    0    0    0    0    0    0  
N  1 2    8 8260 4231 0 2    8   -8    0    0    0    0    0    0    0  
N  1 2    9 7735 3853 0 2    9   -9    0    0    0    0    0    0    0  
N  1 2   10 8024 3118 0 2   10  -10    0    0    0    0    0    0    0  
N  1 2   11 5767  998 0 2   11  -11    0    0    0    0    0    0    0  
N  1 2   12 5414 1036 0 2   12  -12    0    0    0    0    0    0    0  
N  1 2   13 5720 3789 0 2   13  -13    0    0    0    0    0    0    0  
N  1 2   14 5800 3583 0 2   14  -14    0    0    0    0    0    0    0  
N  1 2   15 3467  159 0 2   15  -15    0    0    0    0    0    0    0  
N  1 2   16 5637 2730 0 2   16  -16    0    0    0    0    0    0    0  
N  1 2   17 3671  284 0 2   17  -17    0    0    0    0    0    0    0  
N  1 2   18 3661  100 0 2   18  -18    0    0    0    0    0    0    0  
N  1 1   1910000    0 1 2  -19   19    0    0    0    0    0    0    0  
L  1 5    1     0    10    104634199999    13                           
 7879 4823 7880 4793 7888 4789 7895 4792 7914 4782 7919 4788 7915 4817  
 7916 4855 7910 4870 7901 4874 7885 4851 7887 4837 7879 4823            
L  1 5    2     0    20    204634199999    12                           
 8003 5225 8013 5237 8015 5246 8002 5262 7990 5258 7984 5264 7976 5266  
 7982 5235 7980 5204 7996 5220 8004 5221 8003 5225                      
L  1 5    3     0    30    304634199999    17                           
 7908 5274 7910 5262 7920 5256 7930 5259 7935 5247 7938 5248 7942 5262  
 7954 5271 7960 5285 7954 5297 7944 5290 7937 5297 7920 5290 7901 5297  
 7901 5285 7908 5283 7908 5274                                          
L  1 5    4     0    40    404634199999    46                           
 7946 5466 7935 5452 7941 5433 7935 5437 7927 5429 7924 5395 7927 5394  
 7945 5402 7953 5374 7948 5362 7928 5364 7927 5351 7934 5349 7941 5358  
 7949 5358 7964 5366 7961 5351 7945 5339 7934 5335 7937 5327 7946 5325  
 7962 5308 7970 5294 7974 5297 7995 5287 8004 5297 8014 5296 8021 5301  
 8009 5316 8024 5331 8025 5347 8007 5385 7996 5404 7988 5436 7995 5443  
 8017 5452 8015 5468 8001 5464 7998 5482 8010 5514 7997 5508 7963 5522  
 7952 5506 7948 5506 7944 5466 7946 5466                                
L  1 5    5     0    50    504634199999    11                           
 8061 5355 8056 5377 8056 5401 8030 5385 8037 5363 8039 5335 8042 5332  
 8051 5335 8061 5332 8064 5336 8061 5355                                
L  1 5    6     0    60    604634199999    11                           
 6085 2465 6077 2496 6059 2517 6049 2521 6040 2514 6051 2488 6052 2469  
 6071 2452 6076 2450 6085 2461 6085 2465                                
L  1 5    7     0    70    704634199999   557                           
 6449 3192 6466 3232 6482 3307 6454 3376 6437 3380 6423 3422 6414 3426  
 6407 3443 6394 3458 6386 3461 6377 3458 6368 3492 6372 3499 6375 3499  
 6384 3484 6383 3512 6363 3523 6356 3527 6346 3520 6321 3527 6298 3512  
 6282 3512 6272 3530 6262 3537 6238 3519 6223 3532 6219 3531 6208 3516  
 6193 3526 6178 3522 6162 3524 6157 3511 6134 3512 6109 3522 6090 3523  
 6045 3496 6008 3485 5999 3486 5981 3516 5972 3536 5954 3555 5925 3566  
 5923 3619 5912 3631 5889 3620 5884 3604 5883 3579 5891 3566 5890 3552  
 5867 3538 5843 3531 5841 3528 5812 3523 5807 3519 5832 3519 5828 3508  
 5838 3462 5852 3434 5856 3375 5844 3309 5836 3293 5817 3274 5813 3251  
 5804 3246 5786 3247 5772 3242 5764 3229 5766 3220 5779 3225 5789 3205  
 5822 3231 5812 3192 5803 3189 5797 3184 5799 3171 5816 3166 5822 3139  
 5809 3138 5818 3090 5805 3072 5793 3039 5791 3012 5799 2970 5766 2969  
 5777 2935 5784 2930 5791 2930 5791 2918 5798 2897 5788 2873 5812 2855  
 5818 2830 5781 2800 5767 2774 5765 2764 5754 2751 5745 2750 5742 2691  
 5750 2660 5760 2651 5759 2631 5754 2606 5747 2570 5733 2539 5729 2514  
 5721 2502 5730 2445 5716 2423 5714 2407 5710 2400 5721 2349 5730 2337  
 5733 2302 5720 2294 5715 2285 5725 2275 5736 2223 5724 2129 5710 2110  
 5695 2099 5687 2079 5681 2080 5687 2025 5683 2009 5646 1953 5640 1949  
 5630 1950 5619 1946 5605 1956 5599 1925 5598 1902 5584 1881 5530 1842  
 5510 1848 5501 1876 5500 1871 5488 1864 5462 1860 5456 1854 5450 1869  
 5437 1866 5423 1858 5415 1857 5395 1868 5389 1868 5380 1877 5364 1883  
 5364 1922 5368 1952 5361 1980 5361 2000 5356 2015 5347 2023 5336 2024  
 5318 2038 5310 2035 5315 2019 5312 1985 5299 1981 5284 1981 5283 1939  
 5285 1916 5282 1887 5267 1858 5258 1854 5253 1874 5230 1927 5220 1937  
 5214 1938 5214 1923 5183 1907 5172 1919 5149 1918 5148 1911 5141 1930  
 5134 1924 5140 1908 5134 1901 5126 1857 5113 1838 5115 1822 5105 1803  
 5103 1803 5111 1743 5113 1745 5118 1722 5125 1723 5129 1785 5141 1804  
 5146 1735 5140 1703 5151 1683 5163 1666 5167 1641 5203 1660 5210 1693  
 5227 1693 5233 1689 5227 1661 5226 1639 5200 1583 5210 1583 5224 1561  
 5230 1531 5234 1527 5265 1526 5272 1499 5254 1419 5243 1418 5236 1404  
 5228 1354 5214 1292 5198 1246 5189 1237 5181 1218 5164 1207 5151 1184  
 5143 1180 5126 1184 5118 1176 5114 1165 5107 1161 5103 1138 5083 1094  
 5068 1103 5056 1095 5045 1080 5038 1064 5025 1049 5004 1072 4993 1061  
 4988 1045 4979 1037 4956 1038 4940 1030 4906 1027 4878 1019 4870 1023  
 4859 1023 4850 1015 4843 1014 4836 1004 4830  979 4819  958 4820  931  
 4832  925 4855  892 4861  888 4863  863 4855  850 4847  787 4848  763  
 4872  745 4875  715 4874  687 4878  683 4912  686 4942  675 4942  688  
 4947  698 4951  697 4961  675 4974  682 4982  679 4990  697 4999  699  
 5003  711 4998  741 4989  765 4980  790 4978  807 4982  822 4997  844  
 5005  840 5012  821 5027  828 5033  817 5049  805 5058  787 5077  802  
 5064  840 5071  838 5084  820 5104  810 5110  801 5114  814 5112  830  
 5081  884 5082  890 5103  909 5103  886 5112  902 5123  890 5147  897  
 5162  930 5171  920 5172  930 5166  952 5236 1024 5255 1024 5261 1048  
 5276 1063 5282 1060 5284 1032 5316 1041 5327 1030 5338 1030 5351 1026  
 5358 1036 5329 1074 5355 1079 5361 1067 5372 1075 5366 1098 5374 1099  
 5395 1121 5418 1157 5424 1156 5430 1163 5436 1184 5459 1216 5468 1216  
 5490 1232 5500 1228 5515 1229 5554 1239 5572 1236 5601 1214 5603 1209  
 5594 1160 5623 1143 5635 1155 5639 1174 5646 1185 5652 1182 5683 1179  
 5698 1173 5715 1168 5726 1158 5752 1147 5785 1119 5795 1089 5796 1077  
 5802 1075 5811 1093 5821 1101 5840 1097 5849 1086 5859 1081 5870 1082  
 5878 1071 5880 1046 5918 1046 5960  970 5969  947 5975  899 5971  884  
 5957  868 5956  847 5965  823 5980  841 5988  845 6005  843 6030  814  
 6039  797 6050  838 6075  837 6098  843 6100  855 6094  864 6090  876  
 6118  873 6135  878 6139  892 6129  924 6090  930 6066  911 6029  911  
 6044  938 6020  936 6008  928 6005  922 5993  940 5981  949 5974  961  
 5979  973 5973  976 5963 1005 5958 1036 5960 1061 5959 1075 5974 1080  
 5978 1089 5965 1094 5968 1109 5961 1130 6002 1204 6003 1225 5995 1243  
 5997 1255 6021 1267 5986 1306 5972 1317 5988 1338 5997 1347 6009 1377  
 6035 1396 6049 1374 6061 1374 6077 1386 6074 1402 6077 1417 6093 1420  
 6111 1417 6131 1405 6123 1413 6137 1416 6172 1382 6196 1378 6208 1376  
 6241 1384 6251 1382 6266 1374 6279 1382 6282 1393 6281 1405 6266 1404  
 6264 1407 6267 1416 6278 1426 6280 1436 6304 1443 6311 1451 6307 1463  
 6317 1490 6317 1513 6290 1532 6280 1528 6271 1543 6258 1542 6260 1557  
 6209 1552 6207 1577 6204 1577 6187 1598 6139 1602 6131 1612 6127 1635  
 6133 1659 6120 1667 6110 1667 6094 1655 6078 1660 6072 1670 6083 1694  
 6084 1702 6069 1705 6067 1709 6057 1713 6052 1712 6044 1695 6028 1679  
 6006 1690 6004 1698 5992 1714 5987 1735 5972 1749 5976 1767 5967 1789  
 5946 1803 5943 1829 5938 1833 5929 1860 5916 1878 5906 1928 5904 2011  
 5906 2041 5914 2079 5913 2107 5916 2114 5912 2144 5914 2163 5935 2184  
 5952 2218 5965 2267 5977 2260 5984 2251 6015 2256 6020 2288 6037 2290  
 6044 2302 6042 2317 6014 2336 6005 2330 5999 2315 5981 2328 5990 2338  
 6001 2359 5990 2367 5985 2377 5977 2376 5967 2392 5985 2396 6010 2386  
 6012 2396 6006 2415 5988 2448 5996 2477 6004 2481 6014 2509 6016 2521  
 6030 2545 6039 2538 6051 2537 6061 2545 6062 2586 6072 2590 6091 2590  
 6110 2644 6124 2661 6139 2667 6157 2668 6202 2659 6223 2657 6248 2645  
 6264 2630 6283 2621 6273 2641 6285 2652 6290 2647 6299 2648 6280 2659  
 6301 2683 6290 2696 6310 2710 6314 2728 6331 2725 6331 2733 6324 2745  
 6341 2791 6350 2811 6350 2832 6376 2879 6368 2890 6365 2899 6385 2925  
 6400 2963 6403 3002 6416 3032 6431 3049 6440 3055 6443 3078 6459 3111  
 6444 3122 6443 3154 6452 3194 6449 3192                                
L  1 5    8     0    80    804634199999   351                           
 8260 4231 8266 4231 8270 4240 8267 4248 8261 4249 8242 4239 8238 4244  
 8240 4260 8234 4269 8230 4265 8218 4285 8220 4296 8217 4308 8227 4312  
 8232 4334 8229 4370 8225 4388 8237 4392 8244 4404 8246 4416 8242 4427  
 8232 4426 8217 4476 8221 4488 8204 4495 8191 4516 8204 4524 8203 4549  
 8200 4566 8191 4587 8188 4605 8183 4607 8182 4604 8171 4605 8157 4601  
 8156 4599 8147 4622 8149 4642 8132 4634 8108 4674 8088 4676 8077 4680  
 8065 4678 8065 4688 8052 4708 8034 4713 8036 4726 8042 4738 8044 4755  
 8036 4767 8066 4804 8076 4807 8086 4823 8095 4858 8082 4873 8071 4878  
 8051 4878 8027 4870 8018 4871 8008 4881 8000 4900 7993 4902 7999 4965  
 7990 4969 7979 4962 7962 4981 7951 4978 7946 4956 7934 4944 7929 4929  
 7925 4916 7926 4886 7930 4875 7925 4856 7924 4813 7937 4771 7933 4754  
 7926 4751 7911 4755 7909 4746 7923 4719 7934 4729 7955 4715 7967 4720  
 7978 4709 8004 4701 7997 4684 7991 4682 7988 4673 7992 4659 8004 4653  
 8009 4627 8016 4623 8029 4630 8041 4624 8042 4608 8056 4588 8054 4557  
 8058 4545 8057 4538 8052 4538 8045 4530 8053 4472 8051 4464 8034 4457  
 8018 4431 7992 4412 7970 4438 7958 4436 7951 4426 7958 4413 7957 4381  
 7975 4384 7976 4365 7952 4355 7937 4366 7936 4342 7927 4335 7911 4362  
 7902 4358 7904 4342 7912 4331 7908 4300 7901 4285 7889 4276 7875 4259  
 7856 4246 7852 4230 7870 4230 7868 4199 7859 4190 7848 4212 7821 4205  
 7821 4176 7824 4155 7820 4142 7802 4154 7785 4140 7777 4143 7772 4154  
 7761 4158 7754 4173 7745 4171 7734 4163 7718 4181 7710 4182 7680 4175  
 7678 4174 7685 4157 7679 4143 7691 4123 7672 4115 7677 4096 7685 4089  
 7687 4063 7698 4062 7702 4054 7698 4039 7682 4034 7682 4021 7687 4013  
 7698 4019 7708 4031 7715 4035 7729 4017 7736 3997 7745 3993 7750 3981  
 7763 3999 7777 3978 7790 3942 7800 3934 7822 3904 7830 3865 7842 3860  
 7853 3850 7859 3850 7874 3831 7882 3827 7893 3827 7909 3814 7963 3858  
 7972 3849 7971 3842 7978 3822 7993 3804 7997 3804 8003 3812 8009 3811  
 8019 3781 7995 3700 8004 3692 8001 3675 7982 3657 7979 3644 7996 3649  
 8020 3664 8034 3668 8044 3663 8056 3644 8059 3615 8073 3598 8094 3594  
 8102 3572 8100 3560 8068 3569 8054 3564 8053 3537 8085 3517 8090 3518  
 8095 3500 8102 3487 8097 3486 8088 3459 8080 3407 8061 3375 8052 3365  
 8034 3379 8018 3373 8016 3365 8034 3353 8036 3338 8028 3322 8033 3294  
 8045 3290 8050 3265 8045 3253 8051 3241 8058 3217 8066 3203 8092 3180  
 8089 3190 8093 3199 8104 3197 8135 3203 8144 3213 8150 3190 8158 3176  
 8160 3156 8175 3152 8184 3155 8192 3143 8198 3122 8197 3098 8203 3093  
 8205 3078 8203 3039 8215 3025 8205 3002 8212 2962 8214 2977 8224 2986  
 8241 2971 8243 2981 8240 2985 8253 3045 8253 3049 8255 3044 8278 3033  
 8281 3039 8280 3054 8286 3078 8295 3091 8294 3102 8282 3106 8270 3129  
 8285 3129 8269 3163 8266 3178 8260 3186 8271 3193 8283 3183 8292 3181  
 8297 3185 8298 3194 8289 3221 8284 3222 8274 3241 8271 3262 8274 3268  
 8255 3291 8251 3306 8243 3317 8240 3347 8242 3374 8250 3394 8244 3409  
 8248 3441 8261 3429 8269 3426 8276 3436 8294 3428 8298 3437 8299 3463  
 8278 3468 8263 3468 8257 3479 8254 3503 8276 3511 8283 3518 8283 3524  
 8259 3536 8259 3556 8272 3563 8277 3586 8266 3594 8276 3624 8298 3625  
 8313 3643 8324 3640 8327 3649 8312 3665 8323 3686 8334 3693 8338 3703  
 8312 3702 8304 3733 8314 3764 8312 3776 8291 3776 8270 3769 8269 3772  
 8293 3803 8297 3814 8263 3821 8261 3865 8271 3879 8290 3923 8308 3955  
 8304 3973 8296 3971 8282 3979 8283 3998 8277 4000 8270 3996 8255 4000  
 8261 4006 8257 4017 8245 4031 8251 4057 8244 4081 8255 4091 8258 4113  
 8235 4125 8220 4111 8215 4130 8208 4131 8222 4171 8224 4169 8256 4204  
 8260 4231                                                              
L  1 5    9     0    90    904634199999    22                           
 7735 3853 7745 3854 7755 3850 7763 3851 7770 3873 7773 3901 7777 3908  
 7785 3891 7790 3903 7791 3919 7784 3927 7775 3930 7766 3942 7743 3939  
 7748 3911 7736 3901 7747 3908 7749 3886 7734 3899 7730 3890 7732 3857  
 7735 3853                                                              
L  1 5   10     0   100   1004634199999    18                           
 8024 3118 8033 3113 8037 3102 8047 3101 8067 3114 8077 3132 8068 3170  
 8048 3198 8024 3219 8012 3226 8005 3225 8010 3196 8003 3178 8009 3153  
 8018 3102 8021 3097 8021 3111 8024 3118                                
L  1 5   11     0   110   1104634199999    15                           
 5767  998 5783 1009 5796 1032 5797 1047 5788 1082 5783 1088 5763 1065  
 5758 1040 5742 1036 5738 1025 5737 1008 5734  993 5750  990 5767  997  
 5767  998                                                              
L  1 5   12     0   120   1204634199999    13                           
 5414 1036 5411 1039 5415 1053 5412 1063 5400 1079 5395 1080 5391 1066  
 5374 1059 5379 1037 5386 1030 5394 1010 5402 1014 5414 1036            
L  1 5   13     0   130   1304634199999    40                           
 5720 3789 5715 3802 5706 3790 5656 3770 5631 3775 5620 3787 5614 3783  
 5604 3783 5592 3787 5580 3787 5557 3760 5560 3732 5548 3713 5525 3722  
 5519 3721 5514 3711 5519 3698 5507 3668 5509 3653 5519 3641 5524 3640  
 5533 3644 5550 3668 5555 3637 5564 3651 5582 3618 5593 3610 5628 3668  
 5649 3659 5652 3652 5662 3672 5668 3676 5680 3668 5709 3701 5721 3708  
 5708 3720 5717 3739 5723 3782 5721 3793 5720 3789                      
L  1 5   14     0   140   1404634199999    16                           
 5800 3583 5794 3577 5792 3537 5803 3532 5835 3550 5847 3554 5855 3560  
 5860 3592 5854 3601 5835 3608 5833 3624 5817 3651 5809 3646 5802 3631  
 5804 3620 5800 3583                                                    
L  1 5   15     0   150   1504634199999    23                           
 3467  159 3476  152 3492  166 3498  162 3509  146 3519  150 3527  167  
 3538  174 3542  204 3541  220 3524  263 3517  274 3498  285 3486  277  
 3480  279 3476  275 3470  233 3465  233 3465  220 3469  208 3461  190  
 3465  163 3467  159                                                    
L  1 5   16     0   160   1604634199999    20                           
 5637 2730 5651 2728 5662 2732 5670 2711 5675 2707 5688 2718 5702 2720  
 5714 2727 5714 2755 5702 2751 5677 2761 5668 2770 5647 2773 5643 2769  
 5627 2782 5633 2761 5627 2747 5628 2740 5636 2735 5637 2730            
L  1 5   17     0   170   1704634199999    38                           
 3671  284 3671  298 3662  311 3636  331 3624  317 3617  316 3614  320  
 3602  320 3595  316 3595  298 3584  289 3588  271 3585  243 3587  232  
 3573  217 3575  188 3577  177 3572  165 3589  153 3594  147 3577  138  
 3576  124 3581  104 3606  109 3607  134 3625  163 3646  162 3657  170  
 3667  188 3678  203 3677  228 3675  227 3669  234 3679  258 3681  271  
 3678  282 3672  277 3671  284                                          
L  1 5   18     0   180   1804634199999    21                           
 3661  100 3664  124 3676  136 3684  128 3693  105 3706  111 3709  139  
 3689  155 3683  153 3678  169 3669  159 3643  147 3630  151 3622  134  
 3619  109 3629   85 3634   90 3654   70 3657   69 3662   73 3661  100  
L  1 9   19     9   191   1918888899999     5                           
10000    0    0    0    010000100001000010000    0                      
A  146341    1 7899 4828   1                                            
   -1                                                                   
A  146341    2 7997 5235   1                                            
   -2                                                                   
A  146341    3 7931 5272   1                                            
   -3                                                                   
A  146341    4 7960 5404   1                                            
   -4                                                                   
A  146341    5 8047 5366   1                                            
   -5                                                                   
A  146341    6 6066 2484   1                                            
   -6                                                                   
A  146341    7 5819 2142   1                                            
   -7                                                                   
A  146341    8 8030 3978   1                                            
   -8                                                                   
A  146341    9 7760 3896   1                                            
   -9                                                                   
A  146341   10 8038 3162   1                                            
  -10                                                                   
A  146341   11 5775 1039   1                                            
  -11                                                                   
A  146341   12 5395 1046   1                                            
  -12                                                                   
A  146341   13 5617 3706   1                                            
  -13                                                                   
A  146341   14 5830 3591   1                                            
  -14                                                                   
A  146341   15 3504  216   1                                            
  -15                                                                   
A  146341   16 5671 2744   1                                            
  -16                                                                   
A  146341   17 3625  217   1                                            
  -17                                                                   
A  146341   18 3642  120   1                                            
  -18                                                                   
A  199999   19 9495 2790  37                                            
   19    0    1    0    2    0    3    0    4    0    5    0    6    0  
    7    0    8    0    9    0   10    0   11    0   12    0   13    0  
   14    0   15    0   16    0   17    0   18                           
H1 7    0    0    0    2    4 0506 0506                                 
P  7 7    1 8000 4066 0 1                                               
01 3 8000 4066              00  âFé°ìá                                  
P  7 7    2 5688 1600 0 1                                               
01 4 5688 1600              00  âFé°å¸ìá                                
M 462975                      1    3    3    3    0   18                
H2 1    3    3    3    0   17 0506 0506                                 
N  1 2    1 9349 6338 0 2    1   -1    0    0    0    0    0    0    0  
N  1 2    2 9349 6606 0 2    2   -2    0    0    0    0    0    0    0  
N  1 1    310000    0 1 2   -3    3    0    0    0    0    0    0    0  
L  1 5    1     0    10    104634199999    10                           
 9349 6338 9354 6362 9339 6407 9331 6410 9322 6407 9311 6392 9311 6373  
 9321 6361 9339 6354 9349 6338                                          
L  1 5    2     0    20    204634199999    13                           
 9349 6606 9340 6608 9340 6575 9352 6552 9386 6552 9401 6546 9406 6548  
 9410 6557 9416 6584 9414 6594 9386 6615 9358 6629 9349 6606            
L  1 9    3     9    31    318888899999     5                           
10000    0    0    0    010000100001000010000    0                      
A  146341    1 9330 6374   1                                            
   -1                                                                   
A  146341    2 9378 6587   1                                            
   -2                                                                   
A  199999    3 4740 5064   5                                            
    3    0    1    0    2                                               
