M 472872íjìá                  2    6    7    6    1   70                
H2 1    6    7    6    0   66 0506 0506                                 
N  1 2    1 8168 8070 0 2    1   -1    0    0    0    0    0    0    0  
N  1 2    2 8616 8444 0 2    2   -2    0    0    0    0    0    0    0  
N  1 2    3 8680 8365 0 2    3   -3    0    0    0    0    0    0    0  
N  1 2    4 8483 8946 0 2    4   -4    0    0    0    0    0    0    0  
N  1 1    5 779710000 1 3    5   -7    6    0    0    0    0    0    0  
N  1 1    6 884710000 1 3    7   -6   -5    0    0    0    0    0    0  
L  1 5    1     0    10    104220699999    38                           
 8168 8070 8170 8073 8151 8121 8144 8149 8131 8171 8125 8190 8112 8210  
 8039 8246 8010 8241 7991 8261 7972 8258 7963 8238 7960 8206 7963 8178  
 7975 8150 7975 8129 7982 8082 8003 8012 8022 7984 8039 7967 8049 7974  
 8068 7980 8069 7999 8065 8026 8066 8047 8072 8053 8089 8048 8124 8029  
 8130 8003 8143 7995 8152 8003 8158 8016 8171 8001 8178 7966 8183 7962  
 8190 7974 8192 8001 8168 8070                                          
L  1 5    2     0    20    204220699999    12                           
 8616 8444 8618 8446 8603 8449 8600 8437 8603 8369 8610 8345 8617 8349  
 8621 8366 8634 8379 8639 8388 8636 8431 8616 8444                      
L  1 5    3     0    30    304220699999    16                           
 8680 8365 8682 8365 8681 8394 8668 8428 8648 8438 8644 8433 8646 8383  
 8658 8314 8650 8265 8654 8257 8667 8252 8680 8254 8686 8273 8697 8279  
 8699 8301 8680 8365                                                    
L  1 5    4     0    40    404220699999    13                           
 8483 8946 8485 8957 8472 8984 8461 8989 8445 8988 8436 8980 8430 8963  
 8437 8936 8454 8922 8473 8895 8481 8892 8484 8931 8483 8946            
L  1 5    5     0    51    614220699999   181                           
 779710000 7801 9987 7798 9976 7815 9962 7821 9953 7820 9929 7827 9910  
 7820 9881 7834 9851 7842 9822 7860 9800 7880 9795 7910 9754 7927 9702  
 7966 9629 7987 9614 8040 9569 8056 9546 8061 9512 8056 9492 8065 9482  
 8076 9477 8089 9459 8134 9331 8178 9269 8192 9210 8181 9159 8185 9131  
 8179 9097 8164 9065 8138 9035 8120 9020 8091 9025 8089 9006 8107 8976  
 8115 8952 8108 8909 8109 8875 8093 8846 8069 8824 8046 8811 8015 8846  
 8005 8843 7998 8783 8020 8731 8024 8710 7999 8732 7994 8702 8011 8683  
 8005 8680 8011 8630 8029 8612 8034 8594 8018 8589 8002 8557 8001 8525  
 8012 8487 8031 8476 8043 8457 8048 8439 8038 8419 8040 8369 8033 8352  
 8032 8330 8058 8296 8063 8267 8085 8248 8111 8239 8129 8237 8143 8246  
 8140 8260 8144 8305 8151 8328 8169 8317 8183 8299 8191 8327 8197 8388  
 8209 8396 8243 8391 8264 8371 8271 8384 8272 8410 8307 8486 8329 8513  
 8342 8524 8371 8522 8389 8508 8400 8454 8404 8450 8415 8454 8430 8476  
 8435 8478 8443 8460 8453 8411 8455 8346 8468 8306 8516 8232 8543 8220  
 8552 8312 8564 8317 8570 8350 8573 8350 8587 8309 8592 8320 8591 8419  
 8584 8449 8560 8491 8533 8492 8526 8500 8526 8528 8503 8554 8496 8589  
 8478 8624 8468 8654 8454 8658 8438 8671 8427 8674 8411 8695 8412 8707  
 8403 8726 8414 8770 8405 8836 8411 8931 8405 8944 8379 8951 8367 8964  
 8359 8990 8343 8990 8328 9020 8316 9087 8322 9144 8318 9237 8324 9281  
 8340 9317 8363 9358 8386 9411 8399 9426 8421 9417 8439 9401 8443 9414  
 8438 9424 8432 9463 8420 9476 8443 9499 8458 9510 8474 9535 8482 9538  
 8500 9536 8536 9492 8561 9485 8596 9481 8618 9483 8618 9499 8595 9527  
 8557 9576 8541 9606 8543 9612 8561 9602 8584 9598 8596 9605 8595 9626  
 8590 9648 8560 9671 8571 9687 8592 9766 8602 9779 8618 9790 8639 9816  
 8660 9832 8681 9860 8712 9853 8727 9846 8744 9851 8745 9867 8738 9884  
 8746 9948 8800 9938 8812 9940 8826 9935 8853 9970 884710000            
L  1 9    6     9    51    618888842206     2                           
 779710000 884710000                                                    
L  1 9    7     9    61    518888899999     6                           
 884710000100001000010000    0    0    0    010000 779710000            
A  142206    1 8067 8110   1                                            
   -1                                                                   
A  142206    2 8620 8396   1                                            
   -2                                                                   
A  142206    3 8670 8344   1                                            
   -3                                                                   
A  142206    4 8460 8940   1                                            
   -4                                                                   
A  199999    5 9341 8383  10                                            
    5    7    0    1    0    2    0    3    0    4                      
A  142206    6 8248 9096   2                                            
    6   -5                                                              
H1 7    0    0    0    1    2 0506 0506                                 
P  7 7    1 8266 9524 0 1                                               
01 2 8266 9524              00  èóìá                                    
