M 482917éwç]                  1    3    3    3    0   29                
H2 1    3    3    3    0   28 0507 0507                                 
N  1 2    1 7142 9856 0 2    1   -1    0    0    0    0    0    0    0  
N  1 2    2 8100 7044 0 2    2   -2    0    0    0    0    0    0    0  
N  1 1    310000    0 1 2   -3    3    0    0    0    0    0    0    0  
L  1 5    1     0    10    104320999999    12                           
 7142 9856 7146 9868 7140 9890 7123 9890 7112 9894 7105 9903 7100 9904  
 7112 9844 7118 9841 7122 9845 7139 9854 7142 9856                      
L  1 5    2     0    20    204320999999    88                           
 8100 7044 8096 7045 8062 7093 8039 7142 8036 7165 8048 7258 8070 7279  
 8093 7351 8100 7355 8108 7353 8123 7367 8147 7410 8150 7435 8145 7455  
 8148 7469 8138 7474 8124 7477 8108 7486 8101 7501 8090 7541 8081 7552  
 8066 7549 8058 7500 8034 7480 8032 7457 8049 7440 8057 7423 8058 7402  
 8049 7362 8033 7309 8018 7286 8015 7263 8000 7260 7960 7247 7944 7233  
 7937 7218 7949 7188 7939 7160 7913 7124 7911 7107 7914 7089 7923 7074  
 7912 7063 7890 7065 7871 7054 7876 7044 7904 7028 7904 7014 7878 6963  
 7880 6938 7888 6925 7897 6926 7898 6933 7889 6945 7892 6948 7901 6941  
 7919 6938 7946 6965 7960 6973 7968 6965 7990 6961 7996 6953 7989 6934  
 7986 6922 7992 6919 8013 6926 8020 6912 7990 6895 7993 6888 8015 6892  
 8041 6885 8059 6885 8062 6896 8067 6901 8074 6894 8084 6887 8104 6875  
 8130 6866 8142 6868 8148 6882 8169 6886 8169 6898 8158 6937 8139 6974  
 8135 6989 8122 6995 8119 7008 8100 7044                                
L  1 9    3     9    31    319999988888     5                           
10000    01000010000    010000    0    010000    0                      
A  143209    1 7126 9872   1                                            
   -1                                                                   
A  143209    2 7991 7210   1                                            
   -2                                                                   
A  199999    3 3905 7551   5                                            
   -3    0    1    0    2                                               
M 482927ãõä—çË                2   16   21   12    2  161                
H2 1   16   21   12    0  155 0507 0507                                 
N  1 1    110000 4226 1 3    1  -12   13    0    0    0    0    0    0  
N  1 1    210000 3112 1 3   12   -1  -18    0    0    0    0    0    0  
N  1 1    310000 9423 1 3   17    2  -16    0    0    0    0    0    0  
N  1 1    410000 8358 1 3   16   -2  -15    0    0    0    0    0    0  
N  1 1    510000 5611 1 3   15    3  -14    0    0    0    0    0    0  
N  1 1    610000 5396 1 3   14   -3  -13    0    0    0    0    0    0  
N  1 2    7 8720 7914 0 2    4   -4    0    0    0    0    0    0    0  
N  1 2    8 8211 4470 0 2    5   -5    0    0    0    0    0    0    0  
N  1 2    9 5506  668 0 2    6   -6    0    0    0    0    0    0    0  
N  1 2   10 6186 1157 0 2    7   -7    0    0    0    0    0    0    0  
N  1 2   11 6303  977 0 2    8   -8    0    0    0    0    0    0    0  
N  1 2   12 7572 1899 0 2    9   -9    0    0    0    0    0    0    0  
N  1 1   13 813210000 1 3   20   18   10    0    0    0    0    0    0  
N  1 1   14 988610000 1 3   21  -20  -10    0    0    0    0    0    0  
N  1 1   15 993810000 1 3  -19  -21   11    0    0    0    0    0    0  
N  1 1   1610000 9970 1 3   19  -11  -17    0    0    0    0    0    0  
L  1 5    1     0    11    214320999999    53                           
10000 4226 9990 4208 9967 4180 9930 4116 9908 4088 9886 4072 9845 4055  
 9829 4005 9808 3960 9768 3940 9746 3924 9723 3868 9747 3807 9766 3767  
 9753 3728 9725 3688 9694 3656 9662 3643 9644 3642 9638 3646 9602 3705  
 9567 3728 9562 3723 9540 3657 9537 3587 9520 3553 9494 3535 9474 3540  
 9463 3570 9446 3595 9418 3605 9403 3600 9394 3513 9400 3515 9458 3499  
 9476 3457 9466 3373 9440 3279 9424 3260 9427 3235 9438 3211 9472 3173  
 9505 3158 9584 3138 9647 3133 9711 3140 9759 3149 9830 3179 9854 3180  
 9883 3164 9923 3135 9996 310210000 3112                                
L  1 5    2     0    31    414320999999   108                           
10000 9423 9979 9365 9965 9338 9931 9302 9891 9266 9870 9236 9855 9199  
 9845 9193 9820 9141 9847 9085 9864 9066 9880 9059 9885 9046 9851 9014  
 9807 8987 9770 9016 9759 9016 9719 8985 9713 8976 9679 8958 9673 8958  
 9658 9008 9654 9009 9632 8997 9623 8987 9601 8976 9564 8927 9533 8918  
 9530 8907 9529 8863 9516 8841 9518 8776 9499 8775 9456 8785 9426 8782  
 9403 8755 9381 8669 9367 8654 9310 8555 9299 8546 9279 8510 9252 8432  
 9251 8412 9276 8394 9318 8373 9349 8352 9364 8305 9358 8256 9366 8226  
 9409 8216 9437 8243 9469 8281 9480 8304 9478 8311 9461 8330 9461 8346  
 9502 8347 9522 8382 9556 8396 9592 8393 9605 8363 9621 8361 9639 8364  
 9646 8371 9649 8385 9676 8382 9730 8348 9758 8295 9762 8277 9758 8239  
 9729 8187 9718 8151 9720 8138 9741 8122 9738 8107 9713 8067 9697 8031  
 9649 7984 9649 7979 9663 7971 9696 7963 9705 7932 9677 7912 9678 7883  
 9687 7866 9695 7869 9701 7889 9708 7898 9713 7882 9721 7878 9729 7891  
 9738 7952 9742 7954 9748 7948 9750 7930 9760 7943 9789 8006 9810 8124  
 9840 8216 9866 8265 9875 8277 9894 8286 9921 8275 9949 8304 9972 8378  
 9979 8374 9998 835310000 8358                                          
L  1 5    3     0    51    614320999999    19                           
10000 5611 9997 5614 9981 5613 9947 5622 9931 5677 9915 5688 9903 5679  
 9908 5651 9920 5615 9941 5520 9944 5462 9947 5435 9920 5427 9917 5409  
 9922 5387 9939 5391 9964 5413 9984 540610000 5396                      
L  1 5    4     0    70    704320999999    34                           
 8720 7914 8726 7914 8757 7973 8809 8029 8832 8064 8874 8142 8890 8155  
 8911 8161 8932 8177 8946 8204 8951 8238 8952 8286 8943 8293 8936 8291  
 8868 8222 8845 8176 8833 8167 8828 8174 8810 8172 8796 8148 8770 8141  
 8751 8127 8716 8068 8717 8050 8711 8040 8700 8036 8698 8026 8705 8016  
 8709 8016 8713 8004 8711 7961 8704 7944 8706 7930 8720 7914            
L  1 5    5     0    80    804320999999    56                           
 8211 4470 8207 4472 8204 4480 8190 4496 8169 4531 8163 4551 8147 4556  
 8091 4551 8044 4530 8008 4494 7990 4449 7981 4431 7998 4388 8002 4336  
 7984 4330 7977 4316 7946 4315 7940 4321 7937 4306 7938 4285 7919 4242  
 7905 4226 7888 4174 7881 4130 7873 4119 7865 4074 7865 4042 7844 3978  
 7846 3908 7834 3862 7779 3814 7765 3790 7760 3766 7770 3760 7778 3745  
 7802 3726 7831 3724 7902 3746 7970 3777 8009 3801 8023 3817 8048 3929  
 8061 4010 8058 4052 8065 4083 8094 4147 8172 4238 8197 4256 8225 4253  
 8278 4319 8294 4349 8292 4363 8289 4366 8277 4366 8245 4427 8211 4470  
L  1 5    6     0    90    904320999999    14                           
 5506  668 5492  685 5482  690 5464  686 5399  658 5393  641 5394  594  
 5408  597 5425  612 5448  608 5470  610 5508  628 5518  653 5506  668  
L  1 5    7     0   100   1004320999999    19                           
 6186 1157 6179 1171 6165 1177 6147 1174 6124 1168 6113 1154 6109 1128  
 6119 1106 6128 1100 6136 1088 6130 1062 6136 1050 6171 1055 6183 1047  
 6188 1049 6202 1078 6203 1094 6202 1140 6186 1157                      
L  1 5    8     0   110   1104320999999    21                           
 6303  977 6309  979 6306  998 6297 1005 6284 1014 6255 1017 6249 1008  
 6242  985 6239  955 6248  939 6252  939 6258  946 6260  973 6269  932  
 6274  927 6290  922 6300  946 6316  954 6318  961 6315  972 6303  977  
L  1 5    9     0   120   1204320999999    74                           
 7572 1899 7572 1902 7552 1960 7522 1996 7487 2019 7435 2043 7403 2050  
 7372 2044 7341 2031 7308 2010 7284 1982 7266 1944 7252 1896 7246 1827  
 7257 1775 7265 1755 7325 1649 7327 1605 7326 1561 7342 1538 7366 1518  
 7383 1482 7418 1373 7439 1331 7463 1305 7506 1280 7577 1245 7664 1241  
 7728 1231 7778 1204 7820 1134 7824 1116 7824 1088 7832 1044 7851 1021  
 7889  999 7895  951 7910  909 7933  877 7965  846 8000  840 8032  847  
 8048  863 8060  891 8064  927 8062  941 8031 1029 8013 1121 7982 1200  
 7952 1264 7947 1303 7953 1354 7944 1375 7912 1400 7885 1439 7867 1492  
 7862 1544 7868 1580 7867 1612 7871 1630 7899 1665 7888 1696 7868 1731  
 7842 1746 7825 1739 7794 1716 7762 1717 7714 1759 7689 1754 7664 1765  
 7611 1828 7596 1862 7598 1884 7572 1899                                
L  1 5   10     0   131   1414320999999   157                           
 813210000 8029 9844 8002 9822 7981 9779 7961 9722 7918 9657 7906 9591  
 7896 9563 7890 9532 7869 9497 7856 9486 7852 9450 7841 9416 7829 9339  
 7811 9298 7819 9283 7835 9274 7841 9262 7851 9149 7849 9101 7839 9058  
 7827 9052 7800 9020 7798 9010 7782 9004 7755 9006 7742 9017 7707 9004  
 7659 8945 7627 8913 7578 8846 7560 8810 7559 8742 7580 8724 7647 8736  
 7660 8739 7684 8763 7700 8765 7685 8739 7700 8740 7713 8745 7727 8729  
 7732 8744 7742 8756 7752 8733 7760 8703 7778 8712 7795 8700 7912 8567  
 7946 8508 7953 8512 7971 8498 7991 8414 8028 8395 8070 8392 8087 8364  
 8112 8400 8134 8414 8142 8413 8172 8399 8195 8405 8212 8434 8242 8443  
 8247 8469 8267 8464 8277 8479 8280 8498 8290 8499 8349 8489 8353 8462  
 8374 8483 8390 8512 8408 8611 8427 8639 8537 8725 8576 8774 8622 8849  
 8666 8893 8693 8931 8702 8970 8731 9027 8761 9073 8792 9110 8819 9131  
 8850 9138 8892 9132 8947 9113 9011 9080 9049 9054 9093 9008 9109 8982  
 9119 8923 9122 8857 9110 8811 9085 8752 9054 8659 9045 8597 9080 8622  
 9116 8657 9159 8689 9190 8703 9223 8725 9233 8740 9257 8796 9241 8825  
 9248 8859 9264 8892 9265 8904 9278 8912 9291 8907 9317 8917 9349 8945  
 9342 8976 9350 9019 9368 9061 9374 9066 9385 9135 9356 9164 9359 9179  
 9375 9188 9464 9165 9500 9176 9564 9239 9598 9232 9626 9216 9650 9236  
 9679 9279 9682 9291 9675 9328 9654 9350 9622 9376 9620 9392 9639 9401  
 9677 9387 9707 9383 9727 9384 9742 9370 9749 9367 9784 9377 9807 9450  
 9839 9460 9846 9466 9860 9490 9876 9583 9885 9611 9892 9619 9927 9702  
 9929 9724 9916 9744 9916 9751 9937 9790 9945 9898 9937 9919 9918 9925  
 9895 9927 9882 9949 988610000                                          
L  1 5   11     0   151   1614320999999     4                           
 993810000 9959 9976 9995 994410000 9970                                
L  1 9   12     9    21    114320988888     2                           
10000 311210000 4226                                                    
L  1 9   13     9    11    619999988888     2                           
10000 422610000 5396                                                    
L  1 9   14     9    61    514320988888     2                           
10000 539610000 5611                                                    
L  1 9   15     9    51    419999988888     2                           
10000 561110000 8358                                                    
L  1 9   16     9    41    314320988888     2                           
10000 835810000 9423                                                    
L  1 9   17     9    31   1619999988888     2                           
10000 942310000 9970                                                    
L  1 9   18     9   131    219999988888     5                           
 813210000    010000    0    010000    010000 3112                      
L  1 9   19     9   161   1514320988888     3                           
10000 99701000010000 993810000                                          
L  1 9   20     9   131   1418888843209     2                           
 813210000 988610000                                                    
L  1 9   21     9   141   1518888899999     2                           
 988610000 993810000                                                    
A  199999    1 4797 5396  22                                            
    1  -18   10   21   11  -17    2  -15    3  -13    0    9    0    8  
    0    7    0    6    0    5    0    4                                
A  143209    2 9850 3662   2                                            
  -12   -1                                                              
A  143209    3 9673 8616   2                                            
  -16   -2                                                              
A  143209    4 9969 5538   2                                            
  -14   -3                                                              
A  143209    5 8794 8102   1                                            
   -4                                                                   
A  143209    6 7987 4140   1                                            
   -5                                                                   
A  143209    7 5453  642   1                                            
   -6                                                                   
A  143209    8 6159 1112   1                                            
   -7                                                                   
A  143209    9 6288  969   1                                            
   -8                                                                   
A  143209   10 7639 1444   1                                            
   -9                                                                   
A  143209   11 8603 9170   2                                            
   20  -10                                                              
A  143209   12 9982 9972   2                                            
  -19  -11                                                              
H1 7    0    0    0    2    4 0507 0507                                 
P  7 6    1 8066 8900 0 1                                               
01 3 8066 8900              00  ãõä—çÈ                                  
P  7 7    2 7533 1600 0 1                                               
01 2 7533 1600              00  ëÂìá                                    
M 482937ëÂç]                  2   12   24    9    0  133                
H2 1   12   16    9    0  111 0507 0507                                 
N  1 1    1 8132    0 1 3   -7   14   15    0    0    0    0    0    0  
N  1 1    2 9886    0 1 3   16    8  -15    0    0    0    0    0    0  
N  1 1    3 9938    0 1 3   12   -8  -16    0    0    0    0    0    0  
N  1 1    410000 3821 1 3   11    1  -10    0    0    0    0    0    0  
N  1 2    5 8484 1152 0 3   -1    7   -2    0    0    0    0    0    0  
N  1 1    610000 3139 1 3   10    2  -12    0    0    0    0    0    0  
N  1 2    7 8627 8551 0 2    3   -3    0    0    0    0    0    0    0  
N  1 2    8 8568 8916 0 2    4   -4    0    0    0    0    0    0    0  
N  1 2    9 9605 6499 0 2    5   -5    0    0    0    0    0    0    0  
N  1 2   10 9659 6426 0 2    6   -6    0    0    0    0    0    0    0  
N  1 1   11 853810000 1 3  -13  -14    9    0    0    0    0    0    0  
N  1 1   1210000 6501 1 3   13   -9  -11    0    0    0    0    0    0  
L  1 5    1     0    41    504353299999    70                           
10000 3821 9999 3824 9983 3807 9954 3780 9936 3774 9881 3774 9837 3765  
 9783 3748 9753 3759 9719 3791 9663 3820 9611 3811 9565 3797 9531 3773  
 9523 3751 9535 3740 9553 3732 9593 3746 9597 3703 9627 3690 9662 3652  
 9672 3612 9680 3566 9674 3539 9642 3500 9621 3446 9589 3394 9545 3305  
 9500 3253 9452 3185 9440 3133 9446 3087 9435 3054 9387 3008 9351 2978  
 9335 2978 9311 2966 9297 2937 9273 2907 9219 2825 9196 2784 9202 2762  
 9242 2722 9250 2717 9268 2671 9259 2601 9227 2489 9204 2424 9192 2402  
 9162 2307 9147 2239 9129 2209 9079 2133 9004 2002 8960 1953 8914 1939  
 8850 1909 8824 1879 8792 1870 8746 1864 8720 1834 8677 1744 8641 1647  
 8618 1568 8604 1514 8580 1465 8535 1342 8503 1247 8482 1155 8484 1152  
L  1 3    2     0    61    504320943532    57                           
10000 3139 9987 3139 9939 3157 9923 3157 9856 2945 9840 2926 9808 2912  
 9768 2869 9673 2800 9609 2691 9581 2639 9548 2509 9532 2468 9508 2419  
 9475 2370 9457 2308 9439 2264 9402 2202 9394 2191 9380 2147 9386 2120  
 9410 2069 9438 2050 9463 2032 9487 1940 9520 1864 9516 1810 9500 1786  
 9472 1761 9463 1710 9447 1661 9453 1634 9461 1618 9475 1577 9474 1526  
 9416 1463 9388 1422 9300 1348 9292 1326 9256 1299 9206 1287 9166 1263  
 9124 1251 9089 1208 8997 1142 8951 1130 8909 1135 8895 1146 8830 1256  
 8802 1278 8760 1283 8716 1255 8614 1170 8554 1140 8514 1142 8482 1150  
 8484 1152                                                              
L  1 5    3     0    70    704353299999    11                           
 8627 8551 8623 8532 8625 8521 8633 8508 8661 8481 8665 8486 8665 8527  
 8655 8551 8640 8570 8632 8575 8627 8551                                
L  1 5    4     0    80    804353299999    10                           
 8568 8916 8594 8902 8604 8900 8612 8908 8600 8997 8586 9011 8574 9016  
 8564 9008 8562 8986 8568 8916                                          
L  1 5    5     0    90    904353299999    10                           
 9605 6499 9611 6493 9631 6488 9643 6502 9649 6515 9651 6543 9643 6561  
 9633 6564 9611 6542 9605 6499                                          
L  1 5    6     0   100   1004353299999     9                           
 9659 6426 9666 6413 9672 6410 9686 6429 9715 6446 9711 6462 9675 6467  
 9663 6448 9659 6426                                                    
L  1 5    7     0    50    114320999999    36                           
 8484 1152 8448 1128 8430 1098 8404 1011 8355  905 8347  842 8346  712  
 8340  704 8308  671 8282  622 8287  609 8269  568 8245  530 8231  530  
 8223  522 8223  476 8211  443 8208  389 8202  373 8148  334 8150  329  
 8168  323 8186  310 8200  286 8190  270 8186  264 8146  285 8138  274  
 8134  245 8105  206 8105  201 8117  193 8135  172 8141  126 8140   23  
 8132    0                                                              
L  1 5    8     0    21    314320999999     7                           
 9886    0 9885   42 9887   50 9899   50 9913   23 9933    7 9938    0  
L  1 5    9     0   111   1214353299999   164                           
 853810000 8528 9974 8508 9968 8452 9957 8436 9943 8452 9911 8442 9897  
 8416 9878 8398 9850 8393 9799 8409 9780 8413 9759 8431 9734 8441 9729  
 8467 9735 8489 9730 8513 9695 8530 9652 8536 9611 8528 9538 8515 9519  
 8503 9508 8505 9467 8511 9438 8501 9405 8483 9397 8467 9380 8465 9337  
 8454 9277 8408 9206 8372 9179 8344 9171 8332 9143 8332 9111 8341 9100  
 8354 9114 8375 9106 8417 9109 8443 9126 8473 9137 8555 9135 8603 9124  
 8623 9106 8628 9057 8626 9003 8650 8965 8698 8925 8737 8858 8741 8834  
 8746 8766 8742 8693 8730 8690 8700 8652 8672 8635 8664 8638 8658 8622  
 8664 8570 8679 8527 8699 8514 8719 8530 8741 8530 8775 8525 8789 8528  
 8811 8518 8817 8488 8808 8442 8814 8439 8826 8439 8852 8459 8902 8478  
 8928 8443 8930 8438 8916 8400 8934 8394 8928 8348 8968 8403 8996 8411  
 9050 8401 9101 8372 9135 8305 9164 8240 9172 8167 9168 8134 9179 8037  
 9175 8005 9157 7961 9149 7923 9120 7882 9130 7836 9136 7831 9158 7780  
 9151 7742 9139 7704 9145 7682 9201 7672 9227 7645 9251 7624 9278 7632  
 9319 7670 9339 7706 9345 7763 9341 7811 9342 7855 9366 7906 9390 7944  
 9401 7976 9435 7964 9461 8041 9389 8077 9425 8182 9487 8161 9565 8349  
 9637 8332 9658 8314 9700 8274 9735 8244 9737 8212 9731 8181 9718 8161  
 9686 8146 9687 8136 9699 7876 9741 7864 9741 7837 9772 7729 9764 7670  
 9765 7634 9777 7572 9776 7499 9796 7416 9792 7402 9796 7375 9793 7332  
 9779 7291 9721 7201 9715 7155 9704 7125 9696 7117 9670 7103 9656 7035  
 9620 6967 9632 6946 9679 6935 9709 6914 9725 6874 9739 6803 9738 6744  
 9715 6608 9701 6549 9685 6500 9701 6478 9723 6484 9729 6470 9720 6397  
 9750 6384 9786 6390 9802 6401 9822 6393 9862 6396 9912 6461 9934 6481  
 9980 6476 9998 650310000 6501                                          
L  1 9   10     9    61    414353288888     2                           
10000 313910000 3821                                                    
L  1 9   11     9    41   1219999988888     2                           
10000 382110000 6501                                                    
L  1 9   12     9    31    614320988888     3                           
 9938    010000    010000 3139                                          
L  1 9   13     9   121   1114353288888     3                           
10000 65011000010000 853810000                                          
L  1 9   14     9    11   1118888899999     4                           
 8132    0    0    0    010000 853810000                                
L  1 9   15     9    11    214320988888     2                           
 8132    0 9886    0                                                    
L  1 9   16     9    21    319999988888     2                           
 9886    0 9938    0                                                    
A  143209    1 9737 1582   5                                            
   -7   -2  -12   -8  -15                                               
A  199999    2 4159 3820  13                                            
   14    9  -11    1    7    0    6    0    5    0    4    0    3       
A  199999    3 9899   24   2                                            
    8  -16                                                              
A  143532    4 9375 2466   3                                            
  -10    2   -1                                                         
A  143532    5 8644 8528   1                                            
   -3                                                                   
A  143532    6 8585 8958   1                                            
   -4                                                                   
A  143532    7 9629 6526   1                                            
   -5                                                                   
A  143532    8 9681 6438   1                                            
   -6                                                                   
A  143532    9 9866 8181   2                                            
  -13   -9                                                              
H1 2    0    8    0    0   20 0507 0507                                 
L  2 2    1     0    00    00              20                           
10000 7598 9980 7597 9981 7618 9901 7645 9958 7659 9928 7711 9837 7732  
 9831 7752 9868 7770 9826 7830 9844 7848 9905 7811 9940 7811 9927 7873  
 9971 7894 9836 8005 9824 8040 9853 8081 9854 8228 9887 8370            
L  2 2    2     0    00    00               3                           
 9887 8370 9905 8372 9960 8423                                          
L  2 2    3     0    00    00               2                           
 9960 842310000 8348                                                    
L  2 2    4     0    00    00               6                           
 9661 9456 9628 9401 9616 9338 9614 9271 9635 9196 9725 8984            
L  2 2    5     0    00    00               3                           
 9960 8423 9768 8899 9725 8984                                          
L  2 2    6     0    00    00               8                           
 9725 8984 9705 8967 9699 8950 9709 8823 9707 8651 9692 8574 9869 8443  
 9887 8370                                                              
L  2 2    7     0    00    00               6                           
 9661 9456 9638 9480 9669 9647 9671 9707 9718 9803 973210000            
L  2 2    8     0    00    00               8                           
 9661 9456 9802 9608 9850 9659 9882 9700 9910 9748 9945 9846 9961 9934  
 996110000                                                              
M 482946                      1    0    0    0    1    3                
H1 7    0    0    0    1    2 0507 0507                                 
P  7 9    1 4000    0 0 1                                               
01 3 4000    0              00  ìVëêìÂ                                  
M 482947ìVëêçÇïl              3   11   29    9    1  143                
H2 1   11   14    9    0  102 0507 0507                                 
N  1 1    1 8538    0 1 3   -8   13   14    0    0    0    0    0    0  
N  1 1    210000 8219 1 3  -13    1  -12    0    0    0    0    0    0  
N  1 1    310000 8186 1 3   12   -1  -11    0    0    0    0    0    0  
N  1 1    410000 7358 1 3   11    2  -10    0    0    0    0    0    0  
N  1 1    510000 7282 1 3   10   -2   -9    0    0    0    0    0    0  
N  1 2    6 7513  844 0 2    3   -3    0    0    0    0    0    0    0  
N  1 2    7 7476 1006 0 2    4   -4    0    0    0    0    0    0    0  
N  1 2    8 9809 8270 0 2    5   -5    0    0    0    0    0    0    0  
N  1 2    9 9769 7122 0 2    6   -6    0    0    0    0    0    0    0  
N  1 2   10 9883 8362 0 2    7   -7    0    0    0    0    0    0    0  
N  1 1   1110000 7155 1 3    9    8  -14    0    0    0    0    0    0  
L  1 5    1     0    21    314353299999     9                           
10000 8219 9998 8222 9989 8219 9972 8192 9963 8183 9959 8171 9970 8157  
 9987 817510000 8186                                                    
L  1 5    2     0    41    514353299999    13                           
10000 7358 9979 7354 9968 7371 9942 7359 9931 7348 9929 7332 9933 7314  
 9944 7304 9961 7305 9977 7302 9980 7294 9991 728310000 7282            
L  1 5    3     0    60    604353299999    20                           
 7513  844 7516  844 7522  852 7523  866 7529  869 7542  858 7556  852  
 7560  854 7564  865 7561  877 7548  886 7535  921 7524  920 7517  898  
 7511  896 7503  904 7497  904 7496  859 7502  844 7513  844            
L  1 5    4     0    70    704353299999    12                           
 7476 1006 7472 1004 7469  981 7471  967 7488  973 7499  973 7505  979  
 7510 1019 7508 1054 7501 1048 7482 1019 7476 1006                      
L  1 5    5     0    80    804353299999    14                           
 9809 8270 9815 8265 9832 8266 9844 8253 9850 8252 9862 8264 9867 8275  
 9863 8326 9853 8329 9849 8326 9841 8308 9823 8289 9815 8285 9809 8270  
L  1 5    6     0    90    904353299999    12                           
 9769 7122 9766 7122 9771 7117 9792 7110 9803 7104 9809 7105 9823 7145  
 9821 7170 9812 7190 9796 7182 9771 7145 9769 7122                      
L  1 5    7     0   100   1004353299999    25                           
 9883 8362 9878 8356 9876 8341 9880 8329 9888 8319 9903 8311 9921 8323  
 9932 8311 9943 8310 9952 8304 9961 8308 9966 8321 9965 8369 9957 8376  
 9949 8400 9944 8400 9934 8394 9927 8395 9915 8392 9912 8381 9918 8365  
 9908 8357 9902 8383 9899 8384 9883 8362                                
L  1 5    8     0   111    114353299999   239                           
10000 7155 9967 7120 9933 7155 9928 7154 9926 7133 9898 7104 9882 7116  
 9865 7120 9855 7108 9850 7078 9839 7045 9841 7029 9882 7016 9909 7001  
 9943 7015 9966 7042 9981 7047 9992 7040 9990 7012 9980 6973 9955 6920  
 9949 6894 9943 6843 9946 6808 9936 6769 9919 6731 9921 6650 9909 6603  
 9889 6551 9840 6494 9786 6446 9703 6396 9695 6369 9656 6347 9647 6336  
 9659 6328 9652 6312 9626 6282 9610 6254 9566 6214 9552 6182 9550 6166  
 9552 6139 9533 6078 9504 6046 9486 6031 9457 6016 9435 6033 9429 6023  
 9428 6002 9424 5990 9398 5962 9376 5927 9361 5866 9347 5862 9313 5859  
 9303 5847 9327 5837 9350 5835 9361 5827 9354 5800 9328 5772 9307 5781  
 9296 5772 9286 5743 9253 5695 9237 5664 9232 5622 9240 5578 9251 5571  
 9254 5582 9261 5591 9271 5579 9299 5570 9359 5577 9381 5554 9401 5570  
 9411 5566 9437 5605 9449 5604 9462 5565 9481 5580 9505 5570 9528 5555  
 9565 5538 9599 5532 9619 5534 9653 5512 9661 5516 9675 5542 9674 5556  
 9684 5550 9696 5530 9738 5407 9757 5321 9763 5254 9764 5180 9754 5075  
 9701 4842 9656 4692 9642 4663 9632 4622 9636 4610 9617 4556 9614 4553  
 9567 4567 9483 4607 9457 4642 9466 4673 9466 4734 9423 4738 9421 4668  
 9452 4660 9455 4618 9436 4611 9294 4633 9281 4633 9273 4618 9243 4615  
 9204 4604 9181 4581 9176 4572 9146 4566 9117 4538 9081 4481 9028 4481  
 9015 4477 8992 4440 8992 4405 8983 4363 8993 4331 8990 4293 8940 4135  
 8875 4047 8796 3880 8781 3862 8761 3848 8717 3794 8705 3771 8700 3752  
 8688 3732 8676 3675 8640 3590 8622 3593 8605 3578 8597 3547 8551 3509  
 8514 3396 8492 3347 8472 3293 8450 3186 8442 3167 8394 3105 8378 3096  
 8372 3081 8374 3069 8318 2927 8333 2846 8345 2811 8343 2769 8339 2753  
 8326 2765 8314 2758 8309 2696 8290 2662 8281 2662 8275 2624 8281 2596  
 8317 2585 8314 2562 8303 2543 8284 2528 8272 2497 8260 2476 8251 2436  
 8224 2405 8179 2342 8177 2313 8165 2300 8163 2289 8183 2254 8179 2213  
 8203 2195 8231 2087 8215 2068 8215 2038 8266 2014 8273 2007 8315 1875  
 8330 1837 8314 1817 8311 1794 8350 1731 8349 1706 8330 1696 8308 1702  
 8298 1590 8284 1530 8287 1506 8300 1502 8303 1496 8320 1487 8327 1499  
 8327 1518 8339 1525 8391 1501 8397 1459 8390 1415 8359 1343 8350 1305  
 8353 1255 8384 1121 8397 1091 8444 1062 8441 1024 8436 1010 8447  946  
 8481  933 8497  947 8534  931 8590  853 8599  846 8607  813 8627  781  
 8650  758 8642  736 8639  674 8660  607 8649  564 8630  435 8627  393  
 8629  361 8619  329 8617  284 8619  248 8609  210 8592  172 8542   12  
 8538    0                                                              
L  1 9    9     9   111    519999988888     2                           
10000 715510000 7282                                                    
L  1 9   10     9    51    414353288888     2                           
10000 728210000 7358                                                    
L  1 9   11     9    41    319999988888     2                           
10000 735810000 8186                                                    
L  1 9   12     9    31    214353288888     2                           
10000 818610000 8219                                                    
L  1 9   13     9    11    218888899999     5                           
 8538    0    0    0    010000100001000010000 8219                      
L  1 9   14     9    11   1114353288888     3                           
 8538    010000    010000 7155                                          
A  143532    1 9335 3662   2                                            
   -8  -14                                                              
A  199999    2 4628 4672  16                                            
   13    1  -11    2   -9    8    0    7    0    6    0    5    0    4  
    0    3                                                              
A  143532    3 9985 8189   2                                            
  -12   -1                                                              
A  143532    4 9965 7326   2                                            
  -10   -2                                                              
A  143532    5 7525  882   1                                            
   -3                                                                   
A  143532    6 7493 1010   1                                            
   -4                                                                   
A  143532    7 9845 8290   1                                            
   -5                                                                   
A  143532    8 9797 7146   1                                            
   -6                                                                   
A  143532    9 9921 8352   1                                            
   -7                                                                   
H1 2    0   15    0    0   37 0507 0507                                 
L  2 2    1     0    00    00               2                           
 9584 2458 9667 2404                                                    
L  2 2    2     0    00    00               4                           
 9667 2404 9705 2507 9736 274410000 3068                                
L  2 2    3     1    00    00               3                           
 9746 1486 9634 2245 9641 2313                                          
L  2 2    4     0    00    00               2                           
 9641 2313 9667 2404                                                    
L  2 5    5     0    00    00              13                           
 9702  783 9719  889 9681  880 9639  665 9606  655 9618  828 9644  881  
 9658 1214 9592 1296 9551 1554 9557 1621 9473 1752 9489 1854            
L  2 5    6     1    00    00               2                           
 9489 1854 9512 1988                                                    
L  2 5    7     0    00    00              10                           
 9512 1988 9525 2094 9486 2167 9502 2184 9552 2118 9567 2154 9522 2216  
 9556 2287 9554 2403 9584 2458                                          
L  2 5    8     0    00    00              29                           
 9584 2458 9598 2495 9572 2572 9512 2598 9500 2639 9527 2766 9508 2884  
 9467 2936 9483 2976 9550 3012 9571 3055 9622 3096 9584 3147 9563 3216  
 9508 3219 9508 3300 9568 3341 9548 3392 9612 3544 9610 3610 9670 3673  
 9725 3671 9772 3853 9700 3895 9707 3955 9789 4110 9796 4315 9833 4406  
 9864 4619                                                              
L  2 5    9     0    00    00               3                           
 9864 4619 9909 455710000 4327                                          
L  2 5   10     0    00    00               7                           
 9864 4619 9870 4726 9993 5107 9947 5402 9904 5499 9905 553510000 5616  
L  2 5   11     0    00    00               5                           
10000 5730 9928 5648 9864 5664 9857 579110000 5888                      
L  2 2   12     0    00    00               3                           
 9702  783 9734  859 9798  941                                          
L  2 2   13     0    00    00               2                           
 9798  941 9746 1486                                                    
L  2 2   14     0    00    00              10                           
 9732    0 9751  256 9835  348 9830  450 9783  630 9764  634 9786  368  
 9736  365 9701  555 9702  783                                          
L  2 2   15     0    00    00               6                           
 9961    0 9960   69 9945  287 9926  518 9868  719 9798  941            
H1 7    0    0    0    1    1 0507 0507                                 
P  753    1 9955 4466 0 0                                               
M 482965ñÏïÍçË                2    3    5    3    0   32                
H2 1    3    4    3    0   27 0507 0507                                 
N  1 2    1 9420 7633 0 2    1   -1    0    0    0    0    0    0    0  
N  1 1    2 983910000 1 3    2    4    3    0    0    0    0    0    0  
N  1 1    310000 8556 1 3   -3   -2   -4    0    0    0    0    0    0  
L  1 5    1     0    10    104220199999    13                           
 9420 7633 9413 7639 9391 7645 9382 7644 9374 7632 9373 7614 9390 7589  
 9400 7587 9419 7586 9430 7593 9433 7602 9432 7617 9420 7633            
L  1 5    2     0    21    314220199999    70                           
 983910000 9830 9995 9812 9970 9763 9940 9743 9915 9670 9864 9648 9843  
 9637 9773 9592 9657 9559 9616 9539 9598 9502 9588 9439 9585 9384 9601  
 9316 9581 9321 9580 9325 9569 9324 9531 9308 9484 9278 9462 9225 9436  
 9180 9429 9161 9415 9153 9394 9114 9320 9102 9326 9060 9327 9040 9305  
 9028 9267 9039 9240 9058 9218 9062 9164 9061 9121 9066 9064 9080 9024  
 9130 9010 9150 8977 9164 8945 9175 8899 9161 8724 9162 8622 9181 8536  
 9200 8479 9221 8434 9247 8392 9276 8356 9287 8330 9287 8283 9282 8217  
 9284 8099 9280 8052 9271 8012 9278 7955 9290 7929 9309 7918 9356 7918  
 9417 7937 9437 7951 9468 8002 9516 8160 9587 8254 9623 8315 9678 8418  
 9707 8460 9763 8525 9789 8542 9850 8565 9898 8576 9963 856610000 8556  
L  1 9    3     9    21    318888842201     3                           
 983910000100001000010000 8556                                          
L  1 9    4     9    21    319999988888     5                           
 983910000    010000    0    010000    010000 8556                      
A  142201    1 9403 7615   1                                            
   -1                                                                   
A  199999    2 5000 5306   4                                            
    2   -4    0    1                                                    
A  142201    3 9579 8958   2                                            
    3   -2                                                              
H1 2    0    1    0    0    3 0507 0507                                 
L  2 5    1     0    00    00               9                           
 9468 8896 9519 8842 9585 8932 9708 8806 9779 8824 9863 8944 9944 8926  
 9939 872810000 8728                                                    
M 482966ñÏïÍ                  3    8   18    7    2  141                
H2 1    8   10    7    0  112 0507 0507                                 
N  1 1    1    0 8556 1 3    6  -10    7    0    0    0    0    0    0  
N  1 2    2 3415 7019 0 2    1   -1    0    0    0    0    0    0    0  
N  1 2    3 3105 8816 0 2    2   -2    0    0    0    0    0    0    0  
N  1 2    4 3028 8271 0 2    3   -3    0    0    0    0    0    0    0  
N  1 2    5 2180 5446 0 2    4   -4    0    0    0    0    0    0    0  
N  1 1    6  70510000 1 3    9   -8    5    0    0    0    0    0    0  
N  1 1    7  51110000 1 3    8   -7   -5    0    0    0    0    0    0  
N  1 1    8 377710000 1 3   10   -9   -6    0    0    0    0    0    0  
L  1 5    1     0    20    204220199999   197                           
 3415 7019 3415 7035 3394 7105 3392 7159 3405 7243 3406 7436 3400 7479  
 3386 7525 3345 7622 3329 7687 3316 7768 3315 7865 3321 7890 3319 7903  
 3305 7914 3299 7914 3287 7908 3269 7889 3253 7883 3229 7880 3171 7891  
 3123 7898 3077 7884 3051 7865 3051 7846 3071 7784 3090 7722 3090 7676  
 3069 7576 3085 7570 3078 7429 3070 7410 3064 7402 3056 7291 3039 7177  
 3009 7174 3005 7177 3003 7201 3021 7245 3028 7285 3020 7304 3024 7340  
 3031 7434 3027 7499 3023 7540 3008 7575 2956 7675 2932 7680 2859 7749  
 2837 7768 2793 7792 2742 7829 2662 7880 2636 7891 2584 7874 2555 7876  
 2511 7903 2505 7897 2501 7881 2488 7827 2476 7813 2448 7799 2426 7791  
 2412 7734 2390 7688 2388 7666 2392 7663 2399 7642 2389 7574 2375 7560  
 2297 7511 2235 7494 2215 7475 2205 7439 2178 7255 2183 7233 2185 7168  
 2168 7033 2156 6997 2150 6959 2160 6933 2163 6895 2125 6794 2129 6767  
 2121 6748 2092 6715 2092 6694 2106 6667 2104 6629 2094 6599 2121 6512  
 2174 6402 2160 6307 2143 6269 2125 6261 2111 6247 2093 6195 2063 6146  
 2053 6127 2053 6100 2049 6078 2040 6068 2032 6040 2034 6013 2042 5997  
 2072 5962 2084 5960 2102 5971 2108 5976 2110 5982 2150 6009 2168 5982  
 2135 5871 2105 5781 2098 5738 2106 5630 2115 5605 2171 5573 2181 5528  
 2193 5514 2240 5490 2272 5512 2273 5537 2283 5550 2293 5548 2311 5551  
 2321 5572 2353 5597 2353 5602 2365 5616 2469 5674 2507 5707 2564 5816  
 2584 5843 2606 5881 2618 5890 2637 6022 2647 6052 2663 6080 2685 6091  
 2707 6126 2719 6156 2736 6189 2790 6230 2836 6271 2884 6298 2922 6318  
 2960 6326 2980 6324 2996 6316 3002 6308 3026 6295 3042 6300 3080 6333  
 3104 6344 3128 6342 3155 6328 3153 6326 3175 6315 3193 6323 3213 6342  
 3228 6370 3248 6394 3262 6394 3299 6349 3323 6336 3351 6325 3359 6325  
 3383 6361 3411 6401 3447 6445 3467 6456 3491 6459 3496 6470 3504 6505  
 3494 6530 3448 6578 3446 6599 3449 6629 3439 6637 3415 6640 3411 6645  
 3405 6677 3403 6721 3409 6748 3426 6772 3426 6791 3420 6827 3416 6886  
 3424 6921 3417 6927 3401 6927 3399 6937 3401 6951 3417 6975 3423 6997  
 3415 7019                                                              
L  1 5    2     0    30    304220199999    18                           
 3105 8816 3107 8848 3101 8859 3093 8859 3089 8875 3077 8875 3045 8864  
 3041 8856 3037 8834 3039 8812 3047 8802 3055 8796 3065 8799 3075 8799  
 3075 8794 3085 8797 3097 8805 3105 8816                                
L  1 5    3     0    40    404220199999    23                           
 3028 8271 3008 8284 2998 8279 2976 8262 2946 8243 2930 8227 2904 8205  
 2844 8180 2813 8120 2811 8101 2811 8079 2823 8044 2835 8036 2865 8036  
 2877 8042 2881 8058 2913 8096 2959 8135 2979 8157 3005 8206 3012 8230  
 3022 8249 3028 8271                                                    
L  1 5    4     0    50    504220199999    10                           
 2180 5446 2184 5454 2220 5455 2228 5458 2232 5469 2185 5501 2177 5498  
 2170 5476 2174 5452 2180 5446                                          
L  1 5    5     0    61    714220199999    60                           
  70510000  714 9950  698 9912  682 9893  670 9868  668 9833  652 9825  
  641 9773  655 9757  649 9746  639 9733  615 9727  613 9716  623 9700  
  619 9684  574 9578  556 9523  546 9502  514 9469  514 9471  506 9523  
  521 9610  505 9615  465 9636  449 9590  447 9568  456 9552  436 9481  
  399 9346  353 9361  348 9399  288 9434  303 9513  328 9510  358 9448  
  386 9448  388 9470  391 9554  383 9589  369 9589  365 9613  379 9630  
  371 9665  353 9665  340 9724  336 9724  308 9743  306 9754  387 9871  
  399 9879  427 9874  500 9853  510 9856  516 9891  507 9913  509 9924  
  485 9972  487 9972  515 9997  51110000                                
L  1 5    6     0    11    814220199999   198                           
    0 8556   83 8549  149 8558  169 8558  213 8575  267 8608  281 8616  
  315 8608  345 8584  347 8584  385 8631  385 8655  371 8693  367 8717  
  371 8744  433 8932  441 8970  431 8991  411 9013  407 9048  418 9105  
  444 9154  478 9184  536 9214  590 9253  618 9267  708 9292  752 9301  
  784 9298  814 9288  846 9269  933 9232  939 9229  959 9235  971 9257  
  975 9281  972 9330  980 9354  998 9390 1132 9489 1150 9500 1184 9511  
 1252 9563 1276 9569 1360 9578 1394 9578 1424 9573 1454 9552 1488 9546  
 1532 9550 1571 9539 1595 9542 1637 9562 1657 9564 1759 9528 1852 9464  
 1962 9392 2051 9328 2099 9285 2225 9110 2259 9070 2380 8919 2431 8866  
 2472 8785 2524 8707 2544 8667 2563 8577 2559 8577 2551 8566 2509 8553  
 2483 8560 2473 8549 2463 8525 2463 8501 2472 8460 2508 8406 2518 8404  
 2556 8426 2576 8431 2598 8429 2612 8421 2622 8402 2629 8375 2631 8348  
 2625 8310 2625 8278 2623 8234 2656 8218 2668 8205 2686 8194 2704 8208  
 2732 8249 2741 8284 2747 8314 2757 8333 2781 8350 2799 8358 2819 8377  
 2831 8402 2835 8415 2831 8426 2819 8428 2785 8425 2762 8436 2764 8463  
 2788 8507 2792 8534 2786 8553 2770 8555 2732 8549 2708 8555 2685 8568  
 2653 8578 2643 8595 2635 8632 2637 8665 2655 8708 2664 8717 2675 8711  
 2687 8709 2713 8717 2829 8740 2839 8702 2851 8654 2869 8659 2881 8665  
 2879 8684 2867 8732 2869 8740 2887 8762 2909 8773 2939 8817 2932 8855  
 2918 8914 2898 8965 2881 8965 2798 8924 2789 8940 2755 8931 2756 8907  
 2647 8876 2650 8830 2648 8822 2620 8808 2600 8805 2578 8813 2564 8824  
 2545 8856 2498 9042 2485 9161 2483 9248 2482 9286 2494 9359 2516 9441  
 2537 9509 2569 9555 2629 9596 2653 9602 2705 9632 2747 9635 2775 9598  
 2852 9574 2864 9571 2931 9421 2939 9407 2987 9408 2979 9443 2948 9524  
 2962 9526 2974 9540 2990 9551 3018 9549 3044 9557 3056 9573 3066 9611  
 3074 9628 3154 9667 3194 9708 3273 9771 3305 9784 3348 9782 3356 9799  
 3441 9864 3473 9876 3509 9873 3546 9874 3590 9885 3614 9874 3630 9877  
 3660 9902 3672 9918 3688 9926 3724 9916 3736 9919 3750 9919 3770 9960  
 3778 9976 377710000                                                    
L  1 9    7     9    11    718888842201     3                           
    0 8556    010000  51110000                                          
L  1 9    8     9    71    618888899999     2                           
  51110000  70510000                                                    
L  1 9    9     9    61    818888842201     2                           
  70510000 377710000                                                    
L  1 9   10     9    81    118888899999     5                           
 377710000100001000010000    0    0    0    0 8556                      
A  199999    1 6665 7686  10                                            
    6   10    0    4    0    3    0    2    0    1                      
A  142201    2  210 9110   4                                            
    7   -5    9   -6                                                    
A  142201    3 2748 6712   1                                            
   -1                                                                   
A  142201    4 3072 8834   1                                            
   -2                                                                   
A  142201    5 2907 8160   1                                            
   -3                                                                   
A  142201    6 2198 5473   1                                            
   -4                                                                   
A  199999    7  483 9674   2                                            
    5    8                                                              
H1 2    0    8    0    0   22 0507 0507                                 
L  2 3    1     0    00    00               3                           
  617 9317  945 9418 1074 9508                                          
L  2 2    2     0    00    00               5                           
 2468 9306 2479 9031 2547 8819 2611 8802 2764 8845                      
L  2 2    3     0    00    00              11                           
 2468 9306 2369 9300 2241 9334 1968 9496 1648 9575 1579 9552 1470 9561  
 1378 9620 1263 9589 1172 9515 1074 9508                                
L  2 4    4     0    00    00              17                           
 2713 7836 2709 7893 2810 8039 2879 8082 2968 8175 2975 8217 2944 8200  
 2904 8133 2686 8274 2675 8339 2724 8463 2715 8497 2639 8569 2618 8647  
 2644 8691 2740 8738 2764 8845                                          
L  2 5    5     0    00    00               5                           
 2932 7114 2948 7375 2917 7535 2727 7596 2713 7836                      
L  2 5    6     0    00    00              10                           
    0 8728   80 9057  165 9105  207 9189  250 9207  311 9183  391 9105  
  504 9123  551 9219  617 9317                                          
L  2 3    7     0    00    00              19                           
 334310000 3128 9741 3077 9751 3021 9918 2956 9952 2976 9852 2975 9712  
 2930 9661 2924 9736 2888 9740 2849 9802 2823 9773 2878 9665 2807 9633  
 2704 9652 2648 9613 2579 9615 2498 9495 2468 9306                      
L  2 2    8     0    00    00               2                           
 1074 9508 116910000                                                    
H1 7    0    0    0    2    4 0507 0507                                 
P  7 6    1    0 9200 0 1                                               
01 3    0 9200              00  ñÏïÍçË                                  
P  7 7    2 2422 6633 0 1                                               
01 2 2422 6633              00  äíìá                                    
M 482975í[ìá                  1   12   15   10    0   84                
H2 1   12   15   10    0   83 0507 0507                                 
N  1 1    1 9839    0 1 3   -9  -10   11    0    0    0    0    0    0  
N  1 2    2 6697 2673 0 2    1   -1    0    0    0    0    0    0    0  
N  1 2    3 6692 3477 0 2    2   -2    0    0    0    0    0    0    0  
N  1 2    4 6551 3527 0 2    3   -3    0    0    0    0    0    0    0  
N  1 2    5 6453 3621 0 2    4   -4    0    0    0    0    0    0    0  
N  1 2    6 9948 5829 0 2    5   -5    0    0    0    0    0    0    0  
N  1 2    7 9302 4872 0 2    6   -6    0    0    0    0    0    0    0  
N  1 1    810000 9084 1 3   10    7  -15    0    0    0    0    0    0  
N  1 1    910000 8736 1 3   15   -7  -14    0    0    0    0    0    0  
N  1 1   1010000  500 1 3   14    8  -13    0    0    0    0    0    0  
N  1 1   1110000  453 1 3   13   -8  -12    0    0    0    0    0    0  
N  1 1   1210000  368 1 3   12    9  -11    0    0    0    0    0    0  
L  1 5    1     0    20    204220199999    18                           
 6697 2673 6723 2725 6735 2736 6738 2766 6732 2771 6696 2755 6649 2713  
 6633 2705 6609 2670 6599 2640 6621 2608 6625 2610 6647 2616 6653 2624  
 6659 2640 6671 2646 6683 2662 6697 2673                                
L  1 5    2     0    30    304220199999    15                           
 6692 3477 6682 3472 6682 3458 6690 3450 6714 3450 6742 3448 6758 3435  
 6811 3422 6815 3422 6823 3441 6814 3454 6780 3473 6742 3475 6716 3477  
 6692 3477                                                              
L  1 5    3     0    40    404220199999    17                           
 6551 3527 6553 3530 6517 3535 6503 3532 6497 3518 6496 3499 6488 3483  
 6484 3459 6522 3456 6560 3487 6626 3498 6642 3506 6650 3512 6642 3531  
 6632 3536 6577 3533 6551 3527                                          
L  1 5    4     0    50    504220199999    13                           
 6453 3621 6439 3607 6435 3594 6441 3580 6449 3580 6465 3610 6487 3632  
 6491 3654 6486 3678 6476 3681 6458 3662 6451 3642 6453 3621            
L  1 5    5     0    60    604220199999    30                           
 9948 5829 9951 5853 9953 5904 9945 5942 9933 5956 9903 5963 9857 5928  
 9849 5903 9845 5863 9848 5809 9862 5746 9878 5717 9898 5671 9903 5620  
 9899 5533 9904 5457 9914 5390 9934 5328 9947 5328 9959 5333 9990 5363  
 9994 5393 9988 5420 9966 5447 9958 5471 9945 5547 9943 5617 9946 5715  
 9946 5796 9948 5829                                                    
L  1 5    6     0    70    704220199999    37                           
 9302 4872 9304 4869 9318 4899 9361 5043 9371 5057 9385 5067 9401 5068  
 9457 5060 9471 5077 9479 5112 9477 5123 9467 5128 9453 5130 9404 5125  
 9380 5132 9356 5151 9328 5145 9286 5153 9278 5150 9234 5063 9213 5039  
 9187 4984 9137 4862 9148 4821 9140 4808 9112 4786 9104 4775 9096 4742  
 9110 4707 9110 4683 9116 4678 9132 4705 9160 4721 9178 4713 9200 4714  
 9226 4719 9302 4872                                                    
L  1 5    7     0    81    914220199999    17                           
10000 9084 9979 9109 9971 9112 9959 9109 9951 9101 9949 9079 9973 9052  
 9977 9039 9969 9030 9893 9000 9881 8992 9879 8946 9884 8916 9912 8886  
 9942 8857 9962 883010000 8736                                          
L  1 5    8     0   101   1114220199999     5                           
10000  500 9993  497 9985  487 9989  47010000  453                      
L  1 5    9     0   121    114220199999    20                           
10000  368 9983  359 9952  302 9948  278 9938  270 9916  267 9904  239  
 9884  218 9866  209 9854  201 9856  182 9844  168 9824  155 9830  141  
 9844  130 9861  112 9867   77 9863   55 9839    3 9839    0            
L  1 9   10     9    81    119999988888     5                           
10000 90841000010000    010000    0    0 9839    0                      
L  1 9   11     9    11   1214220188888     3                           
 9839    010000    010000  368                                          
L  1 9   12     9   121   1119999988888     2                           
10000  36810000  453                                                    
L  1 9   13     9   111   1014220188888     2                           
10000  45310000  500                                                    
L  1 9   14     9   101    919999988888     2                           
10000  50010000 8736                                                    
L  1 9   15     9    91    814220188888     2                           
10000 873610000 9084                                                    
A  142201    1 9928  184   2                                            
   -9  -11                                                              
A  199999    2 4923 5859  18                                            
  -10    7  -14    8  -12    9    0    6    0    5    0    4    0    3  
    0    2    0    1                                                    
A  142201    3 6663 2688   1                                            
   -1                                                                   
A  142201    4 6773 3449   1                                            
   -2                                                                   
A  142201    5 6554 3496   1                                            
   -3                                                                   
A  142201    6 6469 3630   1                                            
   -4                                                                   
A  142201    7 9922 5646   1                                            
   -5                                                                   
A  142201    8 9240 4914   1                                            
   -6                                                                   
A  142201    9 9941 8926   2                                            
  -15   -7                                                              
A  142201   10 9994  478   2                                            
  -13   -8                                                              
M 482976îÏëOçÇìá              3   22   60   17    1  354                
H2 1   22   28   17    0  251 0507 0507                                 
N  1 1    1  705    0 1 3  -12  -27   28    0    0    0    0    0    0  
N  1 1    2  511    0 1 3   27   13   19    0    0    0    0    0    0  
N  1 1    3 3777    0 1 3   24   15  -28    0    0    0    0    0    0  
N  1 1    4    0 9084 1 3  -11  -18  -23    0    0    0    0    0    0  
N  1 1    5    0 8736 1 3   11   23  -22    0    0    0    0    0    0  
N  1 1    6    0  500 1 3   22  -21  -13    0    0    0    0    0    0  
N  1 1    7    0  453 1 3   14   21  -20    0    0    0    0    0    0  
N  1 1    8    0  368 1 3  -14   20  -19    0    0    0    0    0    0  
N  1 2    9 3579 8725 0 2    1   -1    0    0    0    0    0    0    0  
N  1 2   10 3678 8709 0 2    2   -2    0    0    0    0    0    0    0  
N  1 2   11 3898 8595 0 2    3   -3    0    0    0    0    0    0    0  
N  1 2   12 3744 8685 0 2    4   -4    0    0    0    0    0    0    0  
N  1 2   13 4080 7651 0 2    5   -5    0    0    0    0    0    0    0  
N  1 2   14 4034 8289 0 2    6   -6    0    0    0    0    0    0    0  
N  1 2   15 1035 1364 0 2    7   -7    0    0    0    0    0    0    0  
N  1 2   16  619  751 0 2    8   -8    0    0    0    0    0    0    0  
N  1 2   17  261  735 0 2    9   -9    0    0    0    0    0    0    0  
N  1 2   18  833 9820 0 2   10  -10    0    0    0    0    0    0    0  
N  1 1   19 558010000 1 3   17   18   12    0    0    0    0    0    0  
N  1 1   2010000 7113 1 3   25  -15  -24    0    0    0    0    0    0  
N  1 1   2110000 7261 1 3   26   16  -25    0    0    0    0    0    0  
N  1 1   2210000 7740 1 3  -17  -16  -26    0    0    0    0    0    0  
L  1 5    1     0    90    904220199999    12                           
 3579 8725 3574 8734 3550 8736 3539 8731 3535 8723 3546 8688 3572 8682  
 3577 8690 3590 8704 3594 8715 3590 8725 3579 8725                      
L  1 5    2     0   100   1004220199999     9                           
 3678 8709 3669 8712 3645 8709 3634 8696 3643 8682 3647 8682 3669 8668  
 3673 8671 3678 8709                                                    
L  1 5    3     0   110   1104220199999    27                           
 3898 8595 3887 8611 3856 8630 3832 8625 3823 8614 3830 8598 3847 8582  
 3865 8576 3858 8538 3841 8517 3838 8509 3840 8487 3847 8471 3880 8457  
 3895 8427 3913 8430 3933 8427 3957 8411 3975 8408 3990 8422 3999 8476  
 3981 8527 3970 8546 3962 8573 3940 8582 3933 8587 3898 8595            
L  1 5    4     0   120   1204220199999    10                           
 3744 8685 3739 8693 3717 8709 3689 8709 3682 8695 3687 8671 3698 8658  
 3739 8658 3746 8663 3744 8685                                          
L  1 5    5     0   130   1304220199999    31                           
 4080 7651 4067 7673 4045 7689 4005 7711 3988 7711 3970 7705 3963 7694  
 3952 7659 3955 7638 3968 7619 3990 7608 3996 7586 3994 7546 3987 7483  
 3981 7462 3968 7443 3954 7416 3954 7392 3965 7370 3979 7362 3998 7362  
 4018 7375 4038 7381 4073 7381 4095 7408 4097 7424 4086 7481 4102 7527  
 4106 7562 4091 7629 4080 7651                                          
L  1 5    6     0   140   1404220199999    14                           
 4034 8289 4027 8327 4016 8360 3997 8384 3981 8368 3975 8335 3959 8303  
 3964 8268 3977 8252 3988 8243 4043 8208 4049 8214 4047 8249 4034 8289  
L  1 5    7     0   150   1504220199999    14                           
 1035 1364 1030 1381 1024 1391 1017 1394 1004 1389 1002 1372 1004 1340  
 1035 1283 1044 1278 1055 1283 1057 1302 1050 1316 1046 1335 1035 1364  
L  1 5    8     0   160   1604220199999    13                           
  619  751  615  756  604  762  589  764  578  759  567  745  573  735  
  586  735  611  721  633  718  633  743  628  748  619  751            
L  1 5    9     0   170   1704220199999     9                           
  261  735  257  743  211  749  211  740  230  716  279  705  287  708  
  287  719  261  735                                                    
L  1 5   10     0   180   1804220199999    22                           
  833 9820  836 9822  844 9871  827 9955  827 9979  820 9996  811 9996  
  805 9987  809 9955  809 9936  781 9931  763 9952  756 9923  743 9890  
  745 9847  752 9825  774 9787  787 9779  805 9774  816 9776  829 9795  
  833 9820                                                              
L  1 5   11     0    51    414220199999   111                           
    0 8736    6 8736   44 8679   83 8606  121 8566  138 8541  173 8512  
  204 8463  220 8425  277 8211  299 8125  330 8043  409 7892  433 7808  
  453 7697  468 7546  490 7421  536 7456  552 7497  571 7516  571 7543  
  576 7548  582 7572  635 7607  666 7651  692 7670  706 7686  703 7710  
  697 7724  686 7772  675 7854  684 7908  701 7921  710 7924  736 7951  
  710 8002  756 8056  807 8124  794 8183  763 8227  743 8248  728 8286  
  704 8478  679 8481  668 8519  627 8608  613 8646  609 8649  631 8706  
  695 8860  739 8952  712 8968  743 8992  732 9008  739 9017  743 9011  
  772 8998  818 9089  825 9100  849 9122  917 9170  932 9192  926 9227  
  921 9235  904 9246  851 9260  787 9273  778 9284  759 9368  741 9420  
  712 9449  635 9466  624 9485  605 9487  587 9496  580 9487  585 9425  
  600 9376  600 9322  506 9298  470 9320  433 9320  418 9325  391 9347  
  374 9352  356 9347  325 9344  323 9350  334 9404  325 9434  325 9474  
  338 9542  301 9628  272 9650  261 9583  259 9564  242 9553  226 9550  
  206 9561  189 9537  178 9512  173 9493  178 9466  167 9434  149 9431  
  132 9412   88 9320   77 9288   55 9245    8 9126    0 9084            
L  1 5   12     0   191    114220199999   428                           
 558010000 5575 9999 5579 9988 5581 9955 5577 9934 5599 9804 5606 9752  
 5606 9723 5581 9644 5557 9615 5546 9596 5544 9580 5548 9571 5592 9542  
 5599 9520 5610 9423 5608 9409 5581 9355 5533 9301 5524 9285 5533 9266  
 5570 9236 5596 9193 5594 9150 5554 8928 5548 8860 5530 8801 5526 8776  
 5528 8774 5548 8785 5561 8801 5568 8790 5579 8701 5570 8666 5539 8590  
 5539 8555 5559 8541 5565 8533 5565 8490 5550 8449 5532 8425 5457 8357  
 5455 8338 5466 8303 5470 8257 5475 8257 5503 8284 5525 8273 5554 8241  
 5558 8230 5561 8211 5554 8176 5539 8130 5519 8098 5488 8063 5453 8041  
 5413 8022 5356 8003 5330 8011 5268 8074 5264 8095 5270 8112 5204 8174  
 5202 8212 5200 8209 5180 8206 5162 8233 5105 8307 5077 8326 5061 8328  
 5031 8326 4998 8315 4967 8293 4936 8253 4923 8245 4903 8247 4898 8231  
 4894 8145 4890 8137 4892 8099 4898 8082 4857 8074 4835 8064 4786 7937  
 4782 7885 4784 7855 4771 7820 4753 7739 4757 7685 4749 7669 4709 7620  
 4663 7577 4621 7553 4588 7518 4568 7485 4531 7442 4491 7412 4408 7404  
 4397 7367 4419 7348 4460 7345 4478 7339 4509 7310 4509 7302 4504 7293  
 4467 7266 4465 7250 4482 7234 4517 7220 4546 7204 4555 7188 4557 7164  
 4537 7134 4511 7123 4495 7123 4480 7118 4493 7082 4484 7055 4482 7034  
 4469 7018 4467 7004 4471 6939 4447 6907 4425 6926 4405 6931 4394 6907  
 4390 6869 4385 6864 4350 6845 4350 6826 4354 6818 4379 6793 4394 6782  
 4403 6758 4381 6718 4368 6645 4343 6585 4330 6566 4271 6564 4260 6556  
 4262 6537 4273 6520 4260 6515 4269 6491 4302 6491 4310 6463 4304 6434  
 4288 6434 4269 6445 4247 6450 4220 6439 4236 6412 4229 6399 4200 6391  
 4150 6402 4126 6396 4099 6399 4088 6393 4064 6361 4046 6348 4042 6321  
 4064 6272 4079 6229 4084 6191 4075 6134 4044 6093 4004 6107 3980 6107  
 3969 6083 3976 6034 3960 6015 3936 5996 3925 5999 3910 6018 3890 6029  
 3883 6012 3886 5994 3872 5985 3864 5964 3868 5958 3897 5948 3921 5929  
 3952 5872 3963 5837 3967 5801 3960 5788 3943 5769 3930 5739 3910 5680  
 3892 5674 3870 5688 3855 5688 3813 5631 3813 5626 3786 5604 3753 5561  
 3712 5531 3683 5507 3661 5480 3630 5407 3610 5372 3595 5358 3577 5350  
 3571 5334 3527 5253 3516 5218 3516 5199 3520 5196 3533 5202 3547 5169  
 3566 5172 3593 5166 3632 5191 3663 5166 3681 5145 3685 5088 3685 5028  
 3678 4972 3641 4964 3610 4934 3566 4869 3536 4858 3481 4850 3428 4818  
 3412 4818 3404 4810 3388 4769 3384 4745 3393 4715 3397 4677 3401 4669  
 3414 4677 3423 4701 3452 4691 3467 4664 3489 4634 3500 4599 3505 4526  
 3494 4501 3485 4469 3491 4447 3496 4407 3535 4336 3544 4290 3544 4242  
 3535 4174 3520 4104 3507 4087 3452 4098 3445 4082 3445 4036 3456 3882  
 3445 3744 3432 3693 3423 3639 3429 3585 3451 3541 3454 3528 3449 3390  
 3440 3355 3434 3338 3416 3336 3377 3322 3330 3293 3315 3301 3280 3312  
 3231 3304 3223 3293 3205 3255 3192 3204 3209 3176 3249 3144 3269 3114  
 3278 3090 3264 3063 3238 3033 3207 3014 3183 3009 3154 3020 3121 3047  
 3069 3060 3049 3077 2983 3074 2950 3061 2913 3058 2844 3082 2820 3085  
 2807 3047 2785 3017 2715 2961 2682 2953 2636 2931 2592 2942 2565 2942  
 2537 2926 2519 2907 2508 2874 2506 2842 2512 2818 2537 2782 2541 2734  
 2552 2701 2572 2688 2627 2680 2657 2669 2750 2628 2772 2609 2814 2514  
 2798 2433 2761 2309 2721 2209 2662 2068 2651 2071 2638 2087 2613 2076  
 2565 2036 2543 2009 2525 1960 2501 1952 2475 1968 2440 1969 2418 1985  
 2402 1979 2380 1931 2352 1896 2303 1847 2286 1790 2277 1720 2257 1641  
 2207 1558 2185 1539 2147 1550 2130 1566 2127 1579 2097 1596 2072 1588  
 2053 1544 2048 1512 2035 1512 2004 1536 1974 1539 1947 1547 1943 1539  
 1958 1504 1938 1455 1894 1388 1883 1342 1833 1274 1787 1220 1778 1217  
 1751 1223 1732 1166 1694 1131 1633 1063 1587 1026 1549 1007 1490  982  
 1382  953 1325  945 1285  934 1230  926 1208  926 1169  937 1129  959  
 1090  964 1083  959 1052  929  980  907  942  891  863  802  844  799  
  813  821  791  824  778  816  762  780  727  743  703  710  696  670  
  690  664  657  656  624  659  589  672  529  705  487  702  470  697  
  448  710  441  708  437  700  444  683  452  675  452  664  479  618  
  505  586  531  575  569  570  602  556  617  543  639  464  641  432  
  652  399  670  394  698  434  701  459  685  505  670  532  681  545  
  694  551  811  540  822  534  822  502  802  413  811  394  826  377  
  822  342  784  285  780  250  784  218  802  199  830  185  797  115  
  780  118  734  139  709  126  698  107  679   56  676   39  681   29  
  705    0                                                              
L  1 5   13     0    21    614220199999    52                           
  511    0  516    2  549   50  567   96  575  145  575  175  564  199  
  549  221  542  248  540  275  545  305  560  329  615  340  619  359  
  617  375  606  402  578  440  551  461  487  505  455  513  413  518  
  373  554  353  586  340  616  334  643  307  673  195  705  182  695  
  184  681  182  678  167  692  158  678  171  659  178  643  171  638  
  153  632  140  640  125  630  101  605   79  603   76  597   85  584  
   87  573  114  567  129  554  129  532  116  519   92  511   65  494  
   11  503    2  497    0  500                                          
L  1 5   14     0    71    814220199999     5                           
    0  453    4  454   19  427   17  400    0  368                      
L  1 5   15     0    31   2014220199999   260                           
 3777    0 3784   12 3793   17 3813   22 3824   36 3826   44 3857   77  
 3903   85 3938  158 3956  166 3982  171 4066  206 4123  238 4149  257  
 4193  309 4283  382 4334  417 4367  422 4479  465 4518  476 4580  560  
 4611  587 4620  619 4611  649 4620  671 4620  692 4624  711 4725  800  
 4767  838 4855  897 4888  916 4917  924 4943  949 4967  984 4965 1043  
 4954 1089 4961 1133 4987 1206 5057 1346 5077 1379 5101 1406 5119 1457  
 5161 1535 5200 1592 5229 1616 5275 1630 5284 1619 5295 1619 5310 1630  
 5341 1716 5363 1762 5427 1830 5462 1876 5508 1919 5561 1932 5605 1951  
 5625 1965 5640 2003 5678 2070 5744 2135 5812 2175 5860 2211 5911 2259  
 5918 2262 5966 2329 5981 2359 6001 2424 6014 2562 6025 2611 6067 2702  
 6098 2748 6155 2800 6186 2821 6223 2862 6254 2870 6272 2902 6300 2929  
 6342 2940 6371 2956 6443 3026 6463 3040 6498 3075 6531 3099 6571 3121  
 6584 3132 6619 3188 6666 3294 6692 3345 6703 3356 6738 3410 6754 3451  
 6774 3521 6798 3588 6796 3680 6818 3770 6840 3829 6860 3864 6928 3959  
 6950 3967 7007 3975 7051 3988 7086 4007 7126 4040 7192 4115 7207 4150  
 7209 4199 7181 4253 7179 4283 7141 4310 7058 4418 7025 4486 7007 4532  
 6996 4572 6988 4656 6994 4754 7008 4826 7043 4962 7111 5121 7098 5151  
 7081 5175 6962 5457 6975 5513 7008 5603 7061 5711 7101 5800 7138 5851  
 7165 5843 7171 5838 7191 5840 7250 5935 7301 5997 7303 6005 7299 6021  
 7273 6062 7132 6208 7114 6257 7134 6332 7169 6432 7198 6492 7236 6543  
 7275 6578 7308 6603 7365 6624 7390 6619 7480 6543 7497 6532 7519 6524  
 7537 6505 7543 6456 7576 6421 7647 6364 7706 6302 7737 6275 7754 6267  
 7796 6229 7853 6164 7873 6150 7915 6156 7957 6166 7983 6193 8001 6231  
 8029 6266 8084 6290 8100 6277 8122 6247 8117 6236 8128 6247 8137 6280  
 8155 6309 8203 6344 8238 6358 8282 6333 8295 6304 8300 6274 8311 6258  
 8339 6252 8359 6258 8364 6290 8377 6295 8388 6328 8399 6395 8436 6468  
 8452 6476 8496 6485 8540 6487 8579 6465 8610 6492 8641 6476 8669 6471  
 8696 6484 8696 6509 8709 6587 8711 6628 8725 6698 8753 6736 8824 6790  
 8870 6817 8879 6819 8916 6814 8982 6760 9013 6760 9057 6751 9077 6746  
 9092 6757 9099 6789 9090 6827 9112 6905 9119 6951 9152 6997 9187 7027  
 9207 7032 9226 7019 9255 6986 9317 6940 9347 6883 9369 6856 9400 6846  
 9442 6845 9455 6862 9475 6862 9499 6878 9503 6894 9493 6972 9501 6978  
 9523 6967 9550 6937 9561 6929 9580 6929 9594 6967 9592 7016 9594 7056  
 9598 7064 9609 7051 9631 7040 9636 7045 9640 7075 9633 7113 9655 7129  
 9684 7170 9693 7178 9726 7202 9763 7186 9787 7167 9796 7137 9823 7102  
 9829 7050 9845 7018 9842 6969 9858 6934 9880 6915 9895 6907 9913 6904  
 9924 6929 9948 6974 9946 7018 9941 7029 9939 7064 9944 7091 9974 7115  
10000 7113                                                              
L  1 5   16     0   211   2214220199999    12                           
10000 7261 9999 7261 9977 7291 9944 7358 9933 7399 9937 7526 9933 7577  
 9938 7618 9938 7664 9953 7691 9995 773910000 7740                      
L  1 9   17     9   191   2218888842201     3                           
 558010000100001000010000 7740                                          
L  1 9   18     9   191    419999988888     3                           
 558010000    010000    0 9084                                          
L  1 9   19     9    21    818888842201     3                           
  511    0    0    0    0  368                                          
L  1 9   20     9    81    718888899999     2                           
    0  368    0  453                                                    
L  1 9   21     9    71    618888842201     2                           
    0  453    0  500                                                    
L  1 9   22     9    61    518888899999     2                           
    0  500    0 8736                                                    
L  1 9   23     9    51    418888842201     2                           
    0 8736    0 9084                                                    
L  1 9   24     9    31   2019999988888     3                           
 3777    010000    010000 7113                                          
L  1 9   25     9   201   2114220188888     2                           
10000 711310000 7261                                                    
L  1 9   26     9   211   2219999988888     2                           
10000 726110000 7740                                                    
L  1 9   27     9    21    119999988888     2                           
  511    0  705    0                                                    
L  1 9   28     9    11    314220188888     2                           
  705    0 3777    0                                                    
A  142201    1 5375 5016   6                                            
  -12   17  -16  -25  -15  -28                                          
A  199999    2 1594 5190  26                                            
  -27   13   22   11  -18   12    0   10    0    9    0    8    0    7  
    0    6    0    5    0    4    0    3    0    2    0    1            
A  142201    3  309  352   4                                            
   19  -14   21  -13                                                    
A  199999    4 8399 3586   2                                            
   15  -24                                                              
A  142201    5  397 8542   2                                            
  -11   23                                                              
A  199999    6    9  412   2                                            
   14   20                                                              
A  142201    7 3566 8709   1                                            
   -1                                                                   
A  142201    8 3657 8690   1                                            
   -2                                                                   
A  142201    9 3913 8519   1                                            
   -3                                                                   
A  142201   10 3714 8684   1                                            
   -4                                                                   
A  142201   11 4048 7536   1                                            
   -5                                                                   
A  142201   12 3997 8294   1                                            
   -6                                                                   
A  142201   13 1026 1336   1                                            
   -7                                                                   
A  142201   14  601  741   1                                            
   -8                                                                   
A  142201   15  249  726   1                                            
   -9                                                                   
A  142201   16  792 9884   1                                            
  -10                                                                   
A  199999   17 9968 7500   2                                            
   16  -26                                                              
H1 2    0   32    0    0   99 0507 0507                                 
L  2 2    1     0    00    00               9                           
 6502 7768 6553 7816 6743 8259 6823 8379 6838 8627 6971 8828 6993 9176  
 7181 9755 729410000                                                    
L  2 2    2     0    00    00              12                           
 5611 7612 5663 7626 5753 7738 5809 7883 5836 7887 5918 7846 6012 7846  
 6135 7908 6206 7914 6324 7856 6438 7848 6502 7768                      
L  2 4    3     0    00    00               9                           
 6502 7768 6470 7717 6529 7484 6550 7307 6609 7223 6690 7156 6716 7111  
 6737 6983 7084 6585                                                    
L  2 4    4     0    00    00              24                           
 564210000 5633 9865 5691 9742 5650 9625 5667 9420 5699 9360 5632 9298  
 5640 9190 5706 9025 5688 8916 5639 8828 5611 8455 5647 8424 5581 8330  
 5565 8147 5503 8048 5587 7962 5511 7733 5509 7717 5510 7702 5515 7691  
 5535 7671 5590 7626 5611 7612                                          
L  2 4    5     0    00    00              19                           
  100 8997  164 9154  312 9296  419 9295  552 9266  676 9299  667 9371  
  704 9396  738 9366  788 9134  666 8912  578 8673  566 8517  550 8478  
  435 8447  106 8594   53 8677   27 8905  100 8997                      
L  2 2    6     0    00    00              13                           
 3406 2950 3431 3009 3407 3170 3482 3444 3451 3574 3473 3830 3462 4058  
 3522 4081 3556 4206 3550 4347 3503 4421 3523 4556 3500 4688            
L  2 2    7     0    00    00               4                           
 3406 2950 3188 2522 3139 2302 3110 2268                                
L  2 5    8     0    00    00               9                           
 3110 2268 3106 2323 3060 2423 3106 2514 3109 2751 3148 2876 3210 2959  
 3280 2972 3406 2950                                                    
L  2 2    9     1    00    00               2                           
 3500 4688 3534 4798                                                    
L  2 3   10     1    00    00               2                           
 9393 7499 9512 7623                                                    
L  2 3   11     0    00    00              28                           
 8223 6647 8236 6715 8223 6762 8227 6782 8350 6935 8383 6932 8432 6876  
 8511 6894 8555 6934 8607 6952 8706 7053 8732 7113 8749 7273 8698 7393  
 8698 7443 8727 7478 8857 7387 8890 7393 8915 7427 8928 7579 8901 7667  
 8911 7703 8942 7723 8971 7709 9069 7565 9213 7546 9341 7468 9393 7499  
L  2 3   12     0    00    00               2                           
 8223 6647 8219 6508                                                    
L  2 3   13     0    00    00               6                           
 8219 6508 8196 6537 8196 6567 8264 6548 8270 6561 8223 6647            
L  2 3   14     0    00    00               5                           
 7893 6345 7999 6365 8123 6414 8203 6456 8219 6508                      
L  2 3   15     0    00    00              17                           
 7084 6585 7178 6461 7193 6494 7222 6533 7261 6574 7320 6615 7354 6635  
 7404 6637 7437 6629 7469 6605 7519 6561 7573 6506 7677 6434 7743 6365  
 7804 6332 7878 6325 7893 6345                                          
L  2 5   16     0    00    00              21                           
 7084 6585 7097 6607 7149 6609 7130 6682 7164 6758 7244 6754 7278 6792  
 7287 6870 7349 6838 7382 6842 7429 6791 7476 6789 7539 6726 7551 6661  
 7598 6664 7644 6632 7671 6568 7673 6511 7763 6399 7847 6345 7893 6345  
L  2 2   17     0    00    00               4                           
 5360 7515 5391 7542 5444 7566 5520 7585                                
L  2 2   18     0    00    00              26                           
 3534 4798 3706 4983 3791 5125 3852 5278 3872 5535 4031 5778 4090 5789  
 4167 5884 4280 5902 4323 5876 4346 5885 4373 5937 4433 5984 4568 6232  
 4631 6246 4783 6379 4904 6558 4973 6773 4958 7227 5002 7410 5041 7423  
 5175 7401 5324 7476 5332 7487 5338 7497 5360 7515                      
L  2 2   19     0    00    00              14                           
 5360 7515 5354 7530 5361 7543 5376 7564 5396 7586 5417 7604 5432 7616  
 5446 7623 5457 7623 5464 7621 5492 7610 5515 7600 5518 7594 5520 7585  
L  2 2   20     0    00    00               4                           
 5520 7585 5522 7586 5600 7610 5611 7612                                
L  2 2   21     0    00    00               5                           
 2428 1946 2473 1975 2525 2004 2564 2018 2601 2025                      
L  2 2   22     0    00    00               5                           
 2428 1946 2497 1934 2524 1938 2537 1950 2601 2025                      
L  2 2   23     0    00    00               4                           
 2601 2025 2627 2029 2893 2026 3110 2268                                
L  2 2   24     0    00    00               7                           
 2428 1946 2413 1936 2400 1923 2365 1878 2312 1831 2306 1819 2302 1802  
L  2 2   25     0    00    00               6                           
 2270 1637 2280 1654 2287 1670 2291 1681 2295 1706 2302 1802            
L  2 2   26     0    00    00               4                           
 2302 1802 2285 1709 2278 1671 2270 1637                                
L  2 2   27     0    00    00               5                           
 2101 1549 2121 1551 2186 1554 2207 1559 2232 1569                      
L  2 2   28     0    00    00               8                           
 2101 1549 2125 1545 2154 1530 2175 1525 2187 1526 2205 1533 2216 1544  
 2232 1569                                                              
L  2 2   29     0    00    00               3                           
 2232 1569 2239 1580 2270 1637                                          
L  2 3   30     0    00    00              78                           
 7084 6585 6986 6451 7000 6367 7084 6154 7187 6037 7205 5990 7193 5943  
 7162 5913 7038 5748 6954 5540 6956 5386 7045 5172 7019 5137 6949 5158  
 6895 5120 6822 4974 6802 4761 6604 4612 6582 4396 6292 4258 6240 4094  
 6166 4003 6088 3853 5932 3849 5851 3800 5854 3683 5805 3525 5824 3392  
 5805 3288 5815 3179 5756 2933 5810 2852 5756 2570 5720 2523 5649 2515  
 5605 2441 5442 2276 5430 2218 5492 2087 5366 2094 5395 2033 5363 1986  
 5275 1933 5178 2017 5088 2031 4974 2135 4931 2054 4716 2075 4632 2102  
 4558 2014 4293 1806 4266 1688 4274 1445 4196 1051 4142  917 3959  682  
 3899  664 3908  625 3959  637 3976  611 3823  516 3816  485 3840  467  
 4035  562 4084  554 4070  495 3958  442 3861  280 3755  288 3702  374  
 3669  346 3660  212 3580  243 3528  168 3486  151 3437   55 3344    1  
 3343    0                                                              
L  2 2   31     0    00    00              16                           
 1169    0 1170    7 1312  415 1301  507 1178  837 1217  873 1550  974  
 1678 1056 1753 1166 1823 1232 1879 1323 2043 1487 2070 1521 2079 1534  
 2090 1544 2101 1549                                                    
L  2 3   32     0    00    00               7                           
 9512 7623 9637 7751 9708 7934 9735 7960 9824 7968 9940 803310000 8035  
H1 7    0    0    0    1    1 0507 0507                                 
P  753    1  555 8500 0 0                                               
M 482977êÁÅX                  2    5    8    4    0   51                
H2 1    5    7    4    0   41 0507 0507                                 
N  1 1    1    0 7113 1 3    2   -5    6    0    0    0    0    0    0  
N  1 1    2    0 7261 1 3    7   -6   -2    0    0    0    0    0    0  
N  1 1    3    0 7740 1 3    3    4   -7    0    0    0    0    0    0  
N  1 2    4  113 7047 0 2    1   -1    0    0    0    0    0    0    0  
N  1 1    5 209910000 1 3    5   -4   -3    0    0    0    0    0    0  
L  1 5    1     0    40    404220199999    15                           
  113 7047  110 7052  110 7069   95 7123   88 7131   75 7139   66 7141  
   57 7133   55 7123   63 7070   78 7041   89 7032  109 7032  111 7047  
  113 7047                                                              
L  1 5    2     0    11    214220199999    11                           
    0 7113    7 7113   39 7088   44 7102   48 7141   53 7157   53 7171  
   32 7206   19 7234    5 7252    0 7261                                
L  1 5    3     0    31    514220199999    79                           
    0 7740   13 7755   75 7818  104 7824  211 7788  244 7786  276 7799  
  324 7831  341 7856  357 7902  374 7968  396 8000  470 8028  501 8025  
  518 8007  547 7987  580 7969  643 7954  667 7960  688 7970  721 7968  
  755 7955  780 7934  857 7897  875 7902  923 8012  970 8149 1022 8237  
 1053 8235 1071 8251 1127 8325 1155 8337 1176 8323 1201 8321 1221 8378  
 1330 8516 1433 8583 1458 8622 1509 8749 1527 8808 1542 8830 1577 8841  
 1626 8881 1645 8877 1656 8858 1663 8835 1670 8832 1681 8837 1682 8875  
 1688 8881 1711 8861 1720 8874 1721 8919 1729 8952 1744 8979 1773 9000  
 1796 9009 1841 8999 1854 9011 1869 9121 1861 9153 1812 9231 1801 9255  
 1797 9315 1786 9367 1796 9454 1795 9519 1816 9629 1859 9725 1895 9816  
 1920 9859 1927 9862 1954 9849 1991 9907 2030 9926 2063 9960 2074 9977  
 2090 9982 209910000                                                    
L  1 9    4     9    31    518888842201     3                           
    0 7740    010000 209910000                                          
L  1 9    5     9    51    118888899999     5                           
 209910000100001000010000    0    0    0    0 7113                      
L  1 9    6     9    11    218888842201     2                           
    0 7113    0 7261                                                    
L  1 9    7     9    21    318888899999     2                           
    0 7261    0 7740                                                    
A  199999    1 5665 8515   6                                            
    2    7    3    5    0    1                                          
A  142201    2   26 7174   2                                            
    6   -2                                                              
A  142201    3  806 8870   2                                            
    4   -3                                                              
A  142201    4   83 7086   1                                            
   -1                                                                   
H1 2    0    1    0    0    8 0507 0507                                 
L  2 3    1     0    00    00              43                           
    0 8035  155 8039  159 8148  188 8126  198 8041  258 7923  276 7944  
  244 8104  278 8216  266 8347  448 8484  486 8534  536 8553  588 8643  
  613 8563  601 8513  615 8446  548 8444  546 8375  514 8306  546 8230  
  562 8230  563 8338  584 8354  666 8257  744 8236  779 8322  828 8384  
  834 8487  956 8541 1020 8591 1152 8804 1252 8846 1248 8919 1150 8995  
 1149 9059 1270 9117 1368 9205 1410 9292 1630 9601 1590 9708 1701 9901  
 167810000                                                              
