M 493461ŽºŒË                  3    6   10    6    1   64                
H2 1    6    7    6    0   50 0506 0506                                 
N  1 2    1 4747 9287 0 2    1   -1    0    0    0    0    0    0    0  
N  1 2    2 3962 9115 0 2    2   -2    0    0    0    0    0    0    0  
N  1 2    3 4353 8744 0 2    3   -3    0    0    0    0    0    0    0  
N  1 2    4 4353 8641 0 2    4   -4    0    0    0    0    0    0    0  
N  1 1    5 378910000 1 3    5   -6    7    0    0    0    0    0    0  
N  1 1    6 479510000 1 3    6   -7   -5    0    0    0    0    0    0  
L  1 5    1     0    10    103920299999    12                           
 4747 9287 4756 9278 4765 9325 4760 9403 4753 9406 4746 9392 4742 9370  
 4735 9362 4728 9319 4738 9289 4744 9284 4747 9287                      
L  1 5    2     0    20    203920299999    12                           
 3962 9115 3953 9104 3958 9090 3990 9085 3994 9088 4001 9112 3999 9129  
 4010 9150 3999 9161 3974 9142 3971 9123 3962 9115                      
L  1 5    3     0    30    303920299999    10                           
 4353 8744 4353 8728 4364 8725 4396 8750 4412 8810 4398 8810 4384 8799  
 4377 8780 4359 8758 4353 8744                                          
L  1 5    4     0    40    403920299999    10                           
 4353 8641 4358 8633 4367 8628 4392 8655 4389 8688 4385 8704 4373 8696  
 4355 8671 4349 8647 4353 8641                                          
L  1 5    5     0    51    613920299999    99                           
 378910000 3811 9934 3814 9899 3839 9829 3861 9710 3882 9631 3925 9548  
 3937 9475 3937 9448 3956 9394 3988 9323 3994 9237 3978 9207 3976 9185  
 4007 9194 4030 9169 4024 9131 4035 9104 4079 9037 4075 8997 4077 8991  
 4093 8997 4107 8997 4125 8989 4123 8964 4116 8948 4123 8943 4155 8959  
 4162 8954 4141 8929 4146 8913 4155 8902 4171 8892 4180 8892 4228 8946  
 4235 8936 4237 8917 4229 8857 4233 8852 4258 8846 4274 8855 4283 8849  
 4272 8825 4272 8795 4286 8790 4307 8803 4327 8836 4338 8847 4338 8825  
 4316 8785 4318 8760 4334 8747 4346 8763 4382 8831 4400 8864 4406 8910  
 4388 8945 4388 8953 4406 8980 4440 9005 4465 9035 4476 9076 4481 9106  
 4494 9116 4508 9138 4517 9163 4517 9187 4539 9212 4553 9236 4560 9271  
 4580 9301 4614 9334 4668 9400 4678 9400 4669 9370 4644 9329 4651 9297  
 4667 9294 4685 9313 4701 9367 4707 9427 4725 9452 4734 9490 4743 9509  
 4754 9560 4768 9579 4775 9617 4772 9674 4758 9682 4740 9625 4722 9595  
 4715 9595 4704 9625 4731 9709 4737 9744 4780 9866 4784 9937 4795 9980  
 479510000                                                              
L  1 9    6     9    61    518888899999     6                           
 479510000100001000010000    0    0    0    010000 378910000            
L  1 9    7     9    51    618888839202     2                           
 378910000 479510000                                                    
A  139202    1 4748 9342   1                                            
   -1                                                                   
A  139202    2 3985 9123   1                                            
   -2                                                                   
A  139202    3 4383 8766   1                                            
   -3                                                                   
A  139202    4 4372 8666   1                                            
   -4                                                                   
A  199999    5 7219 9004  10                                            
    5    6    0    1    0    2    0    3    0    4                      
A  139202    6 4307 9380   2                                            
    7   -5                                                              
H1 2    0    3    0    0    9 0506 0506                                 
L  2 4    1     0    00    00              15                           
 4005 9557 4056 9690 4059 9968 4092 9952 4092 9694 4125 9676 4128 9843  
 4121 9940 4136 9973 4157 9940 4154 9759 4172 9676 4219 9616 4450 9748  
 450710000                                                              
L  2 2    2     0    00    00              12                           
 4005 9557 4067 9416 4134 9163 4167 9064 4328 9072 4401 9105 4473 9327  
 4513 9406 4542 9527 4662 9708 4727 9919 474210000                      
L  2 2    3     0    00    00               4                           
 387810000 3915 9829 3963 9673 4005 9557                                
H1 7    0    0    0    1    2 0506 0506                                 
P  7 6    1 4266 9433 0 1                                               
01 3 4266 9433              00  ŽºŒË–¦                                  
M 493470                      3    4   11    4    0   68                
H2 1    4    5    4    0   49 0506 0506                                 
N  1 2    1 9305 4743 0 2    1   -1    0    0    0    0    0    0    0  
N  1 2    2 8419 8684 0 2    2   -2    0    0    0    0    0    0    0  
N  1 1    3 688610000 1 3    3    4    5    0    0    0    0    0    0  
N  1 1    410000 5476 1 3   -4   -3   -5    0    0    0    0    0    0  
L  1 5    1     0    10    103920299999    14                           
 9305 4743 9303 4724 9307 4716 9332 4714 9357 4730 9357 4749 9394 4774  
 9403 4787 9391 4795 9346 4779 9339 4779 9323 4762 9307 4751 9305 4743  
L  1 5    2     0    20    203920299999    10                           
 8419 8684 8415 8673 8426 8659 8452 8643 8477 8622 8472 8652 8463 8676  
 8447 8684 8426 8687 8419 8684                                          
L  1 5    3     0    31    413920299999   177                           
 688610000 6898 9987 6917 9976 6924 9968 7075 9878 7189 9808 7203 9803  
 7274 9752 7355 9685 7389 9664 7474 9618 7620 9535 7716 9466 7739 9453  
 7907 9332 8118 9196 8177 9153 8255 9083 8296 9037 8338 8967 8366 8916  
 8395 8892 8425 8854 8451 8809 8488 8720 8483 8709 8483 8695 8490 8679  
 8502 8679 8518 8644 8548 8544 8552 8544 8516 8528 8512 8519 8516 8498  
 8549 8409 8583 8420 8615 8393 8638 8358 8670 8274 8677 8234 8701 8147  
 8706 8080 8738 7904 8748 7863 8750 7831 8748 7763 8760 7742 8772 7650  
 8770 7609 8772 7541 8757 7473 8759 7444 8778 7403 8785 7349 8780 7308  
 8781 7268 8790 7198 8799 7165 8825 7136 8873 7028 8885 7011 8885 7017  
 8898 6990 8915 6922 8945 6766 8953 6676 8950 6644 8955 6595 8967 6557  
 8993 6379 8986 6308 8973 6246 8991 6241 9001 6216 8992 6113 8985 6084  
 8968 5940 8943 5888 8925 5801 8909 5763 8905 5739 8874 5630 8853 5590  
 8831 5554 8810 5508 8804 5446 8804 5416 8793 5402 8793 5397 8806 5389  
 8827 5389 8838 5378 8841 5365 8820 5340 8818 5321 8834 5321 8839 5311  
 8811 5281 8811 5270 8837 5270 8868 5289 8862 5265 8825 5248 8841 5232  
 8864 5224 8873 5211 8873 5194 8899 5162 8917 5173 8935 5195 8951 5179  
 8960 5192 8992 5147 9027 5106 9016 5082 9004 5082 8970 5119 8958 5127  
 8942 5119 8931 5070 8943 5049 8981 5055 8991 5033 9000 4990 9027 4987  
 9032 4990 9037 4985 9030 4949 9053 4947 9058 4906 9076 4882 9081 4855  
 9097 4844 9151 4845 9186 4831 9193 4834 9206 4851 9222 4843 9261 4835  
 9284 4849 9295 4860 9309 4851 9306 4876 9295 4873 9297 4862 9295 4865  
 9259 4873 9247 4881 9208 4897 9194 4907 9201 4929 9219 4924 9235 4970  
 9288 4949 9370 4944 9375 4922 9388 4917 9384 4882 9375 4847 9430 4874  
 9482 4910 9512 4924 9550 4962 9623 4995 9689 5031 9703 5061 9702 5112  
 9707 5147 9754 5286 9774 5310 9799 5381 9817 5392 9854 5433 9876 5449  
 9913 546310000 5476                                                    
L  1 9    4     9    31    418888839202     3                           
 688610000100001000010000 5476                                          
L  1 9    5     9    31    419999988888     5                           
 688610000    010000    0    010000    010000 5476                      
A  139202    1 9338 4754   1                                            
   -1                                                                   
A  139202    2 8452 8655   1                                            
   -2                                                                   
A  199999    3 4053 7348   6                                            
    3   -5    0    1    0    2                                          
A  139202    4 9386 7416   2                                            
    4   -3                                                              
H1 2    0    5    0    0   14 0506 0506                                 
L  2 5    1     0    00    00               3                           
 714610000 7314 9864 7378 9753                                          
L  2 2    2     0    00    00               4                           
 7378 9753 7491 9708 7579 9708 7594 9698                                
L  2 2    3     0    00    00               4                           
 7378 9753 7176 9869 7012 9977 697010000                                
L  2 4    4     0    00    00               3                           
 777410000 7654 9757 7594 9698                                          
L  2 2    5     0    00    00              30                           
 7594 9698 7964 9391 8219 9210 8363 9025 8462 8857 8554 8772 8611 8592  
 8683 8425 8712 8295 8821 7724 8830 7368 8858 7253 8934 7053 8985 6895  
 8999 6677 9043 6375 9039 6213 8992 5874 8992 5725 8916 5419 9004 5156  
 9083 5080 9220 4984 9394 4966 9490 5024 9642 5154 9737 5354 9842 5516  
 9922 553210000 5535                                                    
H1 5    0    1    0    0    2 0506 0506                                 
L  5 1    1     0    00    00               6                           
 7620 9535 7704 9693 7757 9771 7824 9877 7883 9912 797810000            
M 493471ŽºŒË–¦                3    9   26    8    1  176                
H2 1    9   11    8    0  124 0506 0506                                 
N  1 2    1 2953  993 0 2    1   -1    0    0    0    0    0    0    0  
N  1 2    2 3079 1330 0 2    2   -2    0    0    0    0    0    0    0  
N  1 2    3 5415 1255 0 2    3   -3    0    0    0    0    0    0    0  
N  1 2    4 1073 4560 0 2    4   -4    0    0    0    0    0    0    0  
N  1 2    5 5695 7275 0 2    5   -5    0    0    0    0    0    0    0  
N  1 1    6    0 5476 1 3    6  -10    8    0    0    0    0    0    0  
N  1 1    7 3789    0 1 3   11   -6   10    0    0    0    0    0    0  
N  1 1    8 4795    0 1 3   -9    7  -11    0    0    0    0    0    0  
N  1 1    9 612210000 1 3    9   -8   -7    0    0    0    0    0    0  
L  1 5    1     0    10    103920299999     7                           
 2953  993 3002  963 3192  990 3192 1022 3011  996 2959 1020 2953  993  
L  1 5    2     0    20    203920299999     5                           
 3079 1330 3016 1150 3035 1140 3098 1322 3079 1330                      
L  1 5    3     0    30    303920299999     8                           
 5415 1255 5404 1295 5382 1295 5379 1281 5379 1265 5397 1233 5419 1244  
 5415 1255                                                              
L  1 5    4     0    40    403920299999     9                           
 1073 4560 1097 4503 1129 4542 1109 4552 1087 4609 1072 4609 1061 4601  
 1061 4582 1073 4560                                                    
L  1 5    5     0    50    503920299999     8                           
 5695 7275 5703 7273 5727 7276 5737 7295 5735 7303 5725 7311 5695 7302  
 5695 7275                                                              
L  1 5    6     0    61    713920299999   242                           
    0 5476  205 5474  357 5460  556 5418  787 5359  940 5301 1008 5280  
 1048 5261 1151 5224 1197 5200 1231 5179 1235 5179 1318 5110 1423 5035  
 1451 5014 1471 4973 1486 4914 1480 4838 1472 4805 1473 4738 1497 4651  
 1519 4616 1590 4536 1606 4539 1624 4536 1644 4520 1659 4490 1671 4493  
 1701 4469 1709 4453 1713 4440 1731 4415 1733 4418 1749 4391 1752 4359  
 1742 4315 1720 4269 1722 4256 1752 4259 1768 4253 1785 4194 1817 4143  
 1821 4105 1814 4081 1770 4045 1768 4037 1770 3926 1800 3929 1800 4005  
 1876 4030 1917 3949 1969 3974 1952 4025 1996 4066 2012 4056 2028 4039  
 2054 4024 2087 4013 2115 4000 2165 3965 2189 3941 2195 3919 2177 3903  
 2166 3884 2067 3970 2031 3977 1991 3966 1975 3950 1967 3914 1975 3898  
 2013 3880 2058 3848 2219 3684 2233 3673 2283 3669 2319 3712 2486 3525  
 2403 3415 2088 3769 2050 3804 1955 3863 1911 3881 1911 3897 1899 3905  
 1889 3900 1891 3884 1811 3853 1777 3861 1761 3874 1759 3866 1763 3861  
 1741 3833 1679 3862 1673 3852 1673 3830 1755 3793 1881 3854 1897 3854  
 2042 3769 2064 3693 2087 3683 2117 3691 2151 3651 2163 3632 2165 3575  
 2184 3548 2192 3546 2214 3554 2222 3570 2258 3533 2286 3498 2290 3476  
 2288 3466 2301 3439 2317 3420 2341 3377 2341 3344 2358 3290 2408 3250  
 2416 3229 2441 3180 2453 3110 2471 3078 2482 3026 2488 3016 2536 3016  
 2536 2984 2540 2943 2538 2924 2553 2894 2579 2851 2587 2835 2559 2811  
 2553 2802 2561 2802 2586 2757 2586 2724 2592 2735 2604 2697 2622 2706  
 2622 2700 2686 2633 2717 2593 2753 2520 2755 2509 2754 2490 2788 2442  
 2804 2429 2808 2429 2818 2413 2822 2383 2883 2243 2910 2194 2924 2175  
 2940 2113 2952 2095 2957 2073 2969 2057 2979 2022 3003 1984 3048 1949  
 3078 1887 3098 1823 3103 1806 3093 1771 3091 1747 3109 1755 3111 1779  
 3115 1782 3127 1772 3129 1742 3127 1715 3131 1698 3141 1704 3157 1677  
 3169 1712 3195 1718 3209 1689 3198 1675 3190 1648 3194 1629 3216 1624  
 3244 1570 3257 1524 3249 1497 3271 1399 3268 1297 3264 1256 3260 1245  
 3260 1229 3276 1226 3284 1232 3296 1375 3309 1403 3323 1422 3309 1454  
 3295 1473 3256 1573 3240 1605 3248 1632 3272 1640 3280 1641 3292 1605  
 3312 1565 3369 1517 3381 1485 3400 1404 3396 1393 3396 1376 3414 1339  
 3448 1288 3516 1142 3591  921 3612  848 3624  829 3560  791 3544  777  
 3562  718 3545  663 3549  650 3561  661 3569  664 3563  636 3565  615  
 3569  615 3595  645 3599  629 3587  593 3583  588 3579  539 3591  531  
 3606  510 3638  445 3658  413 3685  305 3705  243 3720  221 3736  211  
 3744  181 3754  154 3777   73 3789    0                                
L  1 5    7     0    81    913920299999   287                           
 4795    0 4799   35 4806  130 4810  160 4834  176 4842  195 4852  263  
 4849  298 4851  331 4869  385 4885  421 4901  432 4898  478 4904  507  
 4932  578 4948  605 4950  641 4945  662 4949  678 4963  676 4988  655  
 4987  673 4973  719 4981  714 4995  771 5001  814 5028  923 5042  953  
 5066  978 5054  999 5022  972 5004  909 4973  773 4955  776 4945  787  
 4948  825 4916  830 4914  838 4918  878 4938  952 4986  936 4992  969  
 4947  990 4955 1055 4971 1098 5003 1085 5009 1088 5011 1118 5005 1126  
 4981 1128 4975 1144 4976 1177 4998 1185 5014 1226 5018 1253 5024 1256  
 5028 1253 5032 1234 5046 1234 5048 1253 5040 1326 5041 1345 5031 1370  
 5045 1389 5025 1445 5030 1524 5048 1538 5056 1584 5054 1595 5030 1584  
 5032 1608 5044 1646 5061 1717 5061 1746 5043 1743 5052 1849 5030 1860  
 5028 1881 5042 1900 5036 1946 5038 1963 5027 2006 5033 2028 5025 2046  
 5041 2095 5037 2149 5038 2187 5044 2223 5056 2250 5060 2293 5068 2309  
 5069 2353 5075 2396 5065 2456 5057 2464 5057 2480 5068 2540 5086 2529  
 5119 2789 5120 2851 5128 2884 5142 2898 5150 2917 5164 2928 5174 2955  
 5160 2974 5164 3001 5179 3052 5197 3134 5195 3177 5186 3196 5180 3220  
 5194 3339 5195 3402 5201 3456 5203 3497 5196 3616 5201 3694 5189 3781  
 5191 3794 5186 3851 5188 3889 5180 3967 5180 4008 5163 4140 5160 4176  
 5164 4243 5178 4295 5180 4330 5209 4479 5220 4517 5200 4596 5210 4663  
 5205 4685 5192 4669 5159 4668 5147 4690 5127 4744 5117 4744 5119 4771  
 5125 4771 5130 4825 5128 4852 5144 4858 5160 4860 5160 4904 5142 4909  
 5163 5001 5192 4993 5212 4994 5214 4991 5182 4863 5189 4817 5215 4777  
 5225 4769 5225 4802 5208 4921 5216 4956 5224 4953 5262 5013 5269 5051  
 5269 5078 5279 5119 5281 5146 5291 5173 5293 5192 5340 5247 5352 5269  
 5356 5304 5342 5309 5326 5325 5321 5393 5303 5444 5291 5471 5289 5495  
 5296 5642 5306 5685 5303 5723 5313 5761 5325 5780 5347 5799 5351 5807  
 5357 5853 5357 5880 5370 5913 5384 5935 5386 5975 5380 6038 5381 6070  
 5383 6073 5401 6125 5441 6176 5528 6353 5536 6375 5560 6391 5582 6430  
 5595 6484 5593 6552 5591 6549 5601 6622 5602 6673 5624 6712 5628 6725  
 5631 6820 5635 6874 5627 6904 5608 7047 5602 7096 5607 7150 5621 7188  
 5647 7215 5651 7210 5647 7234 5651 7275 5670 7348 5682 7427 5677 7538  
 5661 7611 5669 7649 5682 7665 5706 7682 5718 7701 5714 7776 5708 7795  
 5696 7811 5687 7833 5691 7863 5695 7909 5689 7944 5698 8009 5714 8034  
 5744 8058 5790 8075 5814 8116 5824 8138 5838 8146 5872 8187 5877 8249  
 5881 8303 5887 8336 5889 8366 5901 8409 5912 8423 5940 8512 5930 8523  
 5920 8553 5931 8629 5929 8658 5949 8718 5992 8811 5986 8811 5966 8843  
 5970 8878 5984 8886 6004 8881 6025 8981 6019 8990 6027 9057 6047 9060  
 6059 9074 6079 9071 6085 9074 6093 9145 6078 9155 6076 9163 6078 9158  
 6082 9190 6077 9361 6093 9445 6092 9499 6088 9551 6090 9613 6080 9637  
 6071 9734 6061 9745 6053 9732 6051 9713 6043 9691 6017 9756 6011 9780  
 6010 9812 6058 9813 6064 9867 6086 9919 6090 9943 6102 9962 612210000  
L  1 9    8     9    61    918888839202     3                           
    0 5476    010000 612210000                                          
L  1 9    9     9    91    818888899999     4                           
 612210000100001000010000    0 4795    0                                
L  1 9   10     9    71    618888899999     3                           
 3789    0    0    0    0 5476                                          
L  1 9   11     9    71    813920288888     2                           
 3789    0 4795    0                                                    
A  139202    1 3073  992   1                                            
   -1                                                                   
A  139202    2 3059 1241   1                                            
   -2                                                                   
A  139202    3 5396 1264   1                                            
   -3                                                                   
A  139202    4 1091 4556   1                                            
   -4                                                                   
A  139202    5 5715 7292   1                                            
   -5                                                                   
A  199999    6  881 2800   8                                            
    6   10    0    1    0    2    0    4                                
A  139202    7 3312 4986   4                                            
    8   -7  -11   -6                                                    
A  199999    8 7710 5050   6                                            
    7    9    0    3    0    5                                          
H1 2    0   15    0    0   48 0506 0506                                 
L  2 2    1     0    00    00              30                           
 604210000 6014 9882 5999 9773 6027 9673 6034 9587 6038 9141 5940 8796  
 5842 8406 5840 8208 5645 8003 5631 7942 5649 7884 5671 7766 5674 7715  
 5645 7599 5624 7274 5580 7139 5602 6870 5605 6777 5555 6508 5515 6401  
 5424 6224 5366 6164 5308 6015 5289 5868 5224 5711 5213 5614 5226 5268  
 5155 5124 5117 4996                                                    
L  2 4    2     1    00    00               2                           
 4466 4876 4814 4741                                                    
L  2 4    3     0    00    00              10                           
 2266 4486 3190 4834 3354 4927 3668 5054 3746 5038 3828 4938 4080 4966  
 4186 5074 4327 4959 4466 4876                                          
L  2 4    4     0    00    00               7                           
 4814 4741 4866 4746 4892 4780 4926 4920 4963 4964 5002 4980 5117 4996  
L  2 2    5     0    00    00               3                           
 2266 4486 2308 4337 2311 4232                                          
L  2 2    6     0    00    00               3                           
 2311 4232 2315 4054 2256 3950                                          
L  2 2    7     0    00    00               6                           
 1694 4874 1813 4764 1953 4469 2056 4400 2150 4489 2266 4486            
L  2 5    8     0    00    00               5                           
 1694 4874 1724 4585 1859 4264 2050 4108 2256 3950                      
L  2 2    9     0    00    00               4                           
  333 5567  486 5558  713 5454 1111 5296                                
L  2 2   10     0    00    00               3                           
 1111 5296 1398 5148 1694 4874                                          
L  2 5   11     0    00    00               7                           
  333 5567  425 5644  450 5644  770 5477  942 5428 1075 5338 1111 5296  
L  2 4   12     0    00    00              56                           
 4507    0 4455  119 4491  319 4480  521 4551  897 4474  931 4473  983  
 4550 1002 4496 1094 4577 1102 4596 1204 4484 1256 4530 1331 4430 1542  
 4495 1600 4499 1670 4539 1723 4542 1790 4495 1858 4499 1913 4406 2168  
 4316 2168 4281 2257 4346 2361 4247 2612 4244 2717 4273 2810 4374 2914  
 4418 3116 4425 3251 4389 3404 4414 3469 4400 3494 4323 3506 4273 3603  
 4176 3658 4156 3696 4167 3738 4272 3769 4276 3817 4167 3845 4017 3969  
 3626 3976 3418 4229 3263 4277 3161 4334 3103 4323 3103 4212 3074 4193  
 2969 4318 2883 4324 2790 4225 2736 4258 2533 4226 2471 4253 2311 4232  
L  2 2   13     0    00    00              28                           
 4742    0 4704  247 4698  444 4720  565 4804  792 4855 1096 4909 1195  
 4915 1568 4896 1637 4889 1958 4866 2162 4959 2728 4959 2958 5001 3114  
 5030 3415 5086 3667 5093 3758 5088 3832 5052 4039 5041 4141 5039 4221  
 5048 4280 5099 4457 5108 4545 5104 4718 5093 4869 5097 4915 5117 4996  
L  2 2   14     0    00    00              23                           
 2256 3950 2252 3886 2282 3831 2487 3589 2519 3495 2551 3209 2606 3009  
 2664 2916 2736 2856 2802 2768 2947 2452 3103 2099 3278 1788 3325 1602  
 3379 1542 3405 1482 3430 1370 3554 1120 3630  864 3702  572 3849  110  
 3878    1 3878    0                                                    
L  2 2   15     0    00    00               2                           
    0 5535  333 5567                                                    
H1 7    0    0    0    1    1 0506 0506                                 
P  752    1 2377 4400 0 0                                               
