M 503876                      2    5    5    5    1   33                
H2 1    5    5    5    0   29 0506 0506                                 
N  1 2    1 5567 3193 0 2    1   -1    0    0    0    0    0    0    0  
N  1 2    2 5479 3216 0 2    2   -2    0    0    0    0    0    0    0  
N  1 2    3 5644 2776 0 2    3   -3    0    0    0    0    0    0    0  
N  1 2    4 5626 2855 0 2    4   -4    0    0    0    0    0    0    0  
N  1 1    510000    0 1 2   -5    5    0    0    0    0    0    0    0  
L  1 5    1     0    10    101336499999    10                           
 5567 3193 5553 3195 5546 3186 5556 3172 5557 3162 5560 3154 5577 3154  
 5584 3158 5575 3177 5567 3193                                          
L  1 5    2     0    20    201336499999    11                           
 5479 3216 5460 3224 5456 3213 5465 3192 5471 3172 5482 3157 5494 3163  
 5495 3176 5492 3193 5482 3214 5479 3216                                
L  1 5    3     0    30    309999913364    12                           
 5644 2776 5647 2764 5649 2744 5647 2736 5638 2738 5625 2734 5622 2743  
 5623 2758 5624 2770 5629 2778 5637 2779 5644 2776                      
L  1 5    4     0    40    401336499999    10                           
 5626 2855 5614 2843 5612 2826 5611 2809 5616 2799 5638 2805 5640 2815  
 5633 2830 5632 2845 5626 2855                                          
L  1 9    5     9    51    518888899999     5                           
10000    0    0    0    010000100001000010000    0                      
A  113364    1 5565 3174   1                                            
   -1                                                                   
A  113364    2 5479 3190   1                                            
   -2                                                                   
A  113364    3 5635 2756   1                                            
    3                                                                   
A  113364    4 5623 2827   1                                            
   -4                                                                   
A  199999    5 5000 4739   9                                            
    5    0    1    0    2    0   -3    0    4                           
H1 7    0    0    0    1    2 0506 0506                                 
P  7 7    1 5622 2801 0 1                                               
01 2 5622 2801              00  ëKèF                                    
