M 554150élëq                  3    5   24    5    0   99                
H2 1    5    6    5    0   58 0507 0507                                 
N  1 2    1  344 2580 0 2    1   -1    0    0    0    0    0    0    0  
N  1 2    2  347 9958 0 2    2   -2    0    0    0    0    0    0    0  
N  1 2    3  283 3913 0 2    3   -3    0    0    0    0    0    0    0  
N  1 1    4    0 2501 1 3    4    5   -6    0    0    0    0    0    0  
N  1 1    5  24010000 1 3    6   -5   -4    0    0    0    0    0    0  
L  1 5    1     0    10    10 720499999    14                           
  344 2580  342 2583  296 2581  304 2572  325 2558  347 2553  371 2562  
  387 2580  388 2592  380 2615  370 2616  355 2608  343 2584  344 2580  
L  1 5    2     0    20    20 720499999    15                           
  347 9958  338 9970  321 9973  314 9965  315 9952  323 9939  329 9908  
  338 9897  359 9886  369 9888  395 9900  398 9910  389 9923  364 9935  
  347 9958                                                              
L  1 5    3     0    30    30 720499999    11                           
  283 3913  285 3906  302 3898  310 3904  311 3961  307 3972  298 3977  
  292 3973  270 3932  272 3922  283 3913                                
L  1 5    4     0    41    51 720499999   190                           
    0 2501   40 2478   57 2520    4 2556   20 2586   23 2583   82 2696  
  168 2640  177 2660  164 2669  178 2706  117 2749  194 2884  186 2917  
  205 2928  252 3137  224 3187  205 3257  196 3306  188 3319  184 3349  
  172 3390  160 3402  153 3421  147 3454  162 3510  173 3523  189 3531  
  242 3505  276 3497  280 3474  293 3461  302 3467  319 3547  313 3616  
  313 3710  310 3726  301 3722  290 3685  278 3681  267 3693  258 3724  
  260 3747  267 3764  288 3791  293 3817  293 3852  271 3886  232 3910  
  214 3905  193 3919  171 3950  160 3973  149 3993  143 4010  136 4044  
  131 4098  128 4164  128 4232  127 4286  123 4341  123 4399  125 4484  
  125 4566  126 4620  133 4689  137 4780  136 4863  136 4923  144 5035  
  146 5104  150 5148  163 5215  177 5279  184 5336  188 5389  180 5436  
  159 5501  148 5556  151 5709  160 5897  172 5954  181 6048  192 6122  
  200 6152  227 6324  258 6404  319 6593  363 6696  393 6789  422 6888  
  422 6908  413 6920  408 6938  416 6953  444 6954  459 6959  479 6975  
  527 7009  581 7033  617 7042  640 7037  676 7006  685 7033  687 7071  
  680 7108  666 7142  647 7157  619 7157  603 7142  558 7114  535 7114  
  504 7128  487 7140  489 7155  482 7159  473 7153  395 7264  444 7290  
  360 7511  285 7472  267 7509  257 7503  247 7631  284 7697  342 7731  
  410 7742  457 7762  572 7633  588 7651  661 7553  664 7347  664 7340  
  689 7341  675 7570  675 7553  673 7571  588 7679  568 7658  479 7768  
  516 7826  529 7841  538 7857  543 7876  538 7892  513 7926  502 7953  
  483 7963  458 7982  449 7999  411 8019  406 8030  375 8135  327 8234  
  314 8276  317 8315  365 8540  372 8604  371 8693  382 8738  404 8772  
  424 8790  430 8829  416 8892  409 8907  404 8935  404 8980  415 9047  
  416 9071  428 9124  421 9186  422 9214  440 9297  437 9321  418 9372  
  386 9482  382 9517  385 9569  412 9581  425 9593  429 9618  416 9655  
  400 9681  381 9696  362 9719  325 9803  304 9870  293 9926  261 9954  
  24010000                                                              
L  1 9    5     9    41    5188888 7204     3                           
    0 2501    010000  24010000                                          
L  1 9    6     9    51    418888899999     5                           
  24010000100001000010000    0    0    0    0 2501                      
A  1 7204    1  365 2584   1                                            
   -1                                                                   
A  1 7204    2  352 9928   1                                            
   -2                                                                   
A  1 7204    3  291 3936   1                                            
   -3                                                                   
A  199999    4 5100 6150   8                                            
    4    6    0    1    0    2    0    3                                
A  1 7204    5  114 6324   2                                            
    5   -4                                                              
H1 2    0   10    0    0   22 0507 0507                                 
L  2 2    1     0    00    00               2                           
    0 6878   14 6742                                                    
L  2 4    2     0    00    00               9                           
   14 6742  189 6825  244 6869  367 7016  412 6971  450 6959  488 7004  
  499 7084  396 7240                                                    
L  2 2    3     0    00    00               2                           
   14 6742   31 6557                                                    
L  2 4    4     0    00    00               2                           
    0 6736   14 6742                                                    
L  2 2    5     1    00    00               2                           
  186 3867  210 3734                                                    
L  2 2    6     0    00    00               2                           
  210 3734  202 3656                                                    
L  2 2    7     1    00    00               2                           
  202 3656  169 3547                                                    
L  2 2    8     0    00    00               5                           
  169 3547  134 3416  195 3262  141 2826    0 2673                      
L  2 5    9     0    00    00               2                           
    0 6538   31 6557                                                    
L  2 2   10     0    00    00               9                           
   31 6557   36 6498   14 6176   48 5320   88 5028   67 4850   62 4059  
   76 3981  186 3867                                                    
H1 3    0    8    0    0   16 0507 0507                                 
L  3 1    1     0    00    00               2                           
  164 9559   67 9842                                                    
L  3 1    2     1    00    00               2                           
  256 9257  164 9559                                                    
L  3 1    3     0    00    00               3                           
  284 9020  271 9196  256 9257                                          
L  3 1    4     1    00    00               4                           
  262 8746  285 8892  287 8983  284 9020                                
L  3 1    5     0    00    00               3                           
    0 8052  163 8453  262 8746                                          
L  3 1    6     0    00    00               5                           
    0 4625   55 4989   53 5116   11 5465    0 5880                      
L  3 1    7     1    00    00               2                           
   67 9842   43 9919                                                    
L  3 1    8     0    00    00               2                           
   43 9919   1310000                                                    
M 554160â∫êÛå©êÏ              4    6   48    4    0  149                
H2 1    6    9    4    0   55 0507 0507                                 
N  1 1    1  240    0 1 3    4    7   -9    0    0    0    0    0    0  
N  1 2    2  317 1665 0 3    2   -4    1    0    0    0    0    0    0  
N  1 2    3 1248 8533 0 3   -1    5    3    0    0    0    0    0    0  
N  1 1    4    0 1783 1 3   -2    6   -7    0    0    0    0    0    0  
N  1 1    5    0 8559 1 3   -3    8   -6    0    0    0    0    0    0  
N  1 1    6 129010000 1 3    9   -8   -5    0    0    0    0    0    0  
L  1 5    1     0    20    30 754199999    87                           
  317 1665  319 1662  322 1688  333 1727  359 1779  358 1936  366 2126  
  380 2284  392 2570  398 2642  430 2737  453 2971  487 3184  511 3372  
  517 3446  511 3521  486 3639  489 3682  539 3894  557 4020  668 4585  
  672 4635  662 4656  658 4691  674 4755  689 4852  726 5011  762 5119  
  818 5346  889 5567  985 5794 1038 5929 1081 6014 1142 6179 1169 6233  
 1181 6247 1218 6311 1233 6360 1243 6441 1245 6545 1245 6631 1240 6709  
 1245 6890 1237 6958 1236 7008 1256 7088 1543 7097 1559 6998 1577 6999  
 1563 7096 2070 7088 2553 8134 2560 8125 2573 8162 2533 8184 2518 8155  
 2536 8147 2056 7110 1820 7122 1817 7225 1584 7217 1592 7734 1951 7746  
 1948 7775 2130 7778 2129 7811 1945 7808 1930 8483 1923 8481 1888 8471  
 1848 8466 1819 8470 1791 8485 1785 8495 1761 8499 1718 8500 1696 8479  
 1675 8480 1641 8481 1605 8488 1580 8494 1571 8500 1558 8506 1281 8497  
 1264 8518 1256 8537 1248 8533                                          
L  1 3    2     0    20    41 7204 7541     9                           
  317 1665  316 1663  312 1663  230 1697  117 1755   56 1798   44 1800  
   18 1793    0 1783                                                    
L  1 4    3     0    30    51 7541 7542    42                           
 1248 8533 1222 8524 1172 8466 1143 8469 1097 8507 1061 8550 1021 8573  
  998 8574  951 8596  891 8632  840 8633  790 8652  750 8672  719 8668  
  685 8565  662 8572  634 8611  601 8618  563 8605  512 8601  477 8609  
  456 8620  456 8631  493 8679  497 8693  485 8734  430 8818  359 8895  
  330 8913  313 8912  288 8859  242 8723  227 8693  199 8692  187 8688  
  165 8666  151 8642   93 8652   78 8652   43 8631   18 8604    0 8559  
L  1 5    4     0    11    20 720499999    25                           
  240    0  248  244  255  283  267  302  290  320  317  350  328  386  
  343  565  344  804  347  847  375  961  377  996  348 1075  337 1117  
  346 1170  370 1225  382 1278  385 1330  379 1375  376 1538  371 1603  
  365 1635  352 1650  320 1655  317 1665                                
L  1 5    5     0    30    61 754299999    15                           
 1248 8533 1259 8543 1268 8616 1292 8651 1282 8736 1292 8759 1297 8798  
 1300 9140 1291 9279 1288 9444 1300 9561 1288 9728 1273 9805 1283 9996  
 129010000                                                              
L  1 9    6     9    41    5188888 7541     2                           
    0 1783    0 8559                                                    
L  1 9    7     9    11    4188888 7204     3                           
  240    0    0    0    0 1783                                          
L  1 9    8     9    51    6188888 7542     3                           
    0 8559    010000 129010000                                          
L  1 9    9     9    61    118888899999     4                           
 129010000100001000010000    0  240    0                                
A  199999    1 5382 5126   4                                            
    4    1    5    9                                                    
A  1 7204    2  180  902   3                                            
    7   -2   -4                                                         
A  1 7541    3  409 5346   4                                            
    2    6   -3   -1                                                    
A  1 7542    4  647 9230   3                                            
    3    8   -5                                                         
H1 2    0   21    0    0   52 0507 0507                                 
L  2 4    1     0    00    00               2                           
    0 4772  141 5054                                                    
L  2 2    2     0    00    00               5                           
    0 3358  186 3005  236 2802  199 2526    0 2144                      
L  2 2    3     0    00    00              12                           
   40 9265   44 9240   62 9189  114 9117  205 9031  229 9002  272 8927  
  304 8833  312 8783  309 8707  178 8208  156 8065                      
L  2 4    4     0    00    00               3                           
    0  333   30  399    0  476                                          
L  2 4    5     0    00    00               2                           
    0 8061  156 8065                                                    
L  2 2    6     0    00    00              14                           
  156 8065  146 7975  161 7714  185 7585  287 7321  445 6877  495 6642  
  484 6441  400 5948  346 5820  304 5753  213 5619   96 5514    0 5445  
L  2 4    7     0    00    00               5                           
 1105 9008 1187 9060 1215 9098 1239 9187 1234 9821                      
L  2 2    8     0    00    00              10                           
  129 9844  129 9833  130 9763  126 9706  109 9644   47 9486   27 9404  
   28 9337   32 9298   40 9265                                          
L  2 4    9     0    00    00               6                           
  129 9844  178 9869  215 9878  273 9882  321 9874  339 9865            
L  2 5   10     0    00    00               7                           
   40 9265   69 9278   75 9417  104 9479  169 9550  253 9783  339 9865  
L  2 4   11     0    00    00               4                           
  156 8065  280 8071  373 8095  632 8120                                
L  2 4   12     0    00    00              12                           
  632 8120  644 8281  668 8368  706 8461  732 8551  744 8683  762 8739  
  781 8775  817 8809  846 8827  886 8838  913 8853                      
L  2 4   13     0    00    00               2                           
  913 8853 1105 9008                                                    
L  2 4   14     0    00    00              36                           
  632 8120  687 8124  685 8103  665 8053  629 8011  600 7992  592 7971  
  588 7918  558 7851  559 7815  594 7750  596 7715  589 7665  576 7645  
  550 7635  520 7645  442 7697  419 7704  372 7699  394 7650  412 7586  
  550 7407  585 7253  881 7328  932 7324  989 7305 1018 7274 1052 7138  
 1085 7006 1080 6540 1044 6475  978 5946  947 5896  920 5784  873 5708  
  787 5636                                                              
L  2 4   15     0    00    00               2                           
  258 3904    0 3906                                                    
L  2 5   16     0    00    00               8                           
  787 5636  710 5571  569 5635  479 4798  216 4258  212 4021  187 3980  
  258 3904                                                              
L  2 5   17     0    00    00               5                           
 1105 9008 1090 9179 1159 9421 1168 9781 1234 9821                      
L  2 5   18     0    00    00               2                           
  820 8870  913 8853                                                    
L  2 4   19     0    00    00               2                           
 1234 9821 123610000                                                    
L  2 2   20     0    00    00               2                           
  12510000  129 9844                                                    
L  2 4   21     0    00    00               3                           
  339 9865  366 9890  41810000                                          
H1 3    0   17    0    0   36 0507 0507                                 
L  3 1    1     0    00    00               3                           
  863 8558  875 8654  891 8770                                          
L  3 1    2     0    00    00               3                           
  863 8558  863 8654  864 8761                                          
L  3 1    3     0    00    00               2                           
  930 9544  918 9766                                                    
L  3 1    4     1    00    00               2                           
  917 9400  930 9544                                                    
L  3 1    5     0    00    00               3                           
  868 8957  875 9143  917 9400                                          
L  3 1    6     1    00    00               3                           
  864 8761  864 8868  868 8957                                          
L  3 1    7     0    00    00               4                           
  911 8954  965 9485  956 9640  918 9766                                
L  3 1    8     1    00    00               3                           
  891 8770  897 8815  911 8954                                          
L  3 1    9     1    00    00               3                           
  391 2910  380 3039  362 3134                                          
L  3 1   10     0    00    00               5                           
  260 2258  282 2428  298 2505  375 2764  391 2910                      
L  3 1   11     1    00    00               2                           
  224 1982  260 2258                                                    
L  3 1   12     1    00    00               2                           
    0 1248   83 1396                                                    
L  3 1   13     0    00    00              17                           
    0 4657  184 5026  654 5989  816 6355  837 6452  843 6529  832 6651  
  819 6722  679 7088  638 7245  629 7331  628 7498  648 7600  673 7729  
  747 7997  843 8405  863 8558                                          
L  3 1   14     0    00    00               4                           
  362 3134  317 3234  243 3371    0 3686                                
L  3 1   15     0    00    00               4                           
   83 1396  149 1524  198 1701  224 1982                                
L  3 1   16     0    00    00               2                           
   13    0    0   40                                                    
L  3 1   17     0    00    00               3                           
  918 9766  893 9855  82810000                                          
H1 5    0    1    0    0    2 0507 0507                                 
L  5 1    1     0    00    00               3                           
  658 4691  356 4414    0 4271                                          
M 554170à‰èo                  5    4   30    3    1  125                
H2 1    4    6    3    0   51 0507 0507                                 
N  1 1    1 1290    0 1 3    3    5   -6    0    0    0    0    0    0  
N  1 2    2 2514 7608 0 3    1    2   -3    0    0    0    0    0    0  
N  1 1    3 242610000 1 3    6   -4   -1    0    0    0    0    0    0  
N  1 1    4    0 6337 1 3   -2    4   -5    0    0    0    0    0    0  
L  1 5    1     0    20    31 754399999    35                           
 2514 7608 2525 7900 2524 7918 2491 7925 2500 8079 2463 8080 2475 8292  
 2723 8226 2859 8197 3165 7884 3179 7911 2877 8226 2749 8256 2732 8254  
 2394 8337 2353 8359 2347 8413 2336 8451 2320 8464 2325 8532 2316 8562  
 2310 8610 2317 8681 2338 8810 2345 8902 2353 9100 2347 9167 2340 9194  
 2354 9219 2358 9235 2361 9389 2371 9470 2381 9600 2421 9983 242610000  
L  1 4    2     0    20    41 7542 7543    83                           
 2514 7608 2487 7620 2430 7607 2382 7606 2333 7608 2307 7614 2285 7623  
 2226 7607 2202 7604 2183 7598 2151 7563 2115 7540 2101 7551 2074 7567  
 2063 7571 2041 7580 1974 7602 1901 7635 1863 7700 1855 7757 1791 7785  
 1762 7790 1610 7732 1603 7724 1601 7643 1589 7578 1580 7576 1553 7579  
 1501 7541 1439 7512 1379 7550 1374 7567 1370 7569 1324 7572 1275 7567  
 1177 7549 1121 7558 1053 7556 1028 7551  976 7519  912 7438  815 7398  
  677 7424  634 7400  584 7354  563 7325  563 7268  556 7217  540 7152  
  508 7098  512 7074  608 6889  622 6870  640 6821  666 6778  702 6729  
  740 6661  783 6598  816 6522  816 6452  772 6341  768 6317  770 6252  
  767 6098  762 6060  757 6060  742 6082  724 6139  702 6188  659 6215  
  580 6218  525 6189  491 6165  475 6184  453 6225  370 6301  329 6318  
  257 6321  178 6360  108 6366   60 6374   42 6372    0 6337            
L  1 5    3     0    11    20 754299999   105                           
 1290    0 1293   43 1316  208 1356  451 1366  518 1360  675 1360  802  
 1368  881 1379  945 1402 1007 1437 1086 1450 1137 1465 1258 1492 1372  
 1504 1453 1507 1602 1543 1902 1569 2037 1580 2128 1613 2296 1623 2369  
 1641 2434 1660 2588 1674 2644 1690 2693 1711 2736 1718 2806 1720 2871  
 1769 3157 1800 3349 1863 3657 1879 3762 1935 4016 1949 4108 1972 4208  
 1986 4256 1984 4264 2007 4391 2026 4453 2033 4505 2077 4664 2086 4783  
 2103 4880 2172 5096 2201 5144 2222 5195 2227 5220 2205 5333 2188 5582  
 2189 5674 2185 5769 2190 5847 2197 5872 2213 5901 2219 5904 2255 5901  
 2276 5914 2292 5957 2319 5998 2288 6036 2293 6074 2347 6122 2347 6154  
 2330 6192 2257 6223 2269 6244 2296 6255 2312 6279 2333 6322 2324 6344  
 2287 6350 2256 6361 2247 6385 2252 6393 2276 6398 2283 6428 2245 6477  
 2223 6494 2211 6488 2209 6537 2213 6691 2211 6772 2218 6845 2263 6888  
 2273 6912 2273 7039 2269 7153 2272 7207 2302 7261 2685 7254 2682 7252  
 2798 7243 3212 7694 3313 7832 3288 7859 3197 7712 2793 7290 2685 7288  
 2616 7280 2670 7974 2656 7975 2598 7277 2505 7278 2508 7434 2514 7608  
L  1 9    4     9    41    3188888 7543     3                           
    0 6337    010000 242610000                                          
L  1 9    5     9    11    4188888 7542     3                           
 1290    0    0    0    0 6337                                          
L  1 9    6     9    31    118888899999     4                           
 242610000100001000010000    0 1290    0                                
A  199999    1 6086 5096   3                                            
    3    1    6                                                         
A  1 7542    2  966 4000   3                                            
    5   -2   -3                                                         
A  1 7543    3 1248 8025   3                                            
    2    4   -1                                                         
H1 2    0   19    0    0   54 0507 0507                                 
L  2 4    1     0    00    00              12                           
  66910000  694 9885  773 9743  660 9521  627 9332  647 9114  655 8799  
  767 8693  823 8480  912 8427  866 8323  886 8158                      
L  2 4    2     0    00    00               4                           
 2065 9742 1986 9763 1952 9892 183310000                                
L  2 4    3     0    00    00               7                           
  350  942  340  850  308  817  338  733  340  592  437  530  471  548  
L  2 4    4     0    00    00               3                           
  886 8158  916 7759  871 7377                                          
L  2 2    5     0    00    00              12                           
    0 6525  250 6752  301 6827  329 6912  333 7050  328 7394  366 7573  
  442 7710  633 7964  706 8031  807 8118  886 8158                      
L  2 4    6     0    00    00              13                           
  361 3678  292 3387  356 3283  356 3219  303 3150  313 3098  453 2912  
  399 2664  333 2493  267 2084  280 1534  350 1177  350  942            
L  2 4    7     0    00    00               2                           
  361 3678  450 3631                                                    
L  2 4    8     0    00    00               8                           
    0 4060  172 3921  209 3884  237 3848  256 3816  301 3724  326 3701  
  361 3678                                                              
L  2 4    9     0    00    00              44                           
 1204 1741 1112 1957 1219 2109 1259 2219 1277 2338 1322 2423 1341 2513  
 1424 2540 1432 2600 1457 2635 1441 2726 1466 2786 1574 2901 1532 2999  
 1562 3057 1573 3134 1521 3179 1459 3276 1386 3475 1319 3539 1305 3625  
 1345 3724 1345 3820 1403 3825 1453 3942 1427 4226 1397 4273 1403 4970  
 1343 5335 1731 5423 1944 5781 1961 5875 1941 5990 1957 6120 1957 6506  
 1884 6667 1772 6724 1609 6720 1497 6761 1373 6977 1333 7195 1248 7333  
 1137 7408  871 7377                                                    
L  2 2   10     0    00    00               6                           
  886 8158 1138 8265 1254 8345 1339 8429 1395 8517 1480 8766            
L  2 2   11     0    00    00               6                           
 1480 8766 1661 9374 1682 9522 1657 9674 1596 9784 144610000            
L  2 4   12     0    00    00              14                           
 1480 8766 1502 8781 1536 8859 1565 8882 1660 8904 1733 8888 1875 8884  
 1976 8858 2026 8820 2138 8778 2144 8969 2183 9158 2229 9306 2341 9302  
L  2 5   13     0    00    00               5                           
 2341 9302 2359 9688 2330 9875 2261 9959 225310000                      
L  2 4   14     0    00    00              24                           
  871 7377  829 7235  742 7186  700 7027  729 6907  660 6754  744 6582  
  734 6042  713 5973  548 5874  308 5963  251 5928  213 5710  209 5248  
  226 5016  380 4748  427 4684  440 4651  445 4604  572 4375  579 4346  
  581 4322  580 4299  566 4248                                          
L  2 4   15     0    00    00              13                           
  566 4248  560 4248  506 4138  420 3977  418 3970  418 3955  420 3931  
  423 3920  422 3910  415 3904  402 3885  403 3863  361 3678            
L  2 4   16     0    00    00              11                           
  566 4248  488 4000  486 3974  485 3946  491 3867  502 3834  523 3784  
  548 3738  565 3693  574 3660  580 3618                                
L  2 4   17     0    00    00               7                           
 1236    0 1238  270 1205  495 1155  699 1182  795 1167  834 1190 1378  
L  2 2   18     0    00    00               3                           
    0 1306  103  868  125    0                                          
L  2 4   19     0    00    00               3                           
  418    0  606  400  350  942                                          
H1 3    0    4    0    0   11 0507 0507                                 
L  3 1    1     0    00    00              19                           
  316 6668  385 6906  426 7184  431 7255  451 7353  484 7428  520 7478  
  654 7634  916 7876 1201 8124 1939 8799 2018 8911 2052 8982 2087 9084  
 2113 9182 2118 9347 2119 9543 2091 9727 203310000                      
L  3 1    2     1    00    00               4                           
    0 5803  100 6148  193 6358  316 6668                                
L  3 1    3     0    00    00              10                           
    0 2236   51 2354  375 3034  453 3209  492 3367  502 3516  466 3741  
  415 3904  317 4117    0 4735                                          
L  3 1    4     0    00    00               7                           
  828    0  633  332  598  394  479  585  323  840   36 1281    0 1377  
H1 5    0    1    0    0    2 0507 0507                                 
L  5 1    1     0    00    00               5                           
 1489 1358 1260 1510 1146 1716  240 2371    0 2362                      
H1 7    0    0    0    1    2 0507 0507                                 
P  7 4    1 1260 1510 0 1                                               
01 3 1260 1510              00  ñÿåÀêÏ                                  
