M 593907本荘                  2    2    6    2    0   22                
H2 1    2    3    2    0   14 0506 0506                                 
N  1 1    110000  709 1 3    1   -2    3    0    0    0    0    0    0  
N  1 1    2 9716    0 1 3    2   -1   -3    0    0    0    0    0    0  
L  1 5    1     0    11    21 521099999    16                           
10000  709 9951  631 9918  550 9899  455 9851  409 9835  390 9857  377  
 9831  314 9820  320 9755  157 9735  130 9716  114 9718   90 9731   55  
 9729   33 9716    0                                                    
L  1 9    2     9    21    11 521088888     3                           
 9716    010000    010000  709                                          
L  1 9    3     9    11    219999988888     5                           
10000  7091000010000    010000    0    0 9716    0                      
A  199999    1 5000 4645   2                                            
    1   -3                                                              
A  1 5210    2 9923  352   2                                            
   -2   -1                                                              
H1 2    0    3    0    0    6 0506 0506                                 
L  2 2    1     0    00    00               3                           
 9848    0 9906   93 9944  145                                          
L  2 5    2     0    00    00               3                           
10000  566 9946  311 9944  145                                          
L  2 2    3     0    00    00               3                           
 9944  145 9978  17610000  186                                          
M 593965船川                  2    9   11    9    0  122                
H2 1    9   10    9    0  112 0506 0506                                 
N  1 2    1 9783 3646 0 2    1   -1    0    0    0    0    0    0    0  
N  1 2    2 9139 5237 0 2    2   -2    0    0    0    0    0    0    0  
N  1 2    3 9139 5304 0 2    3   -3    0    0    0    0    0    0    0  
N  1 2    4 7309 9830 0 2    4   -4    0    0    0    0    0    0    0  
N  1 2    5 7181 9485 0 2    5   -5    0    0    0    0    0    0    0  
N  1 2    6 7509 9137 0 2    6   -6    0    0    0    0    0    0    0  
N  1 2    7 7847 8578 0 2    7   -7    0    0    0    0    0    0    0  
N  1 1    8 731610000 1 3    8   10    9    0    0    0    0    0    0  
N  1 1    910000 3676 1 3   -9   -8  -10    0    0    0    0    0    0  
L  1 5    1     0    10    10 520699999    11                           
 9783 3646 9790 3647 9823 3658 9838 3675 9847 3696 9851 3714 9840 3723  
 9821 3716 9800 3695 9779 3664 9783 3646                                
L  1 5    2     0    20    20 520699999    22                           
 9139 5237 9154 5244 9167 5254 9189 5233 9187 5226 9212 5240 9216 5252  
 9211 5287 9212 5324 9224 5360 9231 5371 9261 5398 9284 5404 9281 5424  
 9272 5435 9255 5439 9238 5429 9182 5332 9170 5296 9151 5283 9143 5267  
 9139 5237                                                              
L  1 5    3     0    30    30 520699999    10                           
 9139 5304 9141 5302 9162 5322 9197 5390 9201 5409 9190 5411 9173 5403  
 9141 5357 9137 5348 9139 5304                                          
L  1 5    4     0    40    40 520699999     9                           
 7309 9830 7337 9865 7338 9879 7329 9895 7325 9895 7296 9872 7285 9834  
 7293 9830 7309 9830                                                    
L  1 5    5     0    50    50 520699999    22                           
 7181 9485 7180 9489 7189 9482 7226 9486 7258 9505 7284 9535 7316 9541  
 7323 9545 7323 9550 7322 9593 7311 9593 7309 9589 7313 9587 7302 9570  
 7287 9562 7267 9558 7247 9566 7218 9525 7205 9520 7177 9494 7176 9490  
 7181 9485                                                              
L  1 5    6     0    60    60 520699999    15                           
 7509 9137 7518 9137 7545 9160 7560 9186 7577 9199 7591 9233 7592 9245  
 7585 9267 7582 9293 7568 9297 7561 9290 7543 9256 7532 9221 7508 9182  
 7509 9137                                                              
L  1 5    7     0    70    70 520699999    14                           
 7847 8578 7879 8569 7889 8570 7899 8580 7937 8630 7942 8653 7929 8674  
 7903 8701 7898 8701 7887 8692 7882 8668 7856 8631 7849 8578 7847 8578  
L  1 5    8     0    81    91 520699999   366                           
 731610000 7301 9958 7292 9945 7257 9931 7231 9892 7242 9881 7262 9873  
 7305 9904 7309 9914 7341 9941 7352 9926 7354 9891 7370 9878 7389 9876  
 7403 9883 7413 9862 7400 9848 7394 9822 7409 9816 7399 9778 7412 9771  
 7407 9747 7411 9718 7423 9717 7405 9673 7403 9656 7425 9663 7442 9686  
 7455 9712 7456 9726 7484 9689 7509 9675 7510 9650 7505 9614 7524 9598  
 7545 9620 7567 9627 7588 9621 7604 9597 7604 9547 7635 9523 7651 9500  
 7673 9500 7682 9489 7670 9472 7613 9446 7591 9414 7562 9394 7539 9360  
 7540 9348 7558 9337 7595 9350 7629 9354 7635 9346 7606 9320 7597 9295  
 7610 9251 7663 9282 7670 9270 7650 9246 7648 9231 7642 9227 7647 9227  
 7696 9261 7705 9248 7688 9235 7682 9223 7718 9226 7711 9205 7691 9200  
 7675 9183 7685 9173 7723 9192 7741 9223 7751 9211 7738 9176 7683 9110  
 7643 9045 7643 9031 7667 9024 7619 8924 7606 8869 7606 8849 7614 8848  
 7643 8874 7646 8879 7634 8851 7643 8820 7663 8825 7683 8851 7694 8851  
 7677 8783 7680 8756 7689 8751 7742 8810 7752 8827 7753 8856 7770 8878  
 7777 8878 7784 8846 7800 8846 7822 8865 7829 8846 7820 8835 7816 8817  
 7821 8815 7826 8803 7821 8793 7817 8755 7881 8724 7890 8732 7901 8737  
 7949 8696 7978 8687 8019 8709 8033 8702 8037 8679 8083 8686 8104 8678  
 8144 8721 8167 8728 8175 8683 8178 8632 8183 8625 8248 8627 8250 8594  
 8308 8610 8347 8654 8364 8681 8365 8698 8381 8748 8404 8771 8418 8780  
 8421 8787 8438 8782 8477 8837 8507 8862 8550 8863 8616 8854 8653 8829  
 8686 8795 8729 8759 8771 8730 8811 8716 8849 8676 8857 8636 8888 8572  
 8903 8558 8937 8514 8969 8448 8975 8386 8992 8356 9001 8356 9038 8338  
 9049 8335 9092 8213 9100 8177 9074 8146 9075 8136 9040 8069 9038 8056  
 9069 8035 9082 8021 9103 7973 9109 7935 9093 7851 9082 7777 9043 7771  
 9036 7763 9047 7764 9074 7747 9060 7725 9052 7671 9064 7617 9065 7576  
 9058 7530 9051 7525 9033 7487 9042 7452 9047 7418 9010 7366 8991 7323  
 9009 7260 9037 7177 9051 7123 9042 7073 9051 7035 9084 6991 9098 6985  
 9147 6950 9170 6914 9174 6821 9144 6784 9133 6733 9136 6670 9142 6653  
 9165 6631 9162 6616 9169 6570 9164 6534 9195 6473 9191 6474 9206 6441  
 9190 6427 9196 6397 9193 6343 9188 6319 9103 6305 9075 6293 9070 6281  
 9085 6270 9116 6270 9098 6240 9125 6234 9115 6215 9119 6210 9143 6207  
 9150 6232 9149 6250 9153 6251 9164 6238 9171 6243 9189 6243 9163 6189  
 9167 6186 9174 6188 9170 6174 9172 6158 9195 6155 9234 6158 9234 6151  
 9220 6141 9232 6131 9234 6127 9160 6071 9155 6061 9213 6036 9220 6026  
 9242 6016 9243 6020 9260 6008 9276 5989 9323 5988 9379 5881 9384 5861  
 9363 5788 9353 5770 9317 5773 9271 5793 9236 5779 9231 5767 9211 5740  
 9183 5725 9181 5714 9193 5660 9199 5654 9237 5663 9243 5686 9264 5702  
 9271 5662 9282 5644 9264 5636 9235 5604 9229 5570 9248 5559 9249 5552  
 9232 5528 9236 5502 9297 5528 9297 5520 9269 5496 9274 5477 9295 5481  
 9317 5477 9318 5459 9297 5419 9282 5371 9261 5375 9239 5359 9228 5340  
 9234 5275 9256 5280 9268 5287 9278 5267 9257 5243 9293 5244 9308 5259  
 9314 5239 9326 5247 9335 5244 9335 5219 9323 5197 9319 5163 9339 5171  
 9352 5167 9342 5129 9366 5127 9363 5105 9341 5083 9317 5082 9302 5071  
 9304 5058 9341 5022 9386 5020 9410 5031 9427 5024 9426 5004 9439 4978  
 9439 4957 9416 4920 9408 4910 9415 4860 9434 4867 9477 4947 9547 4897  
 9549 4860 9559 4808 9561 4757 9554 4688 9567 4570 9532 4490 9506 4481  
 9501 4467 9515 4443 9506 4429 9485 4406 9474 4385 9482 4343 9488 4329  
 9492 4301 9500 4275 9486 4264 9494 4243 9528 4223 9556 4221 9563 4224  
 9618 4204 9651 4216 9668 4215 9693 4233 9733 4215 9748 4187 9764 4131  
 9769 4069 9731 4015 9686 3985 9624 3959 9626 3956 9655 3953 9654 3942  
 9646 3931 9657 3927 9662 3904 9654 3901 9671 3881 9678 3877 9671 3873  
 9670 3852 9694 3835 9744 3827 9778 3830 9833 3852 9871 3818 9944 3741  
 9999 369410000 3676                                                    
L  1 9    9     9    81    9188888 5206     3                           
 731610000100001000010000 3676                                          
L  1 9   10     9    81    919999988888     5                           
 731610000    010000    0    010000    010000 3676                      
A  1 5206    1 9817 3684   1                                            
   -1                                                                   
A  1 5206    2 9198 5332   1                                            
   -2                                                                   
A  1 5206    3 9160 5356   1                                            
   -3                                                                   
A  1 5206    4 7314 9862   1                                            
   -4                                                                   
A  1 5206    5 7261 9537   1                                            
   -5                                                                   
A  1 5206    6 7556 9216   1                                            
   -6                                                                   
A  1 5206    7 7898 8634   1                                            
   -7                                                                   
A  199999    8 4283 6732  16                                            
    8  -10    0    1    0    2    0    3    0    4    0    5    0    6  
    0    7                                                              
A  1 5206    9 9574 6950   2                                            
    9   -8                                                              
H1 2    0    1    0    0    8 0506 0506                                 
L  2 3    1     0    00    00              47                           
10000 3866 9970 3898 9992 4084 9865 4292 9747 4395 9706 5022 9701 5562  
 9589 5721 9584 5826 9656 5949 9551 6054 9551 6235 9490 6318 9462 6466  
 9306 6730 9351 7439 9334 7844 9406 7954 9356 8070 9404 8291 9238 8568  
 9165 8584 9145 8765 9168 8919 9012 8939 8947 9089 8845 9016 8718 8997  
 8612 9119 8633 9218 8662 9286 8618 9312 8518 9226 8523 9094 8440 8965  
 8384 8939 8351 8829 8279 8771 8088 8866 7851 9106 7862 9409 7930 9580  
 7807 9615 7707 9699 7718 9821 7661 9933 753010000                      
M 593966船川                  5    3   23    3    2  148                
H2 1    3    4    3    0   73 0506 0506                                 
N  1 2    1 3326 3033 0 2    1   -1    0    0    0    0    0    0    0  
N  1 1    2    0 3676 1 3    2    4    3    0    0    0    0    0    0  
N  1 1    310000 7454 1 3   -3   -2   -4    0    0    0    0    0    0  
L  1 5    1     0    10    10 520699999    13                           
 3326 3033 3329 3035 3323 3069 3310 3093 3299 3104 3288 3108 3279 3106  
 3264 3080 3261 3067 3271 3037 3284 3036 3293 3025 3326 3033            
L  1 5    2     0    21    31 520699999   391                           
    0 3676   23 3670   29 3665   38 3617   37 3555   43 3551  140 3533  
  189 3515  218 3499  323 3395  340 3383  390 3360  429 3370  483 3375  
  536 3357  603 3325  640 3302  650 3286  660 3217  630 3069  589 2980  
  592 2944  585 2928  541 2888  522 2854  520 2821  523 2817  518 2778  
  541 2782  562 2781  571 2774  668 2738  698 2736  708 2729  710 2710  
  706 2713  686 2703  689 2695  705 2679  625 2647  604 2627  607 2609  
  631 2591  684 2569  686 2546  671 2489  681 2475  724 2519  730 2520  
  730 2459  736 2437  744 2443  772 2476  781 2567  806 2599  850 2680  
  861 2690  871 2682  891 2677  916 2707  942 2767  957 2813  956 2829  
  964 2857  980 2874 1007 2825 1063 2856 1076 2826 1138 2853 1111 2918  
 1168 2893 1174 2927 1159 2969 1148 2982 1172 3122 1208 3163 1259 3187  
 1346 3191 1453 3207 1552 3241 1617 3276 1672 3295 1755 3312 1831 3338  
 1962 3432 2018 3446 2045 3445 2106 3424 2153 3389 2183 3329 2197 3283  
 2192 3245 2180 3217 2158 3193 2153 3184 2164 3150 2145 3109 2130 3056  
 2127 3024 2121 3005 2090 2995 2037 3003 2020 2990 2012 2958 2013 2913  
 2025 2891 2079 2892 2086 2874 2058 2811 2082 2723 2106 2714 2188 2740  
 2202 2773 2212 2821 2246 2841 2235 2870 2219 2872 2225 2902 2232 2907  
 2243 2941 2248 2966 2375 2937 2542 2914 2747 2865 2747 2874 2747 2892  
 2752 2918 2759 2924 2776 2938 2732 2961 2612 2971 2600 2985 2559 3022  
 2604 3096 2688 3230 2649 3288 2645 3270 2590 3216 2524 3246 2596 3412  
 2644 3388 2646 3397 2616 3424 2737 3564 2736 3574 2745 3579 2773 3581  
 2797 3568 2848 3509 2873 3548 2910 3552 2959 3549 2988 3543 3017 3521  
 3048 3493 3064 3466 3065 3374 3062 3344 3042 3306 3052 3291 3066 3302  
 3077 3303 3077 3296 3066 3280 3073 3268 3089 3225 3104 3218 3114 3248  
 3127 3243 3221 3178 3225 3178 3188 3142 3180 3130 3193 3119 3212 3117  
 3233 3129 3252 3151 3258 3171 3301 3230 3327 3277 3331 3286 3346 3320  
 3358 3319 3360 3331 3369 3355 3414 3364 3414 3406 3423 3504 3395 3517  
 3421 3631 3443 3691 3499 3740 3633 3786 3723 3796 3812 3799 3838 3794  
 3860 3773 3924 3728 3997 3683 4045 3646 4070 3613 4088 3573 4092 3552  
 4108 3551 4163 3566 4224 3550 4289 3510 4361 3424 4557 3180 4783 2893  
 4899 2751 4986 2663 5046 2632 5113 2608 5201 2571 5277 2552 5381 2545  
 5491 2545 5596 2553 5728 2575 5799 2584 5847 2596 5876 2612 5908 2646  
 5952 2816 5985 2830 6007 2839 6012 2849 6021 2876 6028 2902 6032 2936  
 6026 2951 6012 2956 5995 2960 5980 2962 5965 2972 5959 2987 5956 3011  
 5959 3029 5960 3042 5962 3059 5961 3080 5965 3116 5970 3137 5973 3155  
 5976 3165 5967 3174 5969 3189 5969 3218 5974 3241 5981 3259 5993 3296  
 6007 3326 6022 3351 6042 3375 6064 3405 6086 3425 6116 3455 6139 3478  
 6168 3505 6208 3534 6234 3561 6243 3583 6247 3633 6261 3679 6275 3703  
 6305 3727 6328 3746 6360 3776 6400 3792 6445 3807 6479 3821 6528 3847  
 6545 3857 6569 3881 6604 3916 6636 3927 6677 3938 6723 3943 6768 3941  
 6821 3923 6851 3901 6879 3863 6843 3816 6893 3806 6892 3864 7012 3841  
 7014 3871 7197 3753 7272 3715 7315 3706 7333 3709 7353 3707 7304 3671  
 7308 3235 8023 3236 8024 3675 8084 3872 8188 3874 8233 3725 8220 3715  
 8132 3699 8153 3491 8252 3288 8271 3233 9181 3638 9142 3695 8986 4373  
 8744 4322 8387 4158 8299 4480 8909 4702 8863 4865 8379 4684 8198 4667  
 8103 4809 8058 5004 8056 5080 8024 5092 8037 5165 8102 5143 8111 5134  
 8110 5123 8110 5109 8111 5087 8114 5077 8119 5068 8130 5055 8137 5046  
 8113 5026 8259 4817 8269 4822 8321 4879 8184 5076 8150 5062 8141 5081  
 8134 5101 8134 5125 8136 5138 8135 5159 8218 5207 8452 5142 8500 4979  
 8634 5024 8625 5058 8599 5087 8791 5184 8794 5200 8776 5244 8678 5248  
 8587 5180 8544 5338 8173 5439 8161 5387 8081 5402 8112 5573 8542 5458  
 8655 5506 8633 5610 8685 5628 8685 5670 8715 5679 8726 5641 8807 5678  
 8842 5584 9018 5897 8815 6068 8646 6011 8334 6093 8364 6172 8528 6129  
 8600 6361 9050 7022 8967 7162 9228 7282 9205 7335 9278 7364 9306 7359  
 9312 7332 9475 7377 9478 7365 9540 7385 9541 7393 9682 7373 9756 7372  
 9803 7389 9867 7422 9908 7437 9973 7450 9997 745310000 7454            
L  1 9    3     9    21    3188888 5206     4                           
    0 3676    010000100001000010000 7454                                
L  1 9    4     9    21    319999988888     4                           
    0 3676    0    010000    010000 7454                                
A  1 5206    1 3292 3066   1                                            
   -1                                                                   
A  199999    2 9317 5024   4                                            
    2   -4    0    1                                                    
A  1 5206    3 4034 4960   2                                            
    3   -2                                                              
H1 2    0   16    0    0   56 0506 0506                                 
L  2 4    1     0    00    00               2                           
 8049 5911 8146 5877                                                    
L  2 3    2     0    00    00               2                           
 8049 5911 8064 5969                                                    
L  2 3    3     1    00    00               3                           
 2247 3188 2290 3123 2326 3114                                          
L  2 3    4     0    00    00              36                           
 2326 3114 2387 3137 2493 3236 2596 3423 2736 3586 2795 3598 2889 3562  
 2985 3554 3010 3542 3078 3469 3079 3347 3103 3291 3242 3167 3296 3242  
 3389 3517 3450 3746 3514 3784 3809 3832 4108 3635 4248 3573 4361 3498  
 4985 2699 5134 2626 5246 2609 5536 2588 5764 2607 5871 2651 5917 2733  
 5934 2857 5926 3066 5962 3292 6153 3548 6233 3749 6555 3905 6647 3979  
 6706 3988                                                              
L  2 2    5     0    00    00               4                           
 8419 9756 8678 9432 8767 9239 8814 9082                                
L  2 2    6     0    00    00              13                           
 8814 9082 8860 9059 9074 8713 9147 8682 9213 8574 9229 8511 9349 8349  
 9345 8291 9298 8228 9279 7860 9357 7743 9318 7699 9409 7544            
L  2 3    7     0    00    00               8                           
 8064 5969 8254 6354 8311 6395 8514 6751 8553 6955 8829 7165 8923 7257  
 9409 7544                                                              
L  2 5    8     0    00    00              11                           
 5004 6265 5448 5965 5757 5750 5942 5350 6041 5264 6287 5164 6423 4749  
 6534 4549 6658 4434 6695 4205 6706 3988                                
L  2 3    9     0    00    00              13                           
 6706 3988 6941 3949 7138 3837 7259 3791 7311 3800 7401 3853 7473 4033  
 7477 4173 7434 4277 7442 4363 7680 4906 7847 4916 8049 5911            
L  2 5   10     0    00    00               5                           
 8419 9756 8438 9576 8709 9257 8736 9136 8814 9082                      
L  2 3   11     0    00    00              32                           
 2247 3188 2224 3260 2138 3427 2025 3455 1950 3442 1779 3329 1654 3305  
 1575 3263 1414 3212 1248 3199 1157 3121 1138 2983 1094 2905  986 2887  
  894 2792  647 2880  631 2930  728 3280  658 3380  618 3494  518 3529  
  378 3461  208 3619  190 3666  189 3767  216 3780  265 3660  298 3662  
  305 3799  261 3837   54 3807    0 3866                                
L  2 3   12     0    00    00               5                           
 9409 7544 9539 7410 9764 7396 9933 746810000 7473                      
L  2 2   13     0    00    00               8                           
 9409 7544 9640 7650 9655 7936 9717 8030 9849 8046 9896 8101 9971 8068  
10000 8147                                                              
L  2 5   14     0    00    00              29                           
 8064 5969 7953 6033 7867 6119 7855 6205 7756 6334 7645 6348 7472 6491  
 7460 6634 7571 6763 7583 7092 7731 7149 7842 7593 7682 7678 7632 7750  
 7595 7979 7423 8150 7423 8293 7620 8451 7632 8680 7780 8765 7768 8851  
 7595 8851 7546 8966 7595 9094 7595 9180 7546 9323 7595 9652 7768 9895  
 785110000                                                              
L  2 2   15     0    00    00               3                           
 819010000 8275 9922 8419 9756                                          
L  2 5   16     0    00    00              44                           
  451 8494  390 8394  414 8322  451 8251  673 8208  747 8036  760 7893  
  698 7764  723 7678  908 7507  883 7378  994 7121 1093 7135 1142 7192  
 1414 7006 1463 6906 1574 6892 1574 7135 1586 7335 1500 7407 1500 7478  
 1636 7607 1920 7607 1944 7678 1907 7779 1957 7864 2117 7907 2265 8022  
 2314 8165 2327 8293 2228 8322 2203 8436 2512 8594 2574 8580 2709 8751  
 3005 8780 3067 8866 3129 9011 3227 9309 3326 9538 3598 9867 3807 9924  
 4165 9967 421010000                                                    
H1 3    0    2    0    0    7 0506 0506                                 
L  3 1    1     0    00    00              28                           
 9793 9410 9716 9435 9636 9429 9567 9403 9482 9339 9416 9221 9405 9092  
 9413 9015 9463 8697 9460 8588 9444 8532 9433 8489 9339 8364 9244 8237  
 9067 7993 8979 7874 8930 7784 8746 7398 8712 7326 8624 7204 8594 7117  
 8594 6998 8577 6814 8547 6728 8389 6479 8391 6482 8320 6320 8134 5768  
L  3 1    2     1    00    00               2                           
10000 9358 9793 9410                                                    
H1 5    0    1    0    0    4 0506 0506                                 
L  5 1    1     0    00    00              18                           
 534110000 5209 9709 4736 9738 4667 9886 4325 9809 3985 9455 3902 9291  
 3921 9091 3842 8838 3735 8673 3465 8642 3258 8870 2957 8709 2942 8643  
 2684 8639 2309 7854 2124 7561 1964 7482                                
H1 7    0    0    0    2    3 0506 0506                                 
P  7 2    1    0 8000 0 1                                               
01 2    0 8000              00  本山                                    
P  752    2 8066 6066 0 0                                               
M 593967船越                  5    5   53    3    1  154                
H2 1    5    7    3    0   45 0506 0506                                 
N  1 2    1 7681 5241 0 3    1    2   -3    0    0    0    0    0    0  
N  1 1    210000 2452 1 3    6   -1   -5    0    0    0    0    0    0  
N  1 2    3 7116 8251 0 2    4   -2    0    0    0    0    0    0    0  
N  1 1    4    0 7454 1 3    7    5    3    0    0    0    0    0    0  
N  1 1    5 733810000 1 3   -6   -7   -4    0    0    0    0    0    0  
L  1 5    1     0    10    21 521199999    21                           
 7681 5241 7794 5120 7985 4937 8061 4847 8276 4614 8434 4431 8514 4349  
 8675 4160 8845 3987 8920 3897 8984 3810 9135 3635 9208 3536 9310 3408  
 9522 3110 9583 3018 9781 2764 9896 2608 9988 2471 9998 246610000 2452  
L  1 3    2     0    10    30 5206 5211    63                           
 7681 5241 7697 5260 7725 5303 7776 5308 7795 5311 7816 5330 7831 5350  
 7879 5381 7925 5424 7961 5461 7988 5477 8008 5505 8051 5544 8085 5565  
 8133 5604 8140 5640 8138 5675 8131 5727 8108 5769 8058 5824 8009 5836  
 7929 5864 7850 5871 7793 5852 7730 5833 7695 5811 7672 5815 7632 5810  
 7616 5825 7641 5862 7669 5887 7684 5904 7687 5917 7656 5924 7619 5922  
 7599 5938 7587 5955 7554 6043 7530 6086 7491 6137 7445 6189 7399 6266  
 7375 6308 7322 6359 7263 6424 7156 6553 7072 6630 7054 6676 7051 6693  
 6978 6749 6951 6782 6919 6836 6845 6944 6814 6981 6780 7045 6741 7126  
 6707 7190 6641 7273 6603 7330 6570 7389 6563 7397 6863 7852 7116 8251  
L  1 5    3     0    41    10 520699999    75                           
    0 7454   15 7449   85 7448  137 7456  233 7512  307 7541  622 7581  
  736 7585  943 7610 1115 7594 1501 7547 1567 7544 1608 7546 1617 7551  
 1642 7600 1664 7743 1671 7757 1712 7781 1726 7786 1719 7808 1727 7835  
 1779 7875 1784 7875 1846 7917 2009 7965 2047 7972 2133 7979 2333 7983  
 2380 7971 2552 7951 2678 7952 2726 7946 2773 7948 2823 7937 2883 7942  
 2931 7928 2985 7938 3021 7927 3076 7926 3140 7912 3190 7911 3242 7900  
 3290 7900 3340 7894 3388 7882 3435 7876 3473 7857 3566 7840 3664 7814  
 3828 7764 3925 7741 4241 7632 4543 7485 4640 7433 4832 7336 5025 7225  
 5134 7159 5461 6980 5549 6922 5644 6853 5812 6716 5842 6683 5866 6650  
 6027 6543 6219 6430 6412 6322 6648 6135 6724 6080 6930 5910 7049 5817  
 7148 5729 7266 5641 7418 5501 7645 5279 7681 5241                      
L  1 3    4     2    30    51 5206 5211     3                           
 7116 8251 7175 8349 733810000                                          
L  1 9    5     9    41    219999988888     4                           
    0 7454    0    010000    010000 2452                                
L  1 9    6     9    21    51 521188888     3                           
10000 24521000010000 733810000                                          
L  1 9    7     9    41    5188888 5206     3                           
    0 7454    010000 733810000                                          
A  199999    1 4419 3995   3                                            
    1   -5    3                                                         
A  1 5211    2 8726 6180   4                                            
    2    4   -6   -1                                                    
A  1 5206    3 5515 7581   4                                            
   -3    7   -4   -2                                                    
H1 2    0   39    0    0   83 0506 0506                                 
L  2 4    1     0    00    00               2                           
10000 5284 9502 5799                                                    
L  2 4    2     0    00    00               2                           
 9272 5504 9365 5626                                                    
L  2 4    3     0    00    00               2                           
 5797 7617 5976 8045                                                    
L  2 4    4     0    00    00               2                           
 5976 8045 6032 8220                                                    
L  2 4    5     0    00    00               2                           
 9502 5799 9444 5860                                                    
L  2 4    6     0    00    00               2                           
 2151 9455 2463 9390                                                    
L  2 2    7     0    00    00               7                           
 2151 9455 2226 9327 2266 9115 2214 8917 2254 8821 2226 8604 2278 8464  
L  2 4    8     0    00    00               2                           
 2278 8464 2324 8159                                                    
L  2 2    9     0    00    00               3                           
 2278 8464 2645 8570 2759 8573                                          
L  2 2   10     0    00    00               3                           
 4448 8296 5298 7972 5797 7617                                          
L  2 2   11     0    00    00               4                           
 5797 7617 7178 6579 7964 5886 8639 5776                                
L  2 3   12     1    00    00               2                           
 1399 7596 1648 7802                                                    
L  2 3   13     0    00    00               6                           
 1648 7802 1699 7875 1847 8012 2148 8391 2205 8435 2278 8464            
L  2 4   14     0    00    00               2                           
 2463 9390 2513 9508                                                    
L  2 5   15     0    00    00               2                           
 2463 9390 2738 9279                                                    
L  2 5   16     0    00    00               2                           
 2738 9279 2759 8573                                                    
L  2 2   17     0    00    00               3                           
 2759 8573 3667 8593 4448 8296                                          
L  2 5   18     0    00    00               2                           
 2738 9279 4521 8591                                                    
L  2 3   19     0    00    00               2                           
 4521 8591 4448 8296                                                    
L  2 5   20     0    00    00               2                           
 4521 8591 5976 8045                                                    
L  2 4   21     0    00    00               3                           
 6578 8079 6368 7761 5976 8045                                          
L  2 4   22     0    00    00               4                           
 7507 7347 7337 7460 7178 7455 6578 8079                                
L  2 5   23     0    00    00               8                           
 7507 7347 7312 7117 7324 7032 7768 6617 7953 6517 8286 6116 8583 5859  
 8639 5776                                                              
L  2 2   24     0    00    00               3                           
 8639 5776 8688 5762 8893 5552                                          
L  2 5   25     0    00    00               7                           
10000 8319 9512 8472 9249 8512 8904 8621 8770 8546 8565 8600 8094 8043  
L  2 5   26     0    00    00               2                           
 8094 8043 7507 7347                                                    
L  2 5   27     0    00    00               3                           
 8094 8043 9400 7163 9970 6675                                          
L  2 4   28     0    00    00               2                           
 9365 5626 9502 5799                                                    
L  2 5   29     0    00    00               3                           
 9365 5626 9080 5782 8893 5552                                          
L  2 2   30     0    00    00               4                           
 8893 5552 9395 5023 9840 449510000 4251                                
L  2 5   31     0    00    00               2                           
 9970 6675 9444 5860                                                    
L  2 5   32     0    00    00               2                           
 9970 667510000 6720                                                    
L  2 5   33     0    00    00               2                           
 9970 667510000 6650                                                    
L  2 4   34     0    00    00               8                           
 9444 5860 9076 6248 8813 6468 8250 6954 8070 6975 7671 7286 7601 7279  
 7507 7347                                                              
L  2 3   35     0    00    00               5                           
    0 7473  120 7482  295 7562  952 7643 1399 7596                      
L  2 2   36     0    00    00              16                           
    0 8147   11 8177   20 8325   39 8349  139 8336  210 8534  363 8710  
  378 8768  423 8754  493 8667  520 8673  544 8763  648 8722  869 9041  
 1460 9667 2151 9455                                                    
L  2 3   37     0    00    00               2                           
 2738 9279 271110000                                                    
L  2 3   38     0    00    00               3                           
 474410000 4725 9419 4521 8591                                          
L  2 5   39     0    00    00               8                           
 6578 8079 6374 8204 6288 8533 5967 8676 5745 9277 5473 9449 5399 9692  
 527010000                                                              
H1 3    0    2    0    0   10 0506 0506                                 
L  3 1    1     0    00    00              44                           
10000 4722 9129 5554 8900 5782 8239 6437 8199 6490 7622 7287 7509 7435  
 7190 7622 7006 7773 6791 7995 6739 8049 6606 8226 6543 8277 6485 8311  
 6441 8319 6356 8309 6300 8304 6007 8243 5820 8197 5707 8193 4586 8607  
 4462 8664 4448 8675 4261 8912 4199 8967 4135 9007 3727 9170 3615 9206  
 2732 9442 2477 9508 1585 9728 1501 9720 1409 9657  818 9008  764 8974  
  752 8964  692 8944  649 8950  590 8957  504 8986  408 9095  252 9275  
   51 9344   22 9352                                                    
L  3 1    2     1    00    00               2                           
   22 9352    0 9358                                                    
H1 5    0    5    0    0   10 0506 0506                                 
L  5 1    1     0    00    00               2                           
 6027 6543 7151 8275                                                    
L  5 2    2     0    00    00               5                           
 667810000 6697 9892 6890 9010 6890 8670 7151 8275                      
L  5 2    3     0    00    00               4                           
 7151 8275 7280 8180 7931 9970 791810000                                
L  5 2    4     0    00    00               6                           
 848610000 8501 9995 9590 9580 9600 9510 9740 956010000 9460            
L  5 1    5     1    00    00               2                           
 7151 8275 727410000                                                    
H1 7    0    0    0    1    1 0506 0506                                 
P  752    1 9355 5700 0 0                                               
M 593975戸賀                  2   16   28   15    0  274                
H2 1   16   18   15    0  241 0506 0506                                 
N  1 1    1 620210000 1 3   13   14  -16    0    0    0    0    0    0  
N  1 1    2 675310000 1 3   17  -13  -15    0    0    0    0    0    0  
N  1 2    3 6584 2085 0 2    1   -1    0    0    0    0    0    0    0  
N  1 2    4 6217 3223 0 2    2   -2    0    0    0    0    0    0    0  
N  1 2    5 6162 3366 0 2    3   -3    0    0    0    0    0    0    0  
N  1 2    6 6516 3064 0 2    4   -4    0    0    0    0    0    0    0  
N  1 2    7 6214 5002 0 2    5   -5    0    0    0    0    0    0    0  
N  1 2    8 6019 4772 0 2    6   -6    0    0    0    0    0    0    0  
N  1 2    9 6206 6344 0 2    7   -7    0    0    0    0    0    0    0  
N  1 2   10 6237 5819 0 2    8   -8    0    0    0    0    0    0    0  
N  1 2   11 5773 8586 0 2    9   -9    0    0    0    0    0    0    0  
N  1 2   12 5721 8957 0 2   10  -10    0    0    0    0    0    0    0  
N  1 2   13 5858 9765 0 2   11  -11    0    0    0    0    0    0    0  
N  1 2   14 5705 9173 0 2   12  -12    0    0    0    0    0    0    0  
N  1 1   15 7316    0 1 3   18  -14   16    0    0    0    0    0    0  
N  1 1   1610000 7011 1 3  -17   15  -18    0    0    0    0    0    0  
L  1 5    1     0    30    30 520699999    10                           
 6584 2085 6596 2098 6636 2118 6636 2148 6624 2156 6606 2158 6574 2133  
 6552 2120 6544 2098 6584 2085                                          
L  1 5    2     0    40    40 520699999    39                           
 6217 3223 6277 3229 6295 3256 6308 3267 6329 3246 6341 3254 6351 3271  
 6363 3268 6375 3257 6389 3268 6405 3287 6410 3309 6408 3314 6408 3331  
 6416 3339 6408 3352 6408 3366 6394 3377 6380 3355 6368 3365 6378 3404  
 6376 3409 6346 3409 6322 3435 6307 3435 6288 3416 6266 3389 6240 3367  
 6238 3342 6242 3343 6226 3313 6222 3291 6224 3288 6236 3291 6264 3308  
 6264 3297 6242 3278 6220 3253 6217 3223                                
L  1 5    3     0    50    50 520699999    17                           
 6162 3366 6172 3366 6211 3429 6247 3470 6245 3489 6231 3502 6209 3507  
 6175 3483 6157 3477 6147 3477 6149 3461 6157 3442 6163 3423 6153 3393  
 6153 3377 6164 3369 6162 3366                                          
L  1 5    4     0    60    60 520699999    10                           
 6516 3064 6538 3061 6564 3110 6562 3121 6532 3143 6514 3134 6496 3102  
 6490 3077 6494 3066 6516 3064                                          
L  1 5    5     0    70    70 520699999    16                           
 6214 5002 6216 5007 6234 5018 6256 5045 6257 5075 6291 5130 6287 5135  
 6273 5135 6247 5124 6235 5105 6231 5080 6199 5069 6186 5045 6186 5023  
 6202 5023 6214 5002                                                    
L  1 5    6     0    80    80 520699999    25                           
 6019 4772 6027 4778 6043 4816 6073 4835 6105 4846 6104 4862 6086 4884  
 6072 4903 6044 4889 6036 4900 6030 4918 6020 4924 6002 4921 5964 4901  
 5946 4885 5944 4866 5956 4842 5970 4839 6010 4867 6022 4867 6020 4848  
 6012 4829 6007 4802 6013 4780 6019 4772                                
L  1 5    7     0    90    90 520699999     9                           
 6206 6344 6228 6333 6258 6331 6282 6337 6288 6345 6286 6356 6228 6371  
 6220 6369 6206 6344                                                    
L  1 5    8     0   100   100 520699999    14                           
 6237 5819 6243 5825 6259 5825 6265 5830 6273 5855 6257 5884 6237 5876  
 6223 5884 6213 5879 6209 5862 6211 5843 6227 5835 6233 5825 6237 5819  
L  1 5    9     0   110   110 520699999    12                           
 5773 8586 5791 8557 5817 8560 5835 8590 5831 8606 5797 8646 5789 8633  
 5799 8606 5805 8598 5799 8587 5783 8589 5773 8586                      
L  1 5   10     0   120   120 520699999    16                           
 5721 8957 5755 8981 5749 8992 5732 9003 5720 9022 5694 9046 5684 9048  
 5662 9026 5654 9013 5648 8991 5652 8969 5665 8961 5691 8962 5711 8976  
 5711 8957 5721 8957                                                    
L  1 5   11     0   130   130 520699999    15                           
 5858 9765 5866 9762 5902 9784 5918 9779 5932 9757 5942 9758 5952 9771  
 5964 9779 5970 9820 5966 9825 5952 9839 5888 9854 5874 9808 5856 9776  
 5858 9765                                                              
L  1 5   12     0   140   140 520699999    16                           
 5705 9173 5707 9170 5723 9168 5737 9182 5749 9187 5769 9225 5791 9250  
 5785 9258 5763 9255 5735 9265 5729 9255 5719 9233 5721 9219 5719 9206  
 5705 9192 5705 9173                                                    
L  1 9   13     9    11    2188888 5206     2                           
 620210000 675310000                                                    
L  1 5   14     0    11   151 520699999   799                           
 620210000 6188 9966 6180 9974 6160 9982 6146 9968 6150 9955 6138 9952  
 6126 9938 6126 9933 6136 9933 6146 9925 6146 9922 6128 9916 6124 9900  
 6136 9884 6130 9876 6106 9854 6092 9854 6072 9829 6032 9802 6031 9785  
 6041 9756 6025 9720 5997 9728 5981 9717 5983 9704 6005 9690 6011 9682  
 5961 9636 5924 9552 5884 9521 5882 9508 5908 9508 5934 9514 5950 9511  
 5930 9487 5946 9495 5972 9495 5984 9498 5960 9468 5962 9460 6002 9455  
 5990 9444 5985 9422 5997 9420 6035 9434 6057 9426 6039 9415 6005 9406  
 5971 9390 5957 9376 6009 9379 6019 9374 6003 9311 6015 9301 6048 9282  
 6070 9258 6084 9231 6086 9201 6058 9166 6032 9163 5990 9144 5918 9135  
 5868 9134 5856 9164 5842 9180 5836 9201 5817 9207 5811 9207 5799 9228  
 5793 9228 5775 9217 5738 9160 5706 9135 5698 9113 5710 9081 5740 9062  
 5778 9049 5770 9030 5779 9020 5797 9022 5801 9020 5795 8982 5799 8974  
 5803 8976 5831 9020 5853 9012 5839 8982 5851 8974 5871 8999 5909 8999  
 5903 8964 5909 8964 5943 8997 5969 8989 5973 8978 5966 8924 5940 8891  
 5928 8845 5938 8807 5950 8770 5936 8759 5932 8759 5907 8737 5905 8726  
 5919 8718 5943 8718 5945 8707 5917 8661 5911 8658 5861 8682 5837 8679  
 5831 8660 5847 8633 5889 8596 5896 8571 5877 8577 5859 8576 5858 8555  
 5839 8557 5835 8552 5838 8522 5834 8492 5840 8419 5819 8373 5797 8348  
 5787 8343 5783 8337 5817 8346 5845 8349 5845 8289 5845 8287 5867 8303  
 5883 8311 5885 8287 5885 8263 5915 8271 5921 8266 5919 8258 5904 8244  
 5896 8228 5932 8228 5954 8217 5948 8209 5934 8179 5964 8169 5986 8153  
 6020 8140 6049 8134 6057 8124 6063 8102 6065 8051 6036 7926 6022 7888  
 6054 7883 6090 7832 6097 7802 6077 7758 6071 7753 6043 7764 6029 7774  
 6015 7774 6011 7750 5981 7776 5944 7792 5930 7776 5933 7757 5927 7733  
 5929 7730 5953 7730 5953 7714 5965 7682 5981 7674 5961 7665 5949 7643  
 5967 7638 5959 7635 5953 7625 5966 7581 5964 7576 5956 7581 5942 7559  
 5934 7559 5914 7573 5894 7578 5888 7575 5886 7567 5890 7548 5854 7537  
 5850 7499 5878 7453 5850 7439 5836 7426 5828 7415 5844 7396 5849 7391  
 5833 7358 5837 7326 5811 7314 5799 7293 5799 7266 5815 7263 5829 7252  
 5829 7244 5799 7233 5795 7228 5800 7203 5820 7201 5838 7217 5856 7228  
 5860 7226 5852 7207 5846 7185 5860 7190 5886 7210 5884 7191 5894 7180  
 5920 7188 5920 7134 5918 7121 5942 7107 5958 7121 6001 7122 6007 7111  
 6001 7081 5991 7056 6005 7040 5997 7027 6003 7013 6023 7008 5997 6970  
 6022 6962 6049 6987 6080 6976 6094 6974 6118 6963 6138 6966 6142 6925  
 6160 6920 6166 6923 6174 6910 6160 6896 6152 6866 6143 6852 6153 6833  
 6185 6809 6193 6837 6235 6848 6255 6883 6279 6875 6353 6844 6381 6822  
 6419 6812 6424 6785 6426 6742 6422 6720 6416 6714 6410 6722 6396 6720  
 6392 6714 6386 6695 6372 6681 6376 6663 6392 6636 6376 6619 6339 6559  
 6353 6546 6333 6513 6333 6500 6353 6513 6365 6514 6365 6508 6345 6489  
 6271 6467 6267 6464 6265 6450 6285 6445 6331 6459 6335 6456 6323 6437  
 6303 6421 6311 6424 6322 6413 6330 6389 6340 6378 6348 6381 6372 6381  
 6390 6379 6378 6354 6370 6319 6372 6308 6394 6300 6400 6300 6426 6322  
 6475 6274 6473 6233 6439 6190 6423 6184 6411 6195 6399 6216 6395 6219  
 6379 6197 6377 6154 6353 6134 6299 6145 6279 6139 6277 6131 6301 6123  
 6323 6113 6333 6105 6321 6099 6299 6093 6288 6080 6330 6064 6334 6056  
 6314 6053 6304 6045 6308 6031 6318 6023 6330 6031 6342 6032 6342 6015  
 6338 6004 6350 5996 6366 6002 6378 5986 6376 5980 6354 5975 6346 5961  
 6346 5950 6355 5929 6375 5934 6381 5921 6369 5888 6357 5883 6347 5891  
 6325 5896 6301 5893 6285 5890 6281 5879 6293 5852 6299 5833 6313 5831  
 6331 5847 6359 5850 6353 5837 6333 5820 6333 5785 6347 5783 6363 5796  
 6383 5799 6370 5721 6370 5707 6420 5713 6430 5710 6420 5667 6431 5626  
 6437 5618 6467 5643 6485 5641 6495 5616 6499 5584 6451 5524 6441 5516  
 6419 5477 6419 5472 6444 5475 6484 5473 6494 5438 6456 5394 6466 5375  
 6450 5356 6473 5286 6473 5256 6427 5237 6417 5223 6427 5204 6411 5174  
 6387 5163 6388 5122 6390 5095 6414 5093 6412 5077 6396 5074 6388 5066  
 6376 5025 6440 4993 6463 4969 6463 4912 6493 4899 6513 4913 6579 4997  
 6633 4992 6693 4963 6717 4926 6726 4899 6738 4866 6764 4831 6774 4783  
 6773 4723 6775 4696 6789 4664 6797 4623 6794 4583 6788 4561 6796 4556  
 6812 4556 6818 4548 6812 4537 6796 4526 6792 4515 6804 4493 6780 4496  
 6772 4482 6772 4463 6778 4450 6800 4456 6831 4450 6851 4445 6871 4432  
 6899 4432 6909 4419 6931 4405 6951 4419 6981 4430 6989 4436 7007 4466  
 7023 4515 7038 4542 7056 4550 7058 4558 7050 4604 7058 4653 7092 4721  
 7137 4754 7099 4765 7117 4841 7137 4838 7177 4943 7200 4958 7226 4958  
 7244 4936 7267 4938 7301 4940 7330 4943 7345 4933 7429 4952 7489 4928  
 7562 4889 7672 4811 7711 4771 7856 4572 7885 4513 7901 4462 7942 4238  
 7957 4124 7966 3924 7963 3732 7950 3612 7936 3536 7909 3441 7846 3286  
 7816 3237 7780 3196 7716 3150 7702 3142 7676 3152 7644 3176 7610 3189  
 7566 3183 7544 3178 7526 3188 7504 3191 7482 3177 7476 3169 7454 3155  
 7432 3155 7433 3185 7393 3173 7361 3178 7335 3165 7297 3186 7287 3210  
 7293 3221 7293 3232 7285 3243 7251 3253 7215 3255 7182 3266 7166 3285  
 7150 3287 7128 3271 7104 3276 7098 3276 7066 3308 7052 3321 7042 3294  
 7020 3289 7018 3280 7014 3232 7006 3207 6943 3117 6907 3079 6851 3097  
 6815 3081 6775 3034 6753 3029 6745 3034 6657 3030 6654 3060 6616 3084  
 6602 3114 6594 3116 6568 3094 6554 3051 6530 3018 6537 3010 6557 3018  
 6571 3010 6571 3002 6541 2980 6513 2950 6507 2931 6525 2926 6513 2891  
 6525 2872 6600 2870 6598 2848 6556 2823 6532 2818 6502 2790 6470 2771  
 6416 2776 6400 2757 6422 2743 6404 2727 6404 2719 6424 2706 6420 2695  
 6396 2684 6376 2665 6374 2656 6386 2654 6434 2657 6476 2703 6490 2695  
 6528 2715 6556 2734 6553 2677 6587 2683 6593 2672 6587 2653 6593 2651  
 6649 2648 6669 2635 6673 2576 6677 2570 6674 2551 6648 2537 6654 2521  
 6676 2500 6686 2497 6680 2481 6700 2484 6702 2465 6676 2454 6648 2424  
 6644 2410 6650 2405 6700 2446 6704 2419 6710 2414 6741 2417 6741 2409  
 6721 2362 6749 2344 6761 2328 6749 2308 6751 2292 6711 2303 6693 2275  
 6665 2272 6637 2259 6629 2240 6644 2204 6646 2180 6674 2156 6684 2116  
 6674 2094 6660 2080 6595 2036 6591 2025 6617 1998 6627 1999 6635 1988  
 6663 1999 6675 1991 6671 1977 6691 1975 6697 1967 6709 1970 6721 1964  
 6721 1956 6707 1945 6701 1934 6705 1934 6721 1927 6721 1921 6701 1910  
 6696 1888 6704 1894 6728 1897 6722 1875 6686 1834 6668 1823 6646 1734  
 6645 1712 6617 1676 6611 1663 6633 1677 6639 1696 6649 1698 6651 1677  
 6657 1677 6713 1710 6727 1667 6743 1659 6745 1661 6731 1605 6733 1599  
 6741 1605 6755 1621 6775 1621 6785 1632 6812 1611 6814 1603 6818 1540  
 6800 1500 6778 1470 6786 1478 6800 1470 6808 1454 6813 1424 6849 1422  
 6851 1416 6835 1389 6853 1387 6847 1359 6829 1332 6823 1327 6799 1335  
 6767 1334 6763 1326 6775 1315 6771 1286 6783 1286 6798 1267 6794 1256  
 6775 1269 6755 1272 6747 1277 6727 1280 6713 1266 6700 1236 6692 1225  
 6680 1198 6726 1166 6738 1166 6756 1193 6760 1191 6760 1180 6742 1166  
 6746 1147 6736 1128 6721 1031 6737 1025 6757 1034 6773 1045 6787 1050  
 6819 1051 6819 1021 6809 1015 6827 1018 6853 1048 6885 1043 6909 1016  
 6945 1014 6981 1031 6981 1017 6972  976 7006  961 7022  966 7026  958  
 7060  948 7112  916 7141  881 7157  830 7149  781 7143  754 7129  729  
 7092  691 7072  682 7060  647 7038  636 7012  644 6972  635 6942  611  
 6964  608 6968  611 6970  592 6962  584 6962  576 6976  573 6980  570  
 6972  560 6946  540 6936  529 6938  524 6956  527 6980  541 6976  533  
 6960  524 6952  516 6952  503 6968  505 6971  497 6955  473 6951  456  
 6975  459 6985  465 7001  460 7015  465 7005  438 7013  438 7051  460  
 7019  425 7059  444 7077  455 7069  423 7037  398 7005  360 7013  365  
 7019  360 6990  322 7002  324 7023  352 7074  366 7071  371 7073  387  
 7109  418 7131  442 7145  453 7153  437 7114  363 7116  353 7126  353  
 7160  391 7169  421 7181  424 7195  416 7164  388 7180  372 7182  343  
 7170  294 7166  267 7184  272 7188  261 7166  231 7151  180 7173  188  
 7193  218 7213  232 7217  248 7228  254 7225  221 7293  244 7295  244  
 7283  211 7277  178 7259  151 7249  127 7277  141 7293  160 7309  190  
 7313  184 7309  141 7296  103 7302   81 7316  109 7335  133 7343  133  
 7338  106 7318   73 7302   52 7304   38 7324   44 7344   41 7322   14  
 7316    0                                                              
L  1 5   15     0   161    21 520699999   149                           
10000 7011 9999 7006 9834 7029 9744 7052 9682 7063 9656 7073 9646 7084  
 9646 7087 9607 7119 9595 7127 9595 7156 9585 7167 9571 7145 9565 7145  
 9456 7223 9406 7244 9376 7262 9350 7286 9327 7340 9327 7359 9299 7413  
 9277 7435 9279 7445 9268 7475 9250 7496 9240 7502 9238 7518 9216 7542  
 9196 7555 9161 7596 9123 7625 9097 7649 9059 7706 9022 7730 9012 7746  
 9000 7746 8980 7716 8970 7707 8948 7699 8938 7680 8945 7635 8944 7638  
 8938 7631 8927 7627 8921 7622 8902 7579 8885 7547 8874 7519 8845 7552  
 8831 7554 8793 7521 8763 7505 8741 7497 8717 7515 8689 7523 8659 7509  
 8619 7471 8607 7452 8451 7420 8429 7423 8392 7444 8368 7430 8356 7430  
 8334 7438 8312 7457 8282 7513 8248 7486 8238 7472 8176 7461 8158 7466  
 8146 7480 8127 7520 8099 7541 8075 7565 8016 7665 7956 7743 7901 7799  
 7857 7874 7843 7866 7822 7912 7800 7939 7744 7973 7721 8003 7727 8060  
 7705 8073 7685 8076 7679 8103 7616 8148 7606 8167 7580 8164 7556 8169  
 7550 8174 7538 8201 7536 8234 7521 8263 7499 8298 7462 8414 7444 8525  
 7415 8582 7385 8660 7348 8795 7332 8811 7328 8824 7325 8881 7313 8887  
 7295 8878 7279 8921 7276 9005 7268 9035 7268 9070 7254 9102 7232 9116  
 7207 9178 7193 9191 7189 9232 7179 9251 7167 9253 7158 9277 7144 9283  
 7110 9307 7090 9355 7072 9382 7060 9387 7053 9417 7039 9417 7031 9444  
 7023 9452 7009 9444 6971 9484 6961 9508 6962 9533 6950 9549 6942 9551  
 6924 9570 6908 9578 6892 9581 6864 9610 6837 9645 6838 9650 6846 9680  
 6851 9670 6889 9671 6894 9705 6901 9719 6827 9712 6833 9731 6817 9791  
 6776 9934 675310000                                                    
L  1 9   16     9   151    118888899999     4                           
 7316    0    0    0    010000 620210000                                
L  1 9   17     9    21   1618888899999     3                           
 675310000100001000010000 7011                                          
L  1 9   18     9   151   161 520688888     3                           
 7316    010000    010000 7011                                          
A  1 5206    1 8206 5078   4                                            
   13  -15  -18  -14                                                    
A  199999    2 6323 4923  26                                            
   14   16    0   12    0   11    0   10    0    9    0    8    0    7  
    0    6    0    5    0    4    0    3    0    2    0    1            
A  199999    3 8726 8470   2                                            
   17   15                                                              
A  1 5206    4 6594 2120   1                                            
   -1                                                                   
A  1 5206    5 6321 3328   1                                            
   -2                                                                   
A  1 5206    6 6188 3436   1                                            
   -3                                                                   
A  1 5206    7 6528 3102   1                                            
   -4                                                                   
A  1 5206    8 6228 5069   1                                            
   -5                                                                   
A  1 5206    9 6062 4848   1                                            
   -6                                                                   
A  1 5206   10 6248 6351   1                                            
   -7                                                                   
A  1 5206   11 6241 5852   1                                            
   -8                                                                   
A  1 5206   12 5818 8601   1                                            
   -9                                                                   
A  1 5206   13 5692 9002   1                                            
  -10                                                                   
A  1 5206   14 5920 9804   1                                            
  -11                                                                   
A  1 5206   15 5742 9216   1                                            
  -12                                                                   
H1 2    0   10    0    0   31 0506 0506                                 
L  2 3    1     0    00    00              20                           
 9353 6573 9355 6694 9208 7100 9161 7139 9109 7152 8577 7058 8148 7395  
 7682 7960 7516 8117 7417 8300 7306 8686 7257 8800 7192 9081 7122 9190  
 6954 9290 6714 9590 6685 9717 6705 9837 6701 9916 664410000            
L  2 3    2     0    00    00               5                           
 9718 6170 9666 6189 9589 6189 9502 6224 9458 6260                      
L  2 3    3     0    00    00               4                           
 9458 6260 9392 6337 9351 6509 9353 6573                                
L  2 4    4     0    00    00              28                           
 8361 5432 8326 5475 8197 5515 8147 5620 7943 5551 7899 5549 7835 5621  
 7771 5840 7476 5966 7245 6101 7178 6097 6981 5977 6926 6000 6852 6106  
 6756 6145 6704 6247 6732 6458 6621 6451 6576 6805 6261 7328 6197 7871  
 6131 8091 5957 8529 6126 8867 6213 9195 6079 9566 6083 9610 636210000  
L  2 3    5     0    00    00              10                           
 8361 5432 8542 5524 8600 5681 8598 5836 8625 5903 8772 6051 8882 6096  
 9197 5964 9360 6076 9458 6260                                          
L  2 5    6     0    00    00               7                           
 9458 6260 9484 6283 9529 6294 9547 6354 9532 6423 9384 6569 9353 6573  
L  2 3    7     0    00    00              35                           
 7530    0 7385  257 7379  412 7239  581 7293 1121 7053 1294 7018 1487  
 6947 1564 6986 1803 6808 2100 6813 2183 6874 2276 6791 2689 6736 2764  
 6695 2922 6665 2928 6660 2812 6614 2934 6662 2987 6933 3054 7077 3244  
 7364 3111 7728 3097 7802 3134 7885 3261 7982 3530 8002 3812 7956 4386  
 7895 4562 7740 4825 7743 4885 7850 4964 7964 5190 8028 5262 8361 5432  
L  2 4    8     0    00    00              12                           
10000 4070 9606 3807 9600 3536 9308 3633 9064 3573 8911 4307 8944 4630  
 8724 4829 8605 5042 8567 5148 8434 5242 8361 5432                      
L  2 5    9     0    00    00               7                           
10000 5617 9954 5638 9824 5761 9817 5814 9753 5895 9755 6064 9718 6170  
L  2 3   10     0    00    00               4                           
10000 5964 9998 5965 9778 6141 9718 6170                                
M 593976北浦                  4    2   34    2    1  118                
H2 1    2    3    2    0   32 0506 0506                                 
N  1 1    110000 8294 1 3    1   -3   -2    0    0    0    0    0    0  
N  1 1    2    0 7011 1 3    2    3   -1    0    0    0    0    0    0  
L  1 5    1     0    11    21 520699999   145                           
10000 8294 9999 8286 9986 8269 9942 8221 9796 8049 9747 7998 9663 7891  
 9591 7810 9453 7665 9312 7540 9198 7416 9114 7336 8956 7175 8872 7100  
 8685 6923 8623 6875 8561 6802 8423 6687 8357 6636 8281 6591 8204 6521  
 8125 6441 8044 6376 7962 6299 7750 6117 7632 6039 7462 5911 7364 5847  
 7270 5777 7019 5606 6903 5534 6741 5424 6613 5347 6607 5344 6593 5344  
 6566 5348 6521 5351 6477 5330 6422 5303 6370 5283 6335 5291 6286 5237  
 6237 5227 6199 5211 6157 5150 6127 5144 6098 5142 6052 5110 5997 5084  
 5952 5061 5927 5025 5879 5020 5815 5006 5781 4974 5746 4911 5737 4890  
 5445 4759 5317 4716 5219 4674 5189 4658 5123 4642 5052 4632 5035 4624  
 4846 4577 4549 4520 4471 4518 4456 4510 4377 4486 4265 4476 4191 4493  
 4103 4507 3974 4568 3881 4595 3881 4601 3774 4592 3771 4635 3805 4710  
 3669 4763 3666 4747 3619 4766 3622 4785 3141 4987 3065 5197 3065 5218  
 3139 5272 3093 5299 3053 5278 3012 5383 3045 5406 3003 5507 2978 5497  
 2940 5614 2928 5682 2902 5752 2860 5818 2795 5886 2709 5924 2621 5947  
 2584 5952 2469 5956 2362 5970 2242 6028 2169 6048 2093 6062 2063 6076  
 1993 6100 1944 6104 1910 6142 1878 6207 1869 6237 1850 6329 1833 6364  
 1857 6394 1821 6413 1806 6405 1762 6473 1719 6524 1541 6656 1484 6680  
 1416 6695 1333 6722 1247 6739 1162 6761 1091 6792 1012 6806  888 6845  
  824 6878  758 6905  665 6917  587 6915  525 6883  459 6864  442 6865  
  420 6851  403 6900  386 6906  374 6914  313 6939  300 6947  264 6958  
  234 6958  178 6978   65 7000   51 7006    0 7011                      
L  1 9    2     9    21    118888899999     4                           
    0 7011    010000100001000010000 8294                                
L  1 9    3     9    21    11 520688888     4                           
    0 7011    0    010000    010000 8294                                
A  199999    1 4962 6394   2                                            
    1    2                                                              
A  1 5206    2 9024 6380   2                                            
   -3   -1                                                              
H1 2    0   30    0    0   71 0506 0506                                 
L  2 2    1     0    00    00              15                           
 7134 1953 7219 1898 7099 1572 7165  812 7240  708 7236  614 7267  475  
 7306  407 7471  329 7575  383 7612  340 7616  241 7694  205 7774   69  
 7904   68                                                              
L  2 3    2     0    00    00               5                           
 1277 5851 1479 5779 1661 5841 2037 5788 2134 5538                      
L  2 2    3     0    00    00               6                           
 5123 4137 5595 3325 5535 3231 5746 3177 5849 3031 5884 2848            
L  2 3    4     0    00    00               3                           
  698 5803 1163 5875 1277 5851                                          
L  2 3    5     0    00    00               3                           
  698 5803  456 5769  374 5805                                          
L  2 5    6     0    00    00               4                           
  374 5805  464 5958  692 5847  698 5803                                
L  2 3    7     0    00    00               2                           
 2934 4376 3217 4410                                                    
L  2 3    8     0    00    00               4                           
 2934 4376 3048 4268 3152 4244 3384 4244                                
L  2 3    9     0    00    00               7                           
 3897 4231 4019 4297 4421 4187 4525 4297 4876 4215 5040 4269 5123 4137  
L  2 2   10     0    00    00              20                           
 8983 6585 8845 6596 8607 6415 8532 6156 8249 5874 8120 5561 7723 5370  
 7497 5621 7414 5651 7031 5561 6844 5423 6783 5335 6704 5381 6191 5080  
 5946 4887 5812 4882 5615 4770 5459 4503 5176 4289 5123 4137            
L  2 3   11     0    00    00               3                           
 2134 5538 2374 4920 2820 4487                                          
L  2 5   12     0    00    00               7                           
 2134 5538 2364 5502 2722 5502 2771 5345 2845 5231 2907 5030 3217 4410  
L  2 3   13     0    00    00               5                           
 3217 4410 3348 4426 3558 4329 3755 4417 3897 4231                      
L  2 5   14     0    00    00               2                           
 3217 4410 3384 4244                                                    
L  2 3   15     0    00    00               6                           
 3384 4244 3484 4223 3673 4153 3740 4144 3819 4161 3897 4231            
L  2 5   16     0    00    00              10                           
 1673  940 1747 1340 1981 1469 2142 1626 2240 2084 2351 2685 2759 3586  
 2882 3757 2857 4187 2820 4487                                          
L  2 3   17     0    00    00               2                           
 2820 4487 2934 4376                                                    
L  2 2   18     0    00    00               5                           
 5884 2848 5942 2550 6124 2174 6943 2075 7134 1953                      
L  2 5   19     0    00    00               2                           
 7851    0 7904   68                                                    
L  2 2   20     0    00    00               4                           
 7904   68 8074   66 8167   21 8190    0                                
L  2 5   21     0    00    00              15                           
 4210    0 4301   67 4338  353 4400  425 4585  425 4733  568 4930  639  
 5017  725 5350 1140 5374 1626 5597 1941 5745 2027 5806 2141 5794 2785  
 5884 2848                                                              
L  2 4   22     0    00    00              11                           
 1277 5851 1248 5667 1223 5626 1104 5535 1001 5419  727 5190  609 5057  
  536 4783  309 4565  299 4346    0 4070                                
L  2 5   23     0    00    00               6                           
  374 5805  256 5693  201 5679  105 5617   32 5602    0 5617            
L  2 3   24     0    00    00               3                           
  374 5805  160 5918    0 5964                                          
L  2 2   25     0    00    00               4                           
10000 6165 9855 6346 9467 6547 8983 6585                                
L  2 3   26     0    00    00              25                           
 7134 1953 7227 2102 7403 2133 7801 1795 7991 1786 8144 1888 8221 1884  
 8335 1748 8766 1587 9000 1707 9128 1634 9263 1608 9270 1654 9141 1706  
 9157 1960 9211 2177 9241 2379 9274 2405 9406 2405 9468 2388 9515 2401  
 9663 2614 9687 2625 9840 255210000 2226                                
L  2 3   27     0    00    00               3                           
10000 2161 9913 177210000 1725                                          
L  2 3   28     0    00    00               4                           
10000 1681 9956 1697 9955 165610000 1637                                
L  2 5   29     0    00    00               6                           
 8983 6585 9469 7350 9654 7479 9728 7765 9926 798010000 8010            
L  2 2   30     0    00    00               4                           
10000 7757 9982 7705 9943 744410000 7251                                
H1 5    0    1    0    0    9 0506 0506                                 
L  5 1    1     0    00    00              51                           
 6052 5110 6125 4904 6064 4837 5849 4851 5777 4736 5938 4673 5936 4471  
 6035 4421 6301 4399 6420 4069 6547 4128 6587 3971 6816 4020 6697 3860  
 6761 3822 6678 3544 6474 3329 6262 3349 5869 3086 6045 2955 6063 2625  
 5968 2539 6109 2374 5938 2066 6000 1927 6151 2059 6214 2015 6342 2049  
 6353 1941 6480 2042 6712 1992 6958 2050 7026 1923 7149 1951 7056 1451  
 6961 1426 6876 1236 6808 1304 6684 1113 6579 1267 6456 1126 6493  967  
 6308 1047 6029  951 6023  822 5879  848 5748  524 5487  301 5528  131  
 5408  100 5341    0                                                    
H1 7    0    0    0    1    2 0506 0506                                 
P  7 1    1 6444  321 0 1                                               
01 3 6444  321              00  男鹿市                                  
M 593977寒風山                4    7   69    4    1  175                
H2 1    7   10    4    0   41 0506 0506                                 
N  1 1    1 134010000 1 3    4    6   -8    0    0    0    0    0    0  
N  1 1    2 574010000 1 3    5   -4   -1    0    0    0    0    0    0  
N  1 2    3 8386 1000 0 3    1    2   -3    0    0    0    0    0    0  
N  1 2    4 7384  479 0 2   -2   -7    0    0    0    0    0    0    0  
N  1 1    510000  479 1 3   -5    3   -9    0    0    0    0    0    0  
N  1 1    6    0 8294 1 3   -6    8  -10    0    0    0    0    0    0  
N  1 1    7 7338    0 1 3    9    7   10    0    0    0    0    0    0  
L  1 3    1     0    30    21 5206 5368    33                           
 8386 1000 6250 2586 6193 2643 6165 2673 6127 2701 6089 2737 6035 2808  
 6016 2827 5902 2896 5855 2929 5621 3140 5545 3217 5263 3428 4621 3855  
 4452 3973 4398 3998 4351 4064 4318 4118 4088 4595 4072 4647 4067 4731  
 4354 5839 4374 5926 4415 6066 4443 6193 4455 6269 4492 6437 4585 6799  
 4946 8497 5164 9080 5699 9825 5734 9993 574010000                      
L  1 3    2     2    30    40 5211 5206     2                           
 8386 1000 7384  479                                                    
L  1 3    3     0    51    30 5211 5368     2                           
10000  479 8386 1000                                                    
L  1 9    4     9    11    2188888 5206     2                           
 134010000 574010000                                                    
L  1 9    5     9    21    5188888 5368     3                           
 574010000100001000010000  479                                          
L  1 5    6     0    11    61 520699999    18                           
 134010000 1332 9994 1322 9975 1317 9967 1274 9894 1216 9810 1122 9687  
  985 9488  855 9335  795 9246  725 9152  646 9055  430 8775  329 8657  
  235 8558  115 8421   67 8372    0 8294                                
L  1 3    7     2    71    40 5206 5211     2                           
 7338    0 7384  479                                                    
L  1 9    8     9    61    118888899999     3                           
    0 8294    010000 134010000                                          
L  1 9    9     9    71    51 521188888     3                           
 7338    010000    010000  479                                          
L  1 9   10     9    71    6188888 5206     3                           
 7338    0    0    0    0 8294                                          
A  1 5206    1 2062 4950   6                                            
    4   -1    2   -7   10   -6                                          
A  199999    2  361 9148   2                                            
    6    8                                                              
A  1 5368    3 7105 5280   3                                            
    5    3    1                                                         
A  1 5211    4 8692  470   4                                            
   -3   -9    7   -2                                                    
H1 2    0   52    0    0  113 0506 0506                                 
L  2 2    1     0    00    00               5                           
 224210000 1920 9453 1492 9299 1216 8916 1176 8765                      
L  2 3    2     0    00    00               2                           
 605710000 5980 9665                                                    
L  2 4    3     0    00    00               2                           
 5974 8607 7694 8634                                                    
L  2 3    4     0    00    00               2                           
 5974 8607 5929 6445                                                    
L  2 4    5     0    00    00               6                           
 3382 4738 3384 4525 3649 4017 3831 3485 4247 2595 4405 2290            
L  2 4    6     0    00    00               2                           
 3677 6492 4523 6192                                                    
L  2 3    7     0    00    00               2                           
 5929 6445 5949 5169                                                    
L  2 4    8     0    00    00              15                           
  374 6228  491 6114 1027 5875 1141 5668 1267 5762 1396 6149 1464 6158  
 1677 6097 1970 5945 2053 5616 2211 5390 2385 5070 2740 5030 2762 4889  
 2866 4760                                                              
L  2 3    9     0    00    00               2                           
 2866 4760 3382 4738                                                    
L  2 3   10     0    00    00               6                           
 3382 4738 3403 5003 3502 5454 3462 5672 3585 6006 3677 6492            
L  2 3   11     0    00    00               8                           
 3677 6492 3720 6707 3763 7121 3992 7445 4031 7790 4418 8439 4712 9280  
 503010000                                                              
L  2 3   12     0    00    00              11                           
 2387  590 2362  871 2423  995 2410 1073 2460 1302 2503 1409 2503 1566  
 2562 1684 2657 1738 2601 2159 2608 2610                                
L  2 3   13     0    00    00               2                           
 5980 9665 5974 8607                                                    
L  2 5   14     0    00    00               5                           
 5980 9665 5374 8995 5313 8881 5066 8051 4564 6405                      
L  2 4   15     0    00    00               2                           
 4564 6405 5929 6445                                                    
L  2 4   16     0    00    00               2                           
 4523 6192 4564 6405                                                    
L  2 5   17     0    00    00               2                           
 4523 6192 4305 5161                                                    
L  2 3   18     0    00    00               2                           
 5946 3091 5940 2688                                                    
L  2 5   19     0    00    00               6                           
 4305 5161 4273 4832 4267 4670 4523 4118 5634 3374 5946 3091            
L  2 5   20     0    00    00               2                           
 4305 5161 5949 5169                                                    
L  2 3   21     0    00    00               2                           
 5949 5169 5946 3091                                                    
L  2 5   22     0    00    00               3                           
 5949 5169 7595 5190 7833 5430                                          
L  2 5   23     0    00    00               2                           
 768210000 7694 8634                                                    
L  2 4   24     0    00    00               2                           
 7694 863410000 8650                                                    
L  2 5   25     0    00    00               3                           
 7694 8634 7694 5634 7833 5430                                          
L  2 5   26     0    00    00               2                           
10000 1677 9162 1915                                                    
L  2 5   27     0    00    00               2                           
 8032 5136 9693 2687                                                    
L  2 5   28     0    00    00               2                           
 7833 5430 8032 5136                                                    
L  2 5   29     0    00    00               2                           
10000 7082 8774 5856                                                    
L  2 5   30     0    00    00               2                           
10000 4104 8774 5856                                                    
L  2 5   31     0    00    00               2                           
 8774 5856 8032 5136                                                    
L  2 5   32     0    00    00               2                           
 9693 268710000 2980                                                    
L  2 5   33     0    00    00               3                           
 9693 2687 9249 2244 9162 1915                                          
L  2 5   34     0    00    00               2                           
 9162 1915 6300 2759                                                    
L  2 5   35     0    00    00               5                           
 6300 2759 6226 3245 6251 3445 6436 3674 8032 5136                      
L  2 5   36     0    00    00               4                           
 6300 2759 6136 2651 6088 2710 5940 2688                                
L  2 3   37     0    00    00               4                           
 5940 2688 5927 2592 5880 2424 5234 1209                                
L  2 5   38     0    00    00               4                           
 5940 2688 5621 2659 4918 2358 4496 2114                                
L  2 4   39     0    00    00               4                           
 4496 2114 4716 1683 4991 1540 5234 1209                                
L  2 4   40     0    00    00               2                           
 4405 2290 4496 2114                                                    
L  2 5   41     0    00    00               6                           
 4405 2290 4289 2201 3166 2530 2907 2458 2759 2458 2608 2610            
L  2 3   42     0    00    00              12                           
 2608 2610 2692 2938 2663 3438 2712 3546 2700 3667 2737 3824 2660 3906  
 2669 4103 2749 4253 2694 4460 2817 4603 2866 4760                      
L  2 3   43     0    00    00               4                           
 2711    0 2680  251 2416  473 2387  590                                
L  2 3   44     0    00    00               3                           
 5234 1209 4754  327 4744    0                                          
L  2 5   45     0    00    00               7                           
 5270    0 5214  135 5177  393 5214  607 5313  908 5313 1065 5234 1209  
L  2 2   46     0    00    00               3                           
  374 6228   16 6145    0 6165                                          
L  2 3   47     0    00    00               3                           
    0 2226   10 2206    0 2161                                          
L  2 3   48     0    00    00               4                           
    0 1725   69 1688   70 1655    0 1681                                
L  2 3   49     0    00    00              26                           
    0 1637   51 1615  105 1510   52 1304  252 1101  158 1023  169 1003  
  408  945  555  965  690 1146  727 1235  829 1364  839 1517  829 1745  
  957 1798 1194 1998 1217 1972 1202 1744 1350 1609 1504 1416 1621 1352  
 2065  973 2139  859 2292  876 2306  662 2387  590                      
L  2 5   50     0    00    00               6                           
    0 8010  382 8165  629 8537  802 8537  925 8680 1176 8765            
L  2 2   51     0    00    00              11                           
 1176 8765 1093 8452  821 8237  611 8232  504 8001  454 7971  379 7958  
  303 7875  157 7807   16 7804    0 7757                                
L  2 2   52     0    00    00               6                           
    0 7251   37 7126   82 6816  240 6542  256 6405  374 6228            
H1 5    0    7    0    0   15 0506 0506                                 
L  5 1    1     0    00    00               8                           
 573610000 5714 9848 5158 9068 4768 7646 4071 4699 4372 4026 5549 3227  
 6180 2680                                                              
L  5 1    2     1    00    00               2                           
 6180 2680 8313 1031                                                    
L  5 2    3     0    00    00               2                           
10000 1579 6180 2680                                                    
L  5 1    4     1    00    00               2                           
 8313 103110000  480                                                    
L  5 2    5     0    00    00               3                           
 6180 2680 6629  271 6678    0                                          
L  5 2    6     0    00    00               4                           
 7918    0 7884   75 8010  160 8486    0                                
L  5 1    7     1    00    00               5                           
 7274    0 7354  942 7628 1135 7974 1142 8313 1031                      
H1 7    0    0    0    1    2 0506 0506                                 
P  7 2    1  667 2000 0 1                                               
01 3  667 2000              00  寒風山                                  
