M 603905åÀâÍ                  3    3    6    3    1   43                
H2 1    3    4    3    0   34 0506 0506                                 
N  1 1    1 6753    0 1 3    1   -3    4    0    0    0    0    0    0  
N  1 1    2 6202    0 1 3    3   -1   -4    0    0    0    0    0    0  
N  1 2    3 6154 1298 0 2    2   -2    0    0    0    0    0    0    0  
L  1 5    1     0    11    21 520699999    50                           
 6753    0 6712  124 6692  153 6646  196 6619  215 6597  239 6569  255  
 6547  282 6547  319 6553  355 6546  376 6520  390 6490  392 6460  411  
 6454  427 6458  454 6432  456 6412  472 6387  496 6357  507 6353  520  
 6363  529 6353  537 6335  564 6325  555 6325  531 6321  523 6301  547  
 6293  550 6287  544 6309  501 6293  463 6278  406 6268  395 6254  370  
 6248  330 6234  286 6186  248 6176  237 6173  221 6177  204 6181  202  
 6183  177 6179  167 6181  148 6199  134 6213  113 6205   86 6210   45  
 6202    0                                                              
L  1 5    2     0    30    30 520699999    73                           
 6154 1298 6130 1281 6128 1265 6132 1260 6132 1254 6122 1243 6122 1230  
 6098 1216 6100 1213 6117 1205 6149 1198 6169 1206 6179 1214 6203 1212  
 6229 1198 6235 1185 6229 1169 6233 1161 6249 1158 6267 1164 6275 1175  
 6273 1188 6249 1226 6196 1282 6186 1306 6206 1307 6248 1315 6266 1304  
 6292 1275 6309 1243 6319 1251 6334 1284 6326 1302 6308 1321 6280 1380  
 6294 1408 6251 1448 6249 1461 6237 1480 6219 1477 6197 1488 6203 1493  
 6229 1499 6229 1512 6217 1526 6217 1529 6223 1564 6217 1572 6198 1574  
 6178 1585 6156 1615 6094 1630 6092 1636 6072 1646 6068 1643 6066 1608  
 6052 1595 6054 1540 6050 1532 6053 1513 6105 1468 6115 1449 6095 1414  
 6093 1389 6063 1402 6039 1408 6033 1405 6029 1389 6041 1375 6069 1356  
 6112 1338 6136 1317 6154 1298                                          
L  1 9    3     9    21    11 520688888     2                           
 6202    0 6753    0                                                    
L  1 9    4     9    11    219999988888     6                           
 6753    010000    01000010000    010000    0    0 6202    0            
A  199999    1 3167  563   4                                            
    1   -4    0    2                                                    
A  1 5206    2 6388  280   2                                            
   -3   -1                                                              
A  1 5206    3 6193 1402   1                                            
   -2                                                                   
H1 2    0    2    0    0    4 0506 0506                                 
L  2 4    1     0    00    00               2                           
 6362    0 6489  165                                                    
L  2 3    2     0    00    00               2                           
 6644    0 6489  165                                                    
H1 7    0    0    0    1    2 0506 0506                                 
P  7 6    1 6347  413 0 1                                               
01 3 6347  413              00  ì¸ìπçË                                  
M 603907ëÂäÉ                  4    6   55    4    1  176                
H2 1    6    9    4    0   70 0506 0506                                 
N  1 2    1 5900 8441 0 3    1    2   -5    0    0    0    0    0    0  
N  1 1    2 1340    0 1 3    4   -1   -8    0    0    0    0    0    0  
N  1 2    3 7231 6557 0 3    6   -2   -3    0    0    0    0    0    0  
N  1 1    4 5740    0 1 3    7    3   -4    0    0    0    0    0    0  
N  1 1    5 649810000 1 3    9    8    5    0    0    0    0    0    0  
N  1 1    6 897010000 1 3   -7   -9   -6    0    0    0    0    0    0  
L  1 5    1     0    10    21 520699999    82                           
 5900 8441 5855 8324 5844 8273 5776 8122 5677 7914 5653 7830 5624 7757  
 5576 7681 5562 7635 5534 7560 5496 7476 5463 7422 5393 7241 5360 7181  
 5329 7095 5305 7043 5270 6979 5245 6916 5210 6854 5186 6762 5146 6673  
 5018 6398 4983 6335 4917 6233 4873 6135 4794 5946 4787 5919 4708 5727  
 4620 5560 4580 5471 4505 5284 4468 5230 4406 5152 4367 5057 4263 4838  
 4226 4779 4193 4711 4162 4619 4096 4476 4045 4390 4039 4384 3986 4301  
 3885 4101 3781 3911 3528 3438 3482 3344 3467 3319 3443 3269 3417 3305  
 3402 3309 3347 3233 3316 3176 3371 3163 3369 3134 3373 3128 3315 3033  
 3284 2998 3218 2909 3170 2817 3130 2717 2992 2525 2952 2430 2888 2320  
 2831 2233 2780 2147 2736 2101 2681 2009 2626 1893 2503 1720 2429 1606  
 2371 1509 2321 1409 2097 1087 1976  941 1830  695 1784  631 1732  568  
 1611  374 1529  263 1428  103 1347    4 1340    0                      
L  1 3    2     0    10    30 5345 5206    80                           
 5900 8441 5917 8424 6353 8245 6443 8218 6546 8180 6614 8180 6634 8183  
 6680 8164 6737 8128 6781 8115 6803 8117 6858 8071 6808 8028 6801 8007  
 6850 7971 6900 7947 6902 7942 6880 7893 6852 7852 6827 7855 6790 7866  
 6748 7866 6720 7858 6717 7850 6722 7834 6896 7801 6887 7790 6858 7774  
 6885 7714 6904 7709 6948 7687 6975 7655 6970 7617 6966 7609 6926 7617  
 6865 7647 6739 7693 6561 7761 6537 7774 6500 7788 6484 7788 6467 7772  
 6475 7745 6548 7682 6662 7615 6744 7550 6761 7531 6810 7496 6827 7477  
 6814 7441 6787 7406 6735 7417 6724 7396 6605 7458 6596 7428 6625 7374  
 6618 7344 6570 7328 6550 7344 6475 7382 6447 7391 6436 7388 6444 7350  
 6479 7266 6512 7174 6532 7071 6545 7047 6640 6979 6640 6968 6633 6952  
 6624 6941 6752 6822 6796 6811 6862 6779 6954 6690 7027 6643 7090 6619  
 7194 6584 7222 6567 7231 6557                                          
L  1 3    3     0    41    30 5206 5368    62                           
 5740    0 5762  137 5769  202 5771  261 5769  280 5754  334 5710  437  
 5661  540 5637  580 5585  642 5563  661 5321  829 5251  881 5209  921  
 5178  973 5136 1078 5088 1297 5029 1584 4996 1679 4946 1752 4877 1836  
 4845 1925 4748 2293 4711 2409 4706 2442 4706 2482 4794 2539 4814 2547  
 4838 2596 4856 2682 4911 2885 4962 3142 5010 3282 5023 3299 5105 3355  
 5353 3487 5470 3558 5481 3571 5611 3636 5813 3749 6385 4059 6453 4113  
 6486 4176 6521 4340 6526 4438 6526 4554 6537 4784 6557 4846 6599 4924  
 6645 4989 6696 5073 6755 5159 6803 5238 6870 5365 6896 5435 6925 5559  
 7004 5689 7030 5765 7079 5924 7138 6173 7165 6305 7231 6557            
L  1 9    4     9    21    41 520688888     2                           
 1340    0 5740    0                                                    
L  1 5    5     0    51    10 534599999    20                           
 649810000 6503 9989 6473 9903 6426 9743 6378 9605 6358 9573 6323 9535  
 6307 9467 6276 9392 6250 9292 6226 9235 6175 9095 6142 9035 6089 8900  
 6034 8778 6014 8697 5990 8638 5979 8619 5946 8516 5900 8441            
L  1 3    6     0    30    61 5345 5368    49                           
 7231 6557 7236 6578 7258 6624 7321 6735 7372 6792 7432 6832 7502 6870  
 7559 6921 7605 7010 7645 7110 7687 7164 7755 7208 7845 7278 8028 7391  
 8222 7504 8442 7626 8539 7682 8598 7731 8644 7774 8693 7850 8717 7920  
 8739 8014 8746 8109 8739 8233 8711 8323 8660 8420 8597 8509 8436 8650  
 8388 8707 8364 8756 8364 8777 8377 8810 8452 8864 8551 8910 8608 8947  
 8696 9015 8738 9069 8780 9147 8811 9217 8837 9293 8855 9374 8835 9545  
 8842 9563 8875 9617 8961 9744 8976 9788 8976 9982 8979 9999 897010000  
L  1 9    7     9    41    61 536888888     4                           
 5740    010000    01000010000 897010000                                
L  1 9    8     9    51    219999988888     4                           
 649810000    010000    0    0 1340    0                                
L  1 9    9     9    51    6188888 5345     2                           
 649810000 897010000                                                    
A  199999    1 2169 4998   3                                            
    1   -8    5                                                         
A  1 5206    2 5266 4340   4                                            
    2   -3   -4   -1                                                    
A  1 5345    3 7546 8244   4                                            
   -5    9   -6   -2                                                    
A  1 5368    4 8346 5068   3                                            
    6   -7    3                                                         
H1 2    0   45    0    0   96 0506 0506                                 
L  2 3    1     0    00    00               2                           
 6057    0 6160  262                                                    
L  2 3    2     0    00    00               2                           
 6471 3484 7651 3502                                                    
L  2 3    3     0    00    00               6                           
 5030    0 5113  224 5117  348 4874  851 4508 1370 4313 1866            
L  2 2    4     0    00    00               8                           
 2242    0 2222  233 2530  445 2606  654 2596  869 2753 1062 2800 1159  
 2946 1136                                                              
L  2 3    5     0    00    00               3                           
 4313 1866 4990 2102 6478 1691                                          
L  2 3    6     0    00    00               2                           
 6478 1691 6471 3484                                                    
L  2 2    7     0    00    00               5                           
 4313 1866 4277 2071 4222 2196 4222 2409 4173 2614                      
L  2 3    8     0    00    00               3                           
 6471 3484 6539 4016 7056 5587                                          
L  2 5    9     0    00    00               2                           
 7682    0 7678  268                                                    
L  2 3   10     0    00    00               2                           
 7651 3502 9632 3532                                                    
L  2 3   11     0    00    00               2                           
 6160  262 6471 1058                                                    
L  2 5   12     0    00    00               2                           
 6160  262 7202  266                                                    
L  2 5   13     0    00    00               3                           
 7678  268 7676  437 7671 1083                                          
L  2 3   14     0    00    00               3                           
 6471 1058 6501 1134 6478 1691                                          
L  2 5   15     0    00    00               2                           
 6471 1058 7190 1073                                                    
L  2 5   16     0    00    00               2                           
 7671 1083 7662 2128                                                    
L  2 5   17     0    00    00               2                           
 7662 2128 7653 3214                                                    
L  2 5   18     0    00    00               3                           
 7662 2128 7177 2113 7183 1670                                          
L  2 5   19     0    00    00               2                           
 7190 1073 7671 1083                                                    
L  2 5   20     0    00    00               2                           
 7190 1073 7202  266                                                    
L  2 5   21     0    00    00               2                           
 7202  266 7678  268                                                    
L  2 5   22     0    00    00               2                           
 6478 1691 7183 1670                                                    
L  2 5   23     0    00    00               2                           
 7183 1670 7190 1073                                                    
L  2 5   24     0    00    00               2                           
 7653 3214 7651 3502                                                    
L  2 5   25     0    00    00               6                           
 7653 3214 9482 3257 9569 3157 9619 3014 9806 295710000 2945            
L  2 3   26     0    00    00               2                           
 9617 900110000 9670                                                    
L  2 5   27     0    00    00               4                           
 9617 9001 9644 8864 9669 6118 9607 5631                                
L  2 3   28     0    00    00               2                           
 9632 353210000 3538                                                    
L  2 5   29     0    00    00               2                           
 9608 5517 9632 3532                                                    
L  2 5   30     0    00    00               2                           
 9608 551710000 5520                                                    
L  2 5   31     0    00    00               2                           
 9607 5631 9608 5517                                                    
L  2 5   32     0    00    00               2                           
 9607 5631 7056 5587                                                    
L  2 3   33     0    00    00               4                           
 7056 5587 7437 6743 8835 7632 9617 9001                                
L  2 2   34     0    00    00              10                           
 2946 1136 3213 1052 3375 1074 3450 1190 3631 1141 3749 1346 3764 1437  
 4018 1580 4248 1833 4313 1866                                          
L  2 5   35     0    00    00              12                           
 2946 1136 2928 1255 3003 1327 2991 1513 3128 1641 3228 1927 3327 2113  
 3377 2456 3502 2585 3551 2614 3763 2914 3850 2928                      
L  2 5   36     0    00    00               5                           
 5919 7147 6280 6933 6430 6919 6604 6904 6641 6991                      
L  2 5   37     0    00    00               6                           
 5103 5251 5358 5488 5557 5717 5557 6103 5582 6304 5919 7147            
L  2 5   38     0    00    00               3                           
 5103 5251 5470 4773 5800 4432                                          
L  2 2   39     0    00    00               7                           
 5800 4432 6274 5146 6556 6181 6624 6284 6600 6488 6814 6811 6641 6991  
L  2 5   40     0    00    00               3                           
10000 2215 7813 2199 7662 2128                                          
L  2 2   41     0    00    00               7                           
 4173 2614 4201 3118 4258 3176 4331 3433 5430 3946 5690 4267 5800 4432  
L  2 5   42     0    00    00               4                           
 4173 2614 4112 2714 4037 2885 3850 2928                                
L  2 5   43     0    00    00              10                           
 3850 2928 4075 3386 4174 3658 4498 3829 4623 4073 4872 4258 4959 4645  
 5022 4916 4959 5117 5103 5251                                          
L  2 2   44     0    00    00              16                           
 6641 6991 6629 7127 6728 7304 6870 7344 6988 7513 7035 7662 6999 7810  
 7076 7913 7256 8018 7306 8211 7565 8705 7670 9120 7832 9334 8093 9425  
 8222 9635 826610000                                                    
L  2 5   45     0    00    00               6                           
 5919 7147 5906 7319 6454 8506 6504 8812 6965 9899 700510000            
H1 5    0    1    0    0    5 0506 0506                                 
L  5 1    1     0    00    00              22                           
 897610000 8962 9766 8840 9560 8784 9122 8358 8776 8674 8389 8744 7997  
 8604 7718 7642 7138 7554 6916 7266 6664 6893 5425 6536 4812 6462 4111  
 5006 3307 4822 2558 4700 2468 5005 1660 5178  926 5620  606 5766  252  
 5734    0                                                              
H1 7    0    0    0    1    1 0506 0506                                 
P  753    1 7066 1800 0 0                                               
M 603917                      3    6   15    4    0   64                
H2 1    6    9    4    0   47 0506 0506                                 
N  1 2    1 8074 4692 0 3    1    3   -5    0    0    0    0    0    0  
N  1 1    210000 4393 1 3    7   -1   -2    0    0    0    0    0    0  
N  1 1    310000  897 1 3    2   -4   -6    0    0    0    0    0    0  
N  1 1    4 6498    0 1 3    9   -3    8    0    0    0    0    0    0  
N  1 1    5 8970    0 1 3    6    4   -9    0    0    0    0    0    0  
N  1 1    6 940610000 1 3   -7   -8    5    0    0    0    0    0    0  
L  1 3    1     0    10    21 5202 5345    16                           
 8074 4692 8083 4681 8278 4589 8469 4519 8497 4514 8577 4522 8699 4527  
 8826 4521 8930 4521 9049 4516 9365 4469 9847 4409 9903 4398 9978 4393  
 9995 439610000 4393                                                    
L  1 9    2     9    31    21 534588888     2                           
10000  89710000 4393                                                    
L  1 5    3     0    10    41 534599999    36                           
 8074 4692 8041 4609 8015 4511 8012 4479 7996 4382 7986 4352 7915 4201  
 7887 4063 7861 3960 7794 3820 7738 3555 7711 3472 7681 3409 7655 3307  
 7565 3029 7522 2926 7501 2818 7463 2732 7399 2570 7298 2235 7257 2119  
 7196 1965 7165 1862 7149 1830 7108 1708 7080 1603 7044 1497 6964 1308  
 6924 1203 6889 1084 6799  844 6711  563 6626  339 6574  191 6543  120  
 6498    0                                                              
L  1 3    4     0    51    31 5345 5368    15                           
 8970    0 8972   25 8982  225 8985  412 8999  487 9056  628 9077  719  
 9082  830 9113  882 9280  965 9336  979 9416  978 9818  932 9997  902  
10000  897                                                              
L  1 5    5     0    61    10 520299999    49                           
 940610000 9402 9995 9385 9911 9357 9816 9338 9727 9328 9598 9297 9473  
 9266 9373 9252 9276 9221 9152 9212 9076 9221 9014 9179 8930 9162 8844  
 9145 8730 9036 8382 9034 8304 9005 8187 8946 7955 8922 7852 8884 7726  
 8865 7644 8865 7572 8837 7461 8806 7377 8759 7166 8735 7115 8692 6910  
 8647 6729 8645 6702 8623 6650 8567 6464 8533 6318 8529 6286 8500 6226  
 8474 6159 8467 6124 8462 6040 8427 5954 8401 5867 8374 5716 8344 5613  
 8311 5530 8285 5427 8218 5278 8185 5097 8145 4973 8104 4773 8074 4692  
L  1 9    6     9    51    31 536888888     3                           
 8970    010000    010000  897                                          
L  1 9    7     9    21    61 520288888     3                           
10000 43931000010000 940610000                                          
L  1 9    8     9    41    618888899999     4                           
 6498    0    0    0    010000 940610000                                
L  1 9    9     9    41    51 534588888     2                           
 6498    0 8970    0                                                    
A  1 5345    1 8665 2343   5                                            
    1   -2   -4   -9   -3                                               
A  199999    2 4077 5004   3                                            
    3    8    5                                                         
A  1 5202    3 9384 7203   3                                            
   -5   -7   -1                                                         
A  1 5368    4 9500  490   2                                            
   -6    4                                                              
H1 2    0    5    0    0   12 0506 0506                                 
L  2 5    1     0    00    00              17                           
 7631 1341 7738 1587 7937 1858 7987 1987 7974 2159 7800 2388 7763 2602  
 7813 2917 7900 3131 8087 3289 8174 3532 8460 3846 8498 4118 8597 4233  
 9196 4261 9507 439010000 4381                                          
L  2 5    2     0    00    00               3                           
 7631 1341 8361  986 8664  964                                          
L  2 2    3     0    00    00               4                           
 8664  964 9071  946 9362 115710000 1225                                
L  2 2    4     0    00    00               4                           
 8266    0 8281  126 8533  535 8664  964                                
L  2 5    5     0    00    00               4                           
 7005    0 7364  900 7501 1043 7631 1341                                
H1 5    0    1    0    0    2 0506 0506                                 
L  5 1    1     0    00    00               5                           
10000  906 9298  972 9087  859 8976  409 8976    0                      
M 603927î\ë„                  1    4    6    3    0   29                
H2 1    4    6    3    0   28 0506 0506                                 
N  1 1    110000 5197 1 3    1   -3    6    0    0    0    0    0    0  
N  1 1    210000 4888 1 3    3   -1   -2    0    0    0    0    0    0  
N  1 1    310000 4296 1 3    2    4   -5    0    0    0    0    0    0  
N  1 1    4 9406    0 1 3    5   -4   -6    0    0    0    0    0    0  
L  1 5    1     0    11    21 520299999     7                           
10000 5197 9871 5238 9867 5231 9838 5037 9818 4937 9961 490110000 4888  
L  1 9    2     9    31    219999988888     2                           
10000 429610000 4888                                                    
L  1 9    3     9    21    11 520288888     2                           
10000 488810000 5197                                                    
L  1 5    4     0    31    41 520299999    49                           
10000 4296 9915 3724 9869 3588 9793 3597 9794 3587 9795 3570 9796 3559  
 9803 3543 9811 3539 9802 3495 9793 3502 9778 3513 9761 3524 9754 3538  
 9747 3568 9753 3597 9758 3613 9730 3617 9599 3644 9613 3686 9671 3689  
 9676 3679 9684 3717 9671 3726 9654 3725 9648 3700 9591 3702 9571 3652  
 9465 3642 9460 3679 9477 3799 9185 3832 9175 3812 9461 3788 9452 3745  
 9453 3714 9440 3685 9356 3704 9250 3165 9008 1695 9425 1717 9672 1535  
 9730 1364 9697 1279 9551  611 9472  257 9451  170 9413   51 9406    0  
L  1 9    5     9    41    31 520288888     3                           
 9406    010000    010000 4296                                          
L  1 9    6     9    11    419999988888     5                           
10000 51971000010000    010000    0    0 9406    0                      
A  199999    1 4915 4998   4                                            
    1   -2    4   -6                                                    
A  1 5202    2 9921 5070   2                                            
   -3   -1                                                              
A  1 5202    3 9542 2160   2                                            
   -5   -4                                                              
M 603947ä‚äŸ                  3    7   12    7    0   97                
H2 1    7    8    7    0   80 0506 0506                                 
N  1 2    1 9768 5259 0 2    1   -1    0    0    0    0    0    0    0  
N  1 2    2 9888 5248 0 2    2   -2    0    0    0    0    0    0    0  
N  1 2    3 9854 5124 0 2    3   -3    0    0    0    0    0    0    0  
N  1 2    4 5967 9258 0 2    4   -4    0    0    0    0    0    0    0  
N  1 2    5 7239 8262 0 2    5   -5    0    0    0    0    0    0    0  
N  1 1    6 586910000 1 3    6    7   -8    0    0    0    0    0    0  
N  1 1    710000 5324 1 3    8   -6   -7    0    0    0    0    0    0  
L  1 5    1     0    10    10 534399999    12                           
 9768 5259 9770 5249 9775 5246 9794 5254 9810 5264 9825 5289 9839 5302  
 9837 5324 9823 5332 9806 5316 9797 5313 9768 5259                      
L  1 5    2     0    20    20 534399999    12                           
 9888 5248 9893 5250 9900 5269 9898 5275 9884 5291 9876 5291 9848 5272  
 9836 5248 9836 5232 9855 5226 9869 5229 9888 5248                      
L  1 5    3     0    30    30 534399999    11                           
 9854 5124 9878 5107 9897 5104 9915 5110 9918 5129 9911 5169 9892 5183  
 9857 5170 9843 5143 9843 5137 9854 5124                                
L  1 5    4     0    40    40 534399999    14                           
 5967 9258 5964 9222 5969 9185 5990 9155 6006 9165 6011 9163 6023 9165  
 6030 9181 6016 9225 6007 9271 5997 9276 5988 9255 5976 9263 5967 9258  
L  1 5    5     0    50    50 534399999    10                           
 7239 8262 7255 8246 7264 8245 7276 8256 7290 8280 7286 8310 7258 8318  
 7244 8313 7236 8305 7239 8262                                          
L  1 5    6     0    61    71 534399999   271                           
 586910000 5876 9993 5881 9971 5876 9933 5888 9915 5949 9879 5968 9854  
 5967 9830 5960 9806 5965 9773 6004 9681 6004 9665 5997 9649 5997 9627  
 6049 9584 6051 9562 6058 9538 6062 9503 6060 9422 6055 9416 6031 9406  
 6026 9387 6026 9371 6017 9352 6035 9300 6030 9254 6037 9189 6046 9192  
 6073 9216 6091 9216 6111 9273 6118 9281 6125 9267 6122 9246 6139 9232  
 6195 9234 6235 9231 6259 9204 6275 9220 6313 9214 6339 9222 6336 9179  
 6360 9144 6374 9127 6372 9163 6374 9173 6390 9146 6428 9151 6454 9167  
 6468 9167 6487 9162 6508 9151 6506 9126 6510 9118 6553 9121 6558 9123  
 6586 9104 6600 9093 6593 9058 6635 9080 6642 9077 6679 8987 6710 8957  
 6733 8944 6766 8962 6778 8946 6766 8916 6764 8884 6773 8854 6768 8835  
 6742 8817 6751 8798 6789 8770 6824 8730 6880 8683 6902 8734 6911 8734  
 6921 8715 6906 8691 6909 8678 6904 8664 6885 8651 6897 8629 6937 8615  
 6972 8612 6984 8628 6998 8661 7010 8674 7055 8644 7106 8595 7172 8508  
 7183 8500 7164 8492 7155 8460 7157 8435 7174 8438 7207 8481 7209 8478  
 7195 8427 7197 8422 7214 8432 7240 8467 7261 8459 7280 8434 7289 8370  
 7312 8318 7364 8299 7401 8258 7453 8212 7497 8200 7591 8156 7638 8143  
 7676 8126 7734 8034 7758 7980 7755 7963 7783 7917 7786 7896 7783 7863  
 7837 7798 7839 7790 7815 7771 7813 7763 7839 7755 7794 7712 7815 7706  
 7860 7674 7902 7660 7928 7665 7937 7681 7952 7689 7982 7697 7978 7740  
 7983 7764 8014 7791 8049 7799 8094 7801 8105 7799 8101 7791 8112 7774  
 8148 7758 8162 7768 8211 7717 8213 7703 8208 7595 8227 7611 8272 7608  
 8290 7589 8316 7586 8349 7613 8380 7615 8401 7586 8394 7580 8366 7572  
 8351 7545 8363 7524 8391 7524 8420 7553 8453 7550 8511 7501 8537 7495  
 8544 7482 8549 7422 8579 7379 8595 7346 8621 7322 8682 7213 8689 7192  
 8679 7124 8681 7105 8697 7062 8699 7029 8673 7008 8645 6960 8630 6790  
 8634 6738 8655 6697 8657 6603 8661 6584 8656 6533 8616 6533 8588 6528  
 8586 6520 8609 6468 8635 6433 8677 6424 8665 6403 8660 6387 8681 6319  
 8681 6306 8676 6306 8660 6292 8655 6249 8681 6227 8725 6219 8784 6121  
 8783 6053 8802 6007 8813 5994 8825 5999 8839 5972 8863 5956 8891 5972  
 8922 5947 8933 5923 8917 5909 8916 5877 8926 5847 8973 5830 8987 5860  
 9004 5879 9008 5871 9055 5849 9069 5851 9086 5832 9145 5829 9185 5861  
 9199 5864 9208 5818 9173 5775 9222 5701 9261 5663 9283 5658 9309 5682  
 9316 5679 9346 5682 9372 5625 9389 5633 9405 5668 9417 5659 9405 5622  
 9405 5608 9410 5608 9438 5632 9447 5624 9454 5581 9477 5537 9503 5543  
 9527 5575 9544 5583 9548 5577 9560 5520 9574 5515 9583 5528 9598 5561  
 9612 5552 9619 5515 9623 5512 9711 5538 9706 5519 9682 5503 9673 5493  
 9684 5471 9710 5468 9736 5479 9743 5478 9731 5452 9748 5430 9774 5416  
 9771 5400 9788 5386 9814 5397 9825 5418 9868 5399 9905 5393 9926 5377  
 9936 5350 9954 5323 9973 5306 9994 530110000 5324                      
L  1 9    7     9    61    719999988888     5                           
 586910000    010000    0    010000    010000 5324                      
L  1 9    8     9    71    61 534388888     3                           
10000 53241000010000 586910000                                          
A  1 5343    1 9805 5290   1                                            
   -1                                                                   
A  1 5343    2 9868 5258   1                                            
   -2                                                                   
A  1 5343    3 9879 5142   1                                            
   -3                                                                   
A  1 5343    4 5992 9214   1                                            
   -4                                                                   
A  1 5343    5 7264 8280   1                                            
   -5                                                                   
A  199999    6 4082 7192  12                                            
    6   -7    0    1    0    2    0    3    0    4    0    5            
A  1 5343    7 9106 7660   2                                            
   -8   -6                                                              
H1 2    0    3    0    0    9 0506 0506                                 
L  2 4    1     0    00    00               2                           
10000 5528 9914 5668                                                    
L  2 2    2     0    00    00               2                           
10000 5675 9914 5668                                                    
L  2 2    3     0    00    00              27                           
 9914 5668 9703 5844 9516 5887 9099 6165 8812 6536 8804 6624 8829 6709  
 8868 6768 8884 6877 8879 7181 8955 7396 8961 7507 8932 7565 8783 7699  
 8712 7869 8660 7916 8419 7957 8311 7905 8222 7906 7999 8076 7882 8237  
 7033 8943 6840 9057 6780 9144 6769 9306 6398 9522 623110000            
H1 3    0    1    0    0    5 0506 0506                                 
L  3 1    1     0    00    00              27                           
10000 5699 9788 5844 9724 5866 9638 5892 9535 5911 9098 6203 8828 6591  
 8809 6649 8790 6753 8795 6867 8845 7169 8845 7281 8825 7347 8803 7397  
 8760 7459 8031 7966 7874 8176 7786 8284 7386 8550 7256 8635 7006 8815  
 6646 9253 6389 9476 6272 9598 6219 9656 6177 9764 611510000            
M 603957ëÂä‘âz                4    6   24    5    1  133                
H2 1    6    8    5    0   84 0506 0506                                 
N  1 2    1 5170 1056 0 3    1    4   -5    0    0    0    0    0    0  
N  1 1    210000 1797 1 3   -6   -1   -7    0    0    0    0    0    0  
N  1 2    3 5391 1938 0 2    2   -2    0    0    0    0    0    0    0  
N  1 2    4 5229 1469 0 2    3   -3    0    0    0    0    0    0    0  
N  1 1    5 5869    0 1 3    7   -4    8    0    0    0    0    0    0  
N  1 1    6 618110000 1 3    6   -8    5    0    0    0    0    0    0  
L  1 1    1     0    10    21 2323 5343    68                           
 5170 1056 5246 1113 5364 1127 5429 1162 5531 1183 5566 1205 5597 1229  
 5641 1275 5660 1275 5745 1243 5809 1246 5931 1268 6021 1332 6066 1384  
 6127 1416 6221 1414 6249 1419 6313 1398 6400 1403 6647 1530 6737 1606  
 6836 1773 7013 1833 7041 1838 7159 1782 7293 1671 7345 1604 7404 1440  
 7414 1311 7628 1187 7772 1128 7826 1028 7892  964 7956  950 8027  905  
 8100  878 8192  889 8291  951 8366  962 8415 1010 8472 1016 8547 1051  
 8576 1048 8717  981 8802  979 8856 1000 8908 1014 8967 1060 9038 1044  
 9122 1063 9221 1136 9351 1273 9419 1352 9450 1371 9516 1430 9584 1514  
 9773 1584 9782 1603 9780 1643 9787 1716 9820 1789 9850 1840 9860 1870  
 9881 1881 9926 1840 9987 1797 9999 179210000 1797                      
L  1 5    2     0    30    30 232399999    10                           
 5391 1938 5417 1954 5419 1973 5417 1984 5403 1992 5384 1994 5365 1978  
 5370 1957 5377 1946 5391 1938                                          
L  1 5    3     0    40    40 232399999    10                           
 5229 1469 5262 1471 5269 1490 5266 1506 5248 1514 5243 1520 5229 1517  
 5215 1501 5212 1482 5229 1469                                          
L  1 5    4     0    10    51 534399999    67                           
 5170 1056 5206 1051 5213 1054 5227 1078 5243 1072 5232 1051 5281 1029  
 5281  992 5293  932 5317  873 5345  873 5406  887 5390  836 5378  782  
 5427  838 5442  849 5453  849 5413  817 5427  814 5458  817 5468  803  
 5475  779 5512  731 5552  725 5562  720 5531  709 5536  688 5553  690  
 5571  671 5536  679 5529  671 5545  653 5567  645 5586  623 5609  577  
 5619  572 5633  545 5645  550 5661  548 5663  518 5675  510 5701  513  
 5704  507 5727  515 5760  440 5779  437 5810  408 5803  386 5824  303  
 5810  273 5800  265 5807  241 5822  222 5803  192 5805  176 5819  144  
 5834  130 5850  136 5869  122 5888  120 5890  101 5895   95 5885   90  
 5888   76 5900   63 5878   55 5869    0                                
L  1 5    5     0    61    10 232399999   225                           
 618110000 6203 9967 6220 9900 6227 9822 6217 9700 6225 9633 6239 9568  
 6239 9517 6258 9428 6265 9334 6265 9234 6246 9021 6218 8849 6199 8798  
 6169 8741 6126 8692 6105 8655 6110 8649 6167 8504 6164 8439 6157 8391  
 6157 8355 6124 8307 6073 8269 6025 8218 5983 8164 5964 8121 5957 8067  
 5969 8034 6026 7932 6035 7865 6035 7814 6005 7770 5984 7727 5981 7708  
 5948 7692 5955 7649 5998 7614 6007 7555 6000 7471 6003 7396 6017 7331  
 6036 7296 6048 7258 6050 7137 6041 7075 6024 6881 6013 6811 6008 6760  
 6008 6692 6003 6668 5963 6622 5949 6560 5930 6541 5942 6525 5945 6514  
 5921 6469 5940 6471 5935 6461 5935 6442 5952 6436 5961 6358 5959 6261  
 5947 6183 5957 6108 5948 6048 5912 5954 5898 5951 5849 5913 5830 5894  
 5804 5886 5776 5838 5780 5805 5795 5789 5764 5722 5769 5695 5790 5657  
 5830 5617 5856 5533 5873 5364 5854 5299 5823 5242 5809 5205 5802 5199  
 5781 5148 5765 4973 5760 4970 5751 4948 5741 4889 5746 4862 5732 4762  
 5680 4644 5668 4630 5640 4617 5628 4601 5645 4544 5645 4498 5633 4469  
 5643 4444 5662 4450 5671 4420 5676 4374 5652 4312 5633 4250 5638 4231  
 5643 4172 5636 4137 5655 4105 5650 4064 5613 3989 5596 3978 5582 3959  
 5556 3962 5551 3940 5530 3929 5549 3897 5566 3859 5577 3865 5587 3865  
 5613 3841 5632 3811 5646 3773 5643 3709 5651 3698 5648 3649 5637 3579  
 5632 3571 5601 3560 5573 3509 5535 3501 5500 3474 5448 3412 5462 3385  
 5462 3369 5420 3377 5377 3366 5366 3342 5385 3331 5401 3309 5399 3304  
 5385 3301 5380 3212 5364 3196 5361 3201 5359 3196 5390 3156 5439 3145  
 5420 3099 5420 3037 5435 2946 5451 2886 5461 2884 5461 2881 5425 2865  
 5425 2857 5444 2824 5456 2795 5446 2787 5447 2733 5454 2706 5451 2657  
 5454 2647 5449 2625 5449 2585 5459 2560 5461 2563 5470 2479 5452 2474  
 5459 2439 5456 2374 5459 2369 5473 2369 5473 2358 5515 2304 5501 2248  
 5497 2242 5485 2261 5468 2213 5468 2151 5473 2145 5480 2105 5476 2021  
 5431 1973 5426 1935 5464 1916 5478 1897 5478 1841 5462 1741 5441 1703  
 5424 1690 5441 1676 5448 1649 5410 1641 5417 1625 5415 1614 5389 1609  
 5370 1512 5377 1509 5403 1434 5443 1461 5450 1458 5417 1399 5427 1404  
 5462 1399 5462 1391 5446 1383 5432 1364 5474 1353 5467 1323 5420 1321  
 5420 1264 5418 1259 5389 1291 5359 1299 5344 1275 5328 1269 5304 1242  
 5283 1245 5283 1215 5248 1175 5220 1167 5201 1140 5194 1137 5168 1086  
 5170 1056                                                              
L  1 9    6     9    61    2188888 2323     3                           
 618110000100001000010000 1797                                          
L  1 9    7     9    51    21 534388888     3                           
 5869    010000    010000 1797                                          
L  1 9    8     9    51    618888899999     4                           
 5869    0    0    0    010000 618110000                                
A  1 5343    1 6588  966   3                                            
    1   -7   -4                                                         
A  199999    2 2880 4968   7                                            
    4    8    5    0    3    0    2                                     
A  1 2323    3 7936 5362   3                                            
   -5    6   -1                                                         
A  1 2323    4 5393 1966   1                                            
   -2                                                                   
A  1 2323    5 5241 1494   1                                            
   -3                                                                   
H1 2    0    3    0    0   12 0506 0506                                 
L  2 2    1     1    00    00               2                           
 6176 7166 6213 7833                                                    
L  2 2    2     0    00    00              37                           
 6231    0 6111  443 5706  859 5630 1047 5515 1132 5502 1173 5584 1331  
 5580 1441 5554 1504 5550 1605 5625 1830 5625 1924 5546 2125 5607 2213  
 5607 2299 5518 2399 5494 2993 5445 3212 5470 3305 5713 3585 5719 3662  
 5643 3893 5680 4093 5704 4556 5848 4935 5824 5107 5853 5191 5980 5423  
 5976 5541 5878 5717 5872 5791 5892 5869 6007 6035 6028 6109 6049 6561  
 6169 7075 6176 7166                                                    
L  2 2    3     0    00    00               8                           
 6213 7833 6255 8391 6372 9095 6381 9250 6325 9473 6313 9585 6330 9913  
 631610000                                                              
H1 3    0   13    0    0   31 0506 0506                                 
L  3 1    1     1    00    00               2                           
 6094 8145 6105 8222                                                    
L  3 1    2     0    00    00               4                           
 6083 7756 6113 7870 6121 7956 6094 8145                                
L  3 1    3     1    00    00               5                           
 6096 7316 6084 7387 6066 7595 6074 7698 6083 7756                      
L  3 1    4     0    00    00              22                           
 5701 3985 5703 4124 5726 4544 5757 4643 5860 4821 5877 4898 5874 4991  
 5879 5203 5902 5277 5916 5466 5877 5604 5843 5726 5846 5813 5871 5874  
 5982 6052 6013 6187 6007 6376 6013 6530 6044 6636 6130 6995 6135 7091  
 6096 7316                                                              
L  3 1    5     1    00    00               3                           
 5708 3897 5701 3953 5701 3985                                          
L  3 1    6     0    00    00               6                           
 5568 3355 5671 3472 5738 3610 5751 3694 5740 3777 5708 3897            
L  3 1    7     1    00    00               4                           
 5504 3183 5520 3280 5551 3328 5568 3355                                
L  3 1    8     0    00    00               7                           
 5571 2476 5548 2556 5546 2630 5557 2851 5521 2973 5501 3111 5504 3183  
L  3 1    9     1    00    00               2                           
 5615 2383 5571 2476                                                    
L  3 1   10     0    00    00               3                           
 5657 2213 5635 2328 5615 2383                                          
L  3 1   11     1    00    00               3                           
 5662 1920 5665 2065 5657 2213                                          
L  3 1   12     0    00    00              15                           
 6115    0 6069  272 6000  465 5932  565 5891  621 5760  753 5715  806  
 5665  873 5612  976 5591 1103 5589 1211 5604 1444 5607 1632 5646 1783  
 5662 1920                                                              
L  3 1   13     0    00    00               7                           
 6105 8222 6160 8332 6252 8540 6273 8760 6332 9171 6314 9304 623810000  
H1 7    0    0    0    1    2 0506 0506                                 
P  7 6    1 5189 1080 0 1                                               
01 3 5189 1080              00  ê{ãΩñ¶                                  
M 603964                      1    2    2    2    0   13                
H2 1    2    2    2    0   12 0506 0506                                 
N  1 2    1   50 3740 0 2    1   -1    0    0    0    0    0    0    0  
N  1 1    210000    0 1 2   -2    2    0    0    0    0    0    0    0  
L  1 5    1     0    10    10 232399999    17                           
   50 3740   95 3746  106 3751  124 3773  123 3792  119 3796   89 3802  
   76 3813   62 3818   55 3805   56 3793   51 3776   45 3768   36 3764  
   29 3753   32 3741   50 3740                                          
L  1 9    2     9    21    218888899999     5                           
10000    0    0    0    010000100001000010000    0                      
A  1 2323    1   88 3778   1                                            
   -1                                                                   
A  199999    2 5000 4944   3                                            
    2    0    1                                                         
M 603966è\ìÒåŒ                1    2    3    2    0   14                
H2 1    2    3    2    0   13 0506 0506                                 
N  1 1    1 966910000 1 3    1    3    2    0    0    0    0    0    0  
N  1 1    210000 9610 1 3   -2   -1   -3    0    0    0    0    0    0  
L  1 5    1     0    11    21 232399999     9                           
 966910000 9674 9993 9681 9966 9697 9934 9722 9864 9759 9815 9854 9720  
 9958 963010000 9610                                                    
L  1 9    2     9    11    2188888 2323     3                           
 966910000100001000010000 9610                                          
L  1 9    3     9    11    219999988888     5                           
 966910000    010000    0    010000    010000 9610                      
A  199999    1 5000 4800   2                                            
    1   -3                                                              
A  1 2323    2 9884 9806   2                                            
    2   -1                                                              
M 603967è\ìÒåŒ                3   14   36   11    0  169                
H2 1   14   18   11    0  115 0506 0506                                 
N  1 2    1 2263 9473 0 2    1   -1    0    0    0    0    0    0    0  
N  1 2    2 3112 9747 0 2    2   -2    0    0    0    0    0    0    0  
N  1 2    3 4530 6953 0 2    3   -3    0    0    0    0    0    0    0  
N  1 2    4 4529 6361 0 2    4   -4    0    0    0    0    0    0    0  
N  1 2    5 4816 6232 0 2    5   -5    0    0    0    0    0    0    0  
N  1 2    6 4680 6327 0 2    6   -6    0    0    0    0    0    0    0  
N  1 1    7    0 9610 1 3    7  -12   13    0    0    0    0    0    0  
N  1 1    8 274410000 1 3   14  -13   -7    0    0    0    0    0    0  
N  1 1    9 312010000 1 3   15  -14    8    0    0    0    0    0    0  
N  1 1   10 314310000 1 3   16  -15   -8    0    0    0    0    0    0  
N  1 1   11 320110000 1 3   17  -16    9    0    0    0    0    0    0  
N  1 1   12 322510000 1 3   18  -17   -9    0    0    0    0    0    0  
N  1 1   13 366710000 1 3   11  -18   10    0    0    0    0    0    0  
N  1 1   14 6181    0 1 3  -11  -10   12    0    0    0    0    0    0  
L  1 5    1     0    10    10 232399999    15                           
 2263 9473 2276 9483 2287 9500 2292 9521 2285 9546 2266 9559 2220 9530  
 2203 9511 2192 9481 2190 9457 2203 9446 2231 9459 2255 9459 2259 9462  
 2263 9473                                                              
L  1 5    2     0    20    20 232399999    12                           
 3112 9747 3102 9745 3091 9734 3065 9683 3063 9664 3071 9645 3086 9634  
 3103 9642 3132 9712 3134 9731 3130 9742 3112 9747                      
L  1 5    3     0    30    30 232399999    21                           
 4530 6953 4545 6955 4560 6982 4556 7001 4545 7020 4513 7042 4450 7053  
 4424 7048 4418 7034 4418 7010 4413 7002 4415 6989 4426 6983 4428 6978  
 4418 6967 4422 6956 4439 6953 4456 6945 4478 6948 4515 6939 4530 6953  
L  1 5    4     0    40    40 232399999    22                           
 4529 6361 4527 6339 4538 6331 4557 6325 4607 6325 4637 6333 4667 6352  
 4702 6368 4709 6390 4707 6403 4687 6414 4638 6433 4605 6452 4573 6455  
 4571 6433 4573 6428 4568 6415 4545 6396 4547 6388 4564 6379 4566 6369  
 4529 6361                                                              
L  1 5    5     0    50    50 232399999    12                           
 4816 6232 4788 6254 4771 6262 4734 6262 4728 6260 4725 6243 4738 6230  
 4745 6227 4766 6227 4790 6221 4807 6221 4816 6232                      
L  1 5    6     0    60    60 232399999    10                           
 4680 6327 4698 6325 4723 6314 4756 6311 4797 6322 4793 6332 4752 6351  
 4711 6354 4687 6341 4680 6327                                          
L  1 5    7     0    71    81 232399999    65                           
    0 9610   67 9580  117 9548  293 9479  341 9474  397 9481  429 9506  
  447 9543  484 9573  535 9597  607 9616  633 9607  691 9596  637 9659  
  689 9731  702 9718  732 9731  732 9745  853 9774  907 9757  937 9741  
  968 9760 1000 9795 1032 9808 1089 9816 1095 9794 1130 9783 1138 9789  
 1158 9775 1205 9756 1244 9748 1263 9737 1272 9726 1310 9710 1326 9712  
 1328 9720 1375 9701 1388 9698 1528 9698 1591 9687 1701 9678 1759 9654  
 1778 9640 1873 9588 1953 9528 1961 9525 1983 9509 2054 9528 2065 9528  
 2078 9536 2091 9536 2121 9544 2145 9568 2193 9578 2223 9600 2251 9638  
 2275 9662 2431 9756 2483 9796 2626 9928 2662 9941 2682 9930 2699 9938  
 2701 9963 274410000                                                    
L  1 5    8     0    91   101 232399999    12                           
 312010000 3122 9931 3113 9931 3107 9923 3115 9912 3122 9912 3148 9880  
 3158 9893 3169 9893 3169 9925 3146 9926 314310000                      
L  1 5    9     0   111   121 232399999     4                           
 320110000 3204 9990 3224 9990 322510000                                
L  1 5   10     0   131   141 232399999   158                           
 366710000 3726 9988 3748 9974 3791 9936 3849 9893 3905 9833 3939 9781  
 4001 9676 4044 9616 4098 9510 4141 9453 4192 9369 4327 9128 4438 8906  
 4616 8499 4688 8315 4782 8050 4825 7941 4904 7700 4948 7543 4957 7451  
 4958 7332 4954 7256 4941 7178 4921 7121 4906 7102 4836 7043 4795 7035  
 4772 7022 4774 7017 4797 7016 4800 6992 4804 6987 4810 6957 4810 6938  
 4791 6906 4778 6917 4754 6903 4741 6849 4717 6828 4682 6803 4684 6768  
 4725 6717 4759 6692 4837 6646 4843 6611 4834 6573 4798 6576 4748 6571  
 4726 6530 4686 6555 4638 6566 4617 6555 4625 6531 4627 6512 4631 6503  
 4683 6460 4722 6422 4748 6408 4827 6332 4844 6310 4866 6305 4883 6345  
 4918 6394 4948 6424 5026 6475 5082 6504 5140 6490 5190 6466 5239 6430  
 5336 6327 5360 6284 5375 6232 5385 6221 5389 6183 5411 6124 5465 6075  
 5490 6010 5490 5986 5475 5880 5479 5872 5522 5829 5532 5810 5558 5747  
 5581 5644 5579 5644 5590 5550 5611 5455 5634 5376 5647 5344 5692 5200  
 5711 5073 5712 4954 5705 4865 5718 4792 5731 4765 5791 4605 5808 4529  
 5869 4229 5875 4129 5870 4074 5853 4018 5887 3936 5900 3885 5915 3798  
 5905 3701 5892 3650 5899 3582 5922 3517 5979 3187 6008 3035 6021 2954  
 6046 2754 6061 2678 6077 2500 6075 2378 6081 2278 6082 2113 6086 2037  
 6095 2005 6096 1923 6109 1769 6104 1702 6082 1556 6069 1521 6041 1491  
 6006 1475 5991 1486 5978 1505 5959 1510 5935 1511 5933 1505 5954 1467  
 5976 1456 5995 1456 6023 1437 6036 1418 6076 1266 6068 1220 6011 1126  
 6009 1080 6041 1045 6052 1039 6086 1004 6131  944 6148  896 6159  879  
 6174  793 6186  663 6184  584 6190  533 6187  406 6156  241 6137  168  
 6123  103 6125   92 6145   49 6181    0                                
L  1 9   11     9   131   14188888 2323     4                           
 366710000100001000010000    0 6181    0                                
L  1 9   12     9   141    718888899999     3                           
 6181    0    0    0    0 9610                                          
L  1 9   13     9    71    8188888 2323     3                           
    0 9610    010000 274410000                                          
L  1 9   14     9    81    918888899999     2                           
 274410000 312010000                                                    
L  1 9   15     9    91   10188888 2323     2                           
 312010000 314310000                                                    
L  1 9   16     9   101   1118888899999     2                           
 314310000 320110000                                                    
L  1 9   17     9   111   12188888 2323     2                           
 320110000 322510000                                                    
L  1 9   18     9   121   1318888899999     2                           
 322510000 366710000                                                    
A  1 2323    1 2244 9502   1                                            
   -1                                                                   
A  1 2323    2 3096 9690   1                                            
   -2                                                                   
A  1 2323    3 4485 6996   1                                            
   -3                                                                   
A  1 2323    4 4628 6389   1                                            
   -4                                                                   
A  1 2323    5 4766 6241   1                                            
   -5                                                                   
A  1 2323    6 4738 6332   1                                            
   -6                                                                   
A  199999    7 2856 5038  20                                            
    7   14    8   16    9   18   10   12    0    1    0    2    0    3  
    0    4    0    5    0    6                                          
A  1 2323    8 1831 9736   2                                            
   13   -7                                                              
A  1 2323    9 3134 9940   2                                            
   15   -8                                                              
A  1 2323   10 3214 9994   2                                            
   17   -9                                                              
A  1 2323   11 7856 5016   2                                            
   11  -10                                                              
H1 2    0   14    0    0   38 0506 0506                                 
L  2 4    1     0    00    00               2                           
 6086 3889 6036 3893                                                    
L  2 4    2     0    00    00               4                           
 1886 9991 1880 9963 1791 9937 1761 9880                                
L  2 4    3     0    00    00              17                           
 5715 5749 5865 5769 5914 5794 6278 6143 6697 6255 6753 6219 7317 6375  
 7304 6543 7237 6511 7311 7026 7441 7055 7477 7187 7697 7300 7784 7259  
 7920 7437 8048 7456 8157 7541                                          
L  2 2    4     0    00    00               8                           
 6086 3889 5999 4288 6024 4503 5918 4861 5891 5068 5849 5228 5866 5427  
 5715 5749                                                              
L  2 3    5     0    00    00              30                           
 4494 9361 4756 9395 5034 9706 5230 9785 5428 9778 5682 9679 5917 9683  
 6046 9652 6455 9613 6717 9635 6882 9536 7003 9414 7090 9364 7188 9414  
 7485 9400 7574 9414 7720 9377 7898 9219 8118 9169 8163 9224 8144 9314  
 8353 9382 8536 9350 8588 9373 8804 9282 8860 9224 8915 9224 9029 9332  
 9188 9418 9376 9459                                                    
L  2 2    6     0    00    00               5                           
 5715 5749 5472 6357 5414 6458 5179 6628 5161 6659                      
L  2 2    7     0    00    00               7                           
 5108 6964 5108 7163 4936 8136 4778 8524 4735 8725 4730 8951 4494 9361  
L  2 2    8     1    00    00               3                           
 5161 6659 5111 6828 5108 6964                                          
L  2 3    9     0    00    00              10                           
 9376 9459 9467 9463 9601 9522 9676 9409 9771 9419 9787 9527 9825 9543  
 9893 9507 9965 937710000 9384                                          
L  2 2   10     0    00    00              12                           
 6316    0 6258  158 6268  327 6328  619 6317 1119 6356 1556 6356 2079  
 6328 2307 6224 2776 6185 3105 6112 3483 6086 3889                      
L  2 2   11     0    00    00               3                           
 147910000 1668 9897 1761 9880                                          
L  2 2   12     0    00    00               3                           
 1761 9880 2317 9831 259210000                                          
L  2 2   13     0    00    00               5                           
 382510000 3882 9973 4079 9774 4213 9558 4494 9361                      
L  2 5   14     0    00    00               8                           
 9376 9459 9352 9587 9237 9626 9186 9690 9208 9750 9427 9755 9519 9853  
 955910000                                                              
H1 3    0    4    0    0   13 0506 0506                                 
L  3 1    1     1    00    00               3                           
 4840 6680 4818 6743 4818 6796                                          
L  3 1    2     0    00    00              24                           
 6238    0 6219  270 6283 1044 6295 1226 6329 1643 6328 1956 6277 2322  
 6156 3031 6113 3265 6003 3897 5834 4936 5801 5292 5781 5402 5747 5577  
 5637 5866 5439 6343 5375 6449 5305 6507 5272 6530 5177 6546 5021 6552  
 4953 6571 4874 6626 4840 6680                                          
L  3 1    3     0    00    00              18                           
 4818 6796 4818 6850 4829 6922 4966 7133 5005 7223 5041 7409 5028 7496  
 4885 8126 4826 8306 4746 8476 4726 8533 4715 8607 4660 8997 4551 9193  
 4526 9239 4369 9455 4201 9682 397610000                                
L  3 1    4     0    00    00               6                           
 248210000 2417 9963 2310 9941 2223 9947 2078 9963 194710000            
M 603976ê[âY                  4    3   14    3    1   80                
H2 1    3    4    3    0   52 0506 0506                                 
N  1 2    1 9058 1952 0 2    1   -1    0    0    0    0    0    0    0  
N  1 1    210000 4148 1 3    2   -4   -3    0    0    0    0    0    0  
N  1 1    3 9669    0 1 3    4   -2    3    0    0    0    0    0    0  
L  1 5    1     0    10    10 232399999    11                           
 9058 1952 9068 1960 9080 1963 9088 1982 9078 1992 9052 1984 9042 1987  
 9026 1981 9018 1951 9040 1946 9058 1952                                
L  1 5    2     0    21    31 232399999   242                           
10000 4148 9936 4118 9912 4096 9834 4076 9806 4065 9736 3989 9708 3950  
 9690 3918 9650 3877 9632 3866 9588 3822 9493 3694 9469 3675 9435 3653  
 9403 3677 9365 3668 9351 3654 9345 3638 9363 3617 9363 3608 9355 3592  
 9337 3587 9313 3605 9279 3643 9259 3656 9241 3637 9219 3629 9201 3615  
 9187 3601 9147 3595 9135 3571 9135 3557 9151 3539 9156 3447 9152 3430  
 9140 3411 9112 3389 9090 3389 9082 3362 9102 3294 9113 3284 9135 3281  
 9145 3271 9155 3271 9165 3249 9171 3222 9165 3209 9159 3179 9153 3173  
 9137 3165 9089 3181 9081 3189 9077 3178 9065 3167 9059 3140 9057 3107  
 9074 3064 9110 3024 9128 3030 9132 3035 9168 3038 9192 3027 9214 3009  
 9218 3006 9212 3001 9209 2971 9213 2965 9247 2960 9247 2955 9259 2939  
 9271 2931 9277 2915 9277 2898 9255 2887 9255 2874 9275 2858 9291 2853  
 9294 2828 9314 2804 9310 2761 9302 2731 9276 2704 9218 2652 9215 2641  
 9213 2646 9176 2684 9184 2708 9180 2757 9172 2773 9162 2773 9160 2762  
 9166 2740 9166 2724 9158 2708 9144 2694 9130 2670 9128 2653 9134 2624  
 9143 2616 9130 2621 9112 2621 9108 2618 9131 2591 9135 2578 9147 2556  
 9161 2551 9165 2537 9163 2518 9149 2494 9163 2483 9167 2464 9188 2432  
 9174 2397 9186 2394 9186 2383 9206 2375 9214 2362 9214 2338 9176 2305  
 9154 2291 9139 2261 9139 2253 9173 2256 9197 2240 9215 2235 9227 2210  
 9233 2173 9212 2129 9184 2107 9162 2104 9160 2107 9132 2099 9128 2093  
 9105 2101 9090 2071 9088 2052 9074 2052 9046 2022 9064 2011 9096 2022  
 9106 2022 9104 2009 9118 1993 9118 1987 9122 1985 9142 1993 9160 1985  
 9233 1918 9255 1894 9255 1870 9245 1856 9245 1848 9261 1829 9270 1794  
 9304 1767 9308 1754 9310 1708 9302 1700 9300 1689 9314 1676 9309 1640  
 9333 1630 9365 1635 9387 1649 9409 1644 9405 1614 9403 1617 9397 1611  
 9397 1595 9379 1587 9365 1573 9367 1565 9365 1508 9380 1506 9380 1498  
 9392 1482 9392 1463 9408 1444 9406 1436 9438 1409 9454 1390 9464 1374  
 9491 1347 9501 1318 9499 1266 9491 1236 9465 1198 9448 1182 9428 1171  
 9397 1192 9389 1195 9379 1213 9345 1221 9323 1232 9319 1240 9305 1237  
 9275 1253 9269 1247 9251 1261 9231 1242 9199 1239 9177 1228 9173 1217  
 9187 1201 9181 1179 9183 1160 9191 1141 9197 1109 9212 1101 9220 1079  
 9258 1063 9260 1066 9292 1047 9332 1037 9346 1018 9368 1032 9376 1024  
 9396 1030 9408 1041 9430 1043 9438 1038 9489  949 9505  901 9458  757  
 9456  708 9462  684 9459  665 9477  546 9502  489 9508  443 9520  411  
 9522  379 9539  349 9559  271 9565  257 9577  209 9596  182 9598  168  
 9622  136 9648   85 9655   42 9669    0                                
L  1 9    3     9    31    218888899999     5                           
 9669    0    0    0    010000100001000010000 4148                      
L  1 9    4     9    31    21 232388888     3                           
 9669    010000    010000 4148                                          
A  1 2323    1 9053 1970   1                                            
   -1                                                                   
A  199999    2 5000 5265   4                                            
    2    3    0    1                                                    
A  1 2323    3 9566 2099   2                                            
   -4   -2                                                              
H1 2    0    8    0    0   16 0506 0506                                 
L  2 4    1     0    00    00               7                           
 9854 2833 9821 2849 9787 2837 9714 2749 9647 2750 9529 2676 9479 2688  
L  2 2    2     0    00    00               3                           
 9854 2833 9908 2896 9928 2948                                          
L  2 2    3     0    00    00               4                           
 9928 2948 9947 3032 9952 3138 9996 3298                                
L  2 2    4     0    00    00               6                           
10000 1736 9735 2051 9704 2112 9631 2440 9707 2660 9854 2833            
L  2 2    5     0    00    00               2                           
 9996 329810000 3325                                                    
L  2 2    6     0    00    00               3                           
10000 3505 9988 361510000 3666                                          
L  2 5    7     0    00    00               3                           
 9928 2948 9950 294210000 3000                                          
L  2 5    8     0    00    00               2                           
10000 3236 9996 3298                                                    
H1 3    0    2    0    0    6 0506 0506                                 
L  3 1    1     0    00    00               4                           
10000  665 9979  720 9968  79110000 1120                                
L  3 1    2     0    00    00              17                           
10000 1269 9996 1294 9976 1339 9370 2313 9359 2374 9353 2473 9367 2515  
 9612 2987 9668 3117 9665 3183 9631 3301 9604 3369 9604 3417 9624 3531  
 9658 3574 9830 375710000 3864                                          
H1 7    0    0    0    1    2 0506 0506                                 
P  7 6    1 9205 3507 0 1                                               
01 3 9205 3507              00  ‰ÉçÏçË                                  
M 603977ê[âY                  4   15   51   10    1  258                
H2 1   15   21   10    0  160 0506 0506                                 
N  1 1    1 525410000 1 3    6   10  -14    0    0    0    0    0    0  
N  1 1    2 610210000 1 3   15   -9    1    0    0    0    0    0    0  
N  1 1    3 551210000 1 3    7   -6   -1    0    0    0    0    0    0  
N  1 2    4 5104 8573 0 2    2   -2    0    0    0    0    0    0    0  
N  1 2    5 5079 8794 0 2    3   -3    0    0    0    0    0    0    0  
N  1 2    6 4033 7434 0 2    4   -4    0    0    0    0    0    0    0  
N  1 1    7 592610000 1 3    8   -7    5    0    0    0    0    0    0  
N  1 1    8 595710000 1 3    9   -8   -5    0    0    0    0    0    0  
N  1 1    9    0 4148 1 3  -10   14  -16    0    0    0    0    0    0  
N  1 1   10 2744    0 1 3   17   11   16    0    0    0    0    0    0  
N  1 1   11 3120    0 1 3   18  -11  -17    0    0    0    0    0    0  
N  1 1   12 3143    0 1 3   19   12  -18    0    0    0    0    0    0  
N  1 1   13 3201    0 1 3   20  -12  -19    0    0    0    0    0    0  
N  1 1   14 3225    0 1 3   21   13  -20    0    0    0    0    0    0  
N  1 1   15 3667    0 1 3  -15  -13  -21    0    0    0    0    0    0  
L  1 5    1     0    21    31 232399999    23                           
 610210000 6098 9985 6070 9964 6020 9942 5960 9940 5905 9883 5849 9851  
 5832 9848 5817 9881 5793 9876 5782 9846 5752 9819 5717 9816 5685 9806  
 5620 9806 5586 9820 5582 9860 5556 9936 5552 9942 5556 9947 5550 9961  
 5526 9969 551210000                                                    
L  1 5    2     0    40    40 232399999    17                           
 5104 8573 5108 8602 5121 8621 5126 8635 5126 8648 5121 8656 5124 8675  
 5121 8681 5113 8683 5100 8659 5089 8654 5082 8638 5080 8616 5082 8600  
 5080 8581 5093 8565 5104 8573                                          
L  1 5    3     0    50    50 232399999    17                           
 5079 8794 5072 8781 5079 8767 5070 8751 5074 8735 5083 8746 5094 8732  
 5096 8721 5106 8708 5115 8719 5122 8748 5115 8781 5105 8808 5090 8824  
 5083 8813 5079 8813 5079 8794                                          
L  1 5    4     0    60    60 232399999    19                           
 4033 7434 4029 7434 4027 7428 3996 7399 3968 7356 3921 7296 3918 7283  
 3927 7272 3953 7294 3964 7285 3981 7304 3983 7329 4022 7374 4044 7393  
 4068 7420 4066 7431 4059 7436 4051 7428 4033 7434                      
L  1 5    5     0    71    81 232399999     5                           
 592610000 5932 9991 5940 9988 5951 9991 595710000                      
L  1 9    6     9    11    3188888 2323     2                           
 525410000 551210000                                                    
L  1 9    7     9    31    718888899999     2                           
 551210000 592610000                                                    
L  1 9    8     9    71    8188888 2323     2                           
 592610000 595710000                                                    
L  1 9    9     9    81    218888899999     2                           
 595710000 610210000                                                    
L  1 5   10     0    11    91 232399999   504                           
 525410000 5233 9989 5245 9959 5250 9927 5262 9921 5265 9902 5288 9910  
 5321 9889 5347 9897 5368 9869 5387 9856 5402 9831 5409 9804 5413 9799  
 5419 9775 5419 9756 5408 9737 5400 9734 5382 9683 5382 9677 5361 9672  
 5356 9656 5358 9629 5330 9572 5334 9553 5343 9556 5362 9553 5386 9537  
 5371 9512 5373 9488 5345 9469 5345 9453 5349 9442 5349 9423 5338 9407  
 5312 9402 5299 9410 5291 9394 5293 9372 5277 9361 5265 9386 5247 9397  
 5237 9389 5211 9391 5200 9389 5198 9394 5189 9386 5189 9381 5183 9386  
 5178 9408 5165 9413 5122 9289 5111 9268 5115 9265 5146 9300 5152 9300  
 5167 9308 5163 9289 5167 9286 5184 9300 5193 9281 5178 9265 5160 9208  
 5165 9194 5177 9192 5186 9186 5203 9183 5214 9170 5208 9145 5212 9132  
 5207 9116 5237 9070 5226 9040 5207 9026 5183 9035 5164 9027 5151 9027  
 5144 9011 5138 9005 5138 8992 5157 8975 5170 8973 5177 8954 5183 8951  
 5198 8932 5233 8945 5243 8942 5269 8915 5273 8899 5273 8880 5265 8848  
 5249 8810 5225 8780 5199 8761 5182 8740 5151 8578 5177 8588 5203 8583  
 5218 8561 5213 8469 5215 8448 5241 8402 5247 8372 5243 8348 5226 8307  
 5171 8234 5141 8202 5111 8191 5055 8197 4847 8060 4791 8052 4731 8055  
 4700 8055 4683 8047 4672 8055 4655 8083 4642 8107 4608 8126 4601 8123  
 4586 8105 4571 8129 4545 8161 4498 8205 4472 8219 4459 8197 4470 8167  
 4478 8151 4466 8148 4463 8143 4489 8110 4500 8108 4511 8091 4539 8094  
 4556 8102 4567 8069 4584 8048 4605 8037 4627 8018 4627 7999 4605 7866  
 4596 7810 4583 7772 4563 7769 4546 7745 4517 7669 4502 7648 4476 7583  
 4465 7575 4465 7548 4471 7491 4458 7464 4387 7359 4376 7329 4410 7205  
 4438 7143 4461 7113 4496 7091 4511 7077 4550 7118 4543 7137 4554 7147  
 4571 7153 4606 7147 4621 7155 4645 7139 4653 7117 4655 7087 4666 7079  
 4670 7066 4672 7031 4655 6928 4635 6893 4609 6858 4538 6785 4535 6777  
 4503 6764 4475 6761 4361 6767 4337 6767 4324 6759 4315 6735 4259 6727  
 4229 6708 4222 6711 4218 6719 4222 6738 4188 6779 4180 6795 4154 6882  
 4150 6917 4163 6917 4243 6957 4247 6997 4254 7006 4252 7019 4221 6987  
 4176 6965 4161 6982 4142 6993 4092 6995 4079 7001 4077 7012 4055 7039  
 4038 7034 4032 7028 4032 7001 4016 6982 3988 6977 3923 6948 3913 6926  
 3897 6923 3813 6935 3792 6932 3790 6929 3779 6967 3762 7000 3745 7013  
 3747 7035 3743 7046 3758 7057 3762 7075 3758 7089 3736 7084 3715 7070  
 3706 7060 3700 7068 3691 7062 3682 7035 3682 7022 3671 6992 3660 6989  
 3663 7022 3669 7049 3667 7073 3663 7084 3652 7073 3652 7052 3639 7003  
 3628 6992 3613 7014 3607 7028 3594 7001 3585 6992 3574 6974 3565 6944  
 3574 6933 3574 6903 3541 6912 3552 6871 3550 6855 3545 6847 3528 6839  
 3511 6847 3500 6858 3492 6917 3483 6917 3477 6901 3466 6898 3457 6923  
 3442 6920 3440 6912 3444 6877 3448 6834 3453 6804 3437 6793 3392 6791  
 3384 6823 3369 6837 3362 6837 3349 6826 3338 6772 3293 6745 3258 6734  
 3228 6729 3198 6743 3181 6775 3163 6781 3146 6805 3112 6824 3077 6876  
 3071 6879 3062 6890 3043 6900 3039 6919 3024 6919 3011 6903 3011 6941  
 2987 6955 2979 6966 2950 6955 2940 6990 2933 6985 2916 7001 2895 7015  
 2871 7039 2867 7050 2847 7064 2815 7066 2811 7037 2804 7042 2761 7029  
 2774 7053 2781 7077 2796 7091 2800 7110 2785 7129 2766 7140 2759 7137  
 2763 7118 2757 7099 2737 7094 2738 7124 2733 7143 2738 7205 2725 7213  
 2703 7235 2663 7262 2641 7259 2622 7251 2593 7227 2567 7189 2554 7187  
 2524 7203 2496 7184 2453 7174 2442 7168 2427 7152 2412 7122 2412 7101  
 2416 7082 2399 7074 2375 7055 2353 7017 2316 6990 2277 6926 2251 6899  
 2243 6877 2236 6872 2221 6848 2214 6845 2195 6826 2188 6804 2177 6788  
 2134 6683 2108 6635 2101 6591 2108 6556 2090 6553 2077 6521 2068 6483  
 2073 6445 2088 6418 2083 6405 2062 6402 2053 6394 2040 6392 2023 6383  
 1995 6386 1982 6378 1975 6367 1966 6332 1954 6324 1938 6292 1936 6276  
 1923 6262 1906 6268 1891 6268 1886 6249 1876 6238 1873 6217 1867 6200  
 1856 6187 1841 6195 1830 6195 1815 6187 1789 6157 1782 6120 1782 6093  
 1739 6052 1726 6044 1696 5998 1665 5963 1652 5945 1650 5923 1639 5885  
 1635 5850 1626 5820 1645 5766 1649 5758 1675 5744 1675 5739 1727 5731  
 1751 5712 1768 5690 1776 5668 1768 5636 1742 5603 1687 5558 1664 5547  
 1657 5547 1625 5572 1623 5577 1631 5601 1653 5644 1634 5655 1599 5666  
 1589 5647 1582 5642 1558 5602 1554 5585 1562 5539 1575 5526 1579 5499  
 1603 5474 1603 5461 1577 5431 1560 5423 1534 5434 1525 5434 1499 5410  
 1501 5399 1490 5388 1475 5334 1441 5324 1419 5329 1421 5345 1413 5356  
 1400 5354 1389 5392 1372 5386 1370 5389 1328 5308 1294 5289 1283 5300  
 1266 5287 1270 5252 1255 5254 1246 5260 1235 5244 1231 5227 1218 5214  
 1207 5211 1197 5233 1192 5268 1171 5257 1175 5190 1155 5176 1129 5171  
 1104 5179 1078 5177 1063 5163 1043 5161 1026 5155 1006 5142 1000 5129  
 1000 5080  984 5047  937 4996  887 4953  844 4902  820 4889  796 4900  
  790 4897  777 4884  753 4878  744 4884  740 4881  720 4832  699 4811  
  606 4768  573 4744  552 4728  524 4698  493 4674  485 4671  465 4653  
  454 4647  452 4639  437 4655  418 4639  411 4596  387 4564  370 4550  
  355 4531  340 4499  318 4483  314 4483  303 4494  286 4491  279 4478  
  275 4475  262 4443  247 4427  210 4405  192 4384  162 4354  136 4305  
  136 4292  123 4235   93 4198   67 4192   43 4192   19 4163    0 4148  
L  1 5   11     0   101   111 232399999    15                           
 2744    0 2746    4 2775   20 2781   18 2792   23 2824   23 2835   28  
 2839   53 2857   50 2923   22 2953   17 3018   38 3079   27 3111   11  
 3120    0                                                              
L  1 5   12     0   121   131 232399999     7                           
 3143    0 3148   37 3156   40 3182   37 3193   32 3199   16 3201    0  
L  1 5   13     0   141   151 232399999    14                           
 3225    0 3236   15 3251   18 3303   10 3314   12 3331  104 3361  109  
 3420  106 3544   79 3575   54 3590   41 3643   13 3665    8 3667    0  
L  1 9   14     9    91    118888899999     3                           
    0 4148    010000 525410000                                          
L  1 9   15     9    21   15188888 2323     4                           
 610210000100001000010000    0 3667    0                                
L  1 9   16     9   101    9188888 2323     3                           
 2744    0    0    0    0 4148                                          
L  1 9   17     9   101   1119999988888     2                           
 2744    0 3120    0                                                    
L  1 9   18     9   111   121 232388888     2                           
 3120    0 3143    0                                                    
L  1 9   19     9   121   1319999988888     2                           
 3143    0 3201    0                                                    
L  1 9   20     9   131   141 232388888     2                           
 3201    0 3225    0                                                    
L  1 9   21     9   141   1519999988888     2                           
 3225    0 3667    0                                                    
A  1 2323    1 5492 5048  10                                            
    6   -1   15  -13  -20  -12  -18  -11   16  -10                      
A  199999    2 1206 7100   8                                            
   10   14    0    4    0    3    0    2                                
A  199999    3 5745 9902   4                                            
    1    7    5    9                                                    
A  1 2323    4 5101 8624   1                                            
   -2                                                                   
A  1 2323    5 5098 8766   1                                            
   -3                                                                   
A  1 2323    6 3986 7354   1                                            
   -4                                                                   
A  1 2323    7 5942 9994   2                                            
    8   -5                                                              
A  199999    8 3031   26   2                                            
   11  -17                                                              
A  199999    9 3172   18   2                                            
   12  -19                                                              
A  199999   10 3448   54   2                                            
   13  -21                                                              
H1 2    0   14    0    0   51 0506 0506                                 
L  2 4    1     0    00    00              51                           
 3573   82 3502  183 3315  183 3231  154 3129  157 3114  174 3076  448  
 3168  589 3170  698 3194  782 3158  946 3289 1168 3539 1415 3556 2034  
 3638 2176 3644 2340 3745 2556 3738 2958 3713 3062 3764 3175 3879 3237  
 3870 3329 3911 3399 3863 3558 3936 3604 3845 3701 3780 3940 3859 3943  
 3872 3981 3780 4087 3710 4021 3594 4044 3624 4106 3587 4175 3633 4310  
 3699 4249 3718 4261 3645 4413 3636 4515 3684 4744 3653 4825 3702 5083  
 3838 5092 3863 5145 3858 5420 4037 5877 4234 6158 4244 6431 4231 6569  
 4150 6734 4163 6771                                                    
L  2 2    2     0    00    00              25                           
 4163 6771 4232 6697 4327 6653 4492 6653 4574 6692 4604 6732 4637 6859  
 4676 6949 4686 7137 4659 7182 4536 7234 4514 7305 4535 7570 4571 7724  
 4607 7777 4631 7963 4646 8016 4686 8039 4859 8057 5046 8188 5081 8185  
 5167 8116 5269 8117 5333 8194 5347 8330                                
L  2 5    3     0    00    00              24                           
 1306   90 1396  278 1396  536 1433  636 1421 1494 1483 1608 1483 1780  
 1620 1923 1658 2424 1595 2695 1608 2896 1670 3067 1882 3239 1932 3468  
 2019 3625 2094 3682 2106 3854 2168 3983 2056 4240 2007 4512 1982 4655  
 1882 4783 1882 5127 1828 5405                                          
L  2 2    4     0    00    00              19                           
 1828 5405 1932 5487 1979 5564 1962 5827 2300 6299 2394 6569 2644 6826  
 2763 6850 3065 6725 3157 6652 3264 6608 3395 6583 3470 6601 3527 6717  
 3614 6777 3746 6917 4081 6920 4113 6890 4163 6771                      
L  2 2    5     0    00    00              10                           
 5347 8330 5329 8444 5264 8641 5266 8693 5353 8879 5330 9062 5795 9599  
 5930 9709 6186 9882 626510000                                          
L  2 5    6     0    00    00              32                           
 5347 8330 5670 8256 5969 7784 5919 7541 6143 7455 6367 7298 6479 7283  
 6691 7326 7053 7269 7165 7183 7289 7126 7364 6883 7451 6783 7601 6525  
 7800 6468 7887 6368 8024 5953 8087 5867 8249 5810 8298 5724 8348 5553  
 8548 5453 8622 5324 8809 5310 8959 5124 9058 4966 9121 4966 9333 5095  
 9507 5095 9657 4995 9889 501110000 5078                                
L  2 2    7     0    00    00               2                           
 1306   90 1479    0                                                    
L  2 2    8     0    00    00               9                           
 2592    0 2756  105 2881  112 2901   84 3187   63 3272  120 3326  133  
 3486  114 3573   82                                                    
L  2 2    9     0    00    00               3                           
 3573   82 3712   29 3825    0                                          
L  2 5   10     0    00    00               6                           
 9559    0 9562   13 9636  130 9715  171 9895  14010000  172            
L  2 2   11     0    00    00              13                           
 1306   90  928   54  842  113  738  345  558  375  222  607  107  830  
   86  954   95 1082  156 1255  176 1466  167 1531    0 1736            
L  2 2   12     0    00    00               3                           
    0 3325   19 3423    0 3505                                          
L  2 2   13     0    00    00              13                           
    0 3666   73 3952  106 3997  313 4184  378 4349  573 4588  660 4630  
 1167 4980 1278 5125 1402 5125 1636 5286 1733 5330 1828 5405            
L  2 5   14     0    00    00               4                           
    0 3000  152 3109  134 3145    0 3236                                
H1 3    0   16    0    0   42 0506 0506                                 
L  3 1    1     0    00    00              28                           
 4554 7378 4559 7525 4621 7716 4686 7867 4764 7976 4845 8028 4936 8044  
 5039 8117 5176 8162 5242 8191 5266 8209 5301 8262 5309 8301 5320 8345  
 5304 8424 5240 8589 5233 8655 5301 8855 5307 8929 5267 9154 5272 9236  
 5304 9304 5368 9356 5443 9431 5490 9550 5540 9628 5582 9666 620410000  
L  3 1    2     1    00    00               5                           
 4699 7211 4676 7233 4593 7298 4573 7330 4554 7378                      
L  3 1    3     0    00    00               3                           
 4774 6990 4749 7111 4699 7211                                          
L  3 1    4     1    00    00               4                           
 4643 6694 4744 6873 4768 6945 4774 6990                                
L  3 1    5     0    00    00               2                           
 4551 6563 4643 6694                                                    
L  3 1    6     1    00    00               3                           
 4390 6431 4490 6483 4551 6563                                          
L  3 1    7     0    00    00               5                           
 4148 6556 4217 6470 4237 6463 4315 6434 4390 6431                      
L  3 1    8     1    00    00               2                           
 4117 6614 4148 6556                                                    
L  3 1    9     0    00    00               2                           
 4078 6682 4117 6614                                                    
L  3 1   10     1    00    00               6                           
 3831 6797 3900 6823 3942 6826 3988 6812 4023 6775 4078 6682            
L  3 1   11     1    00    00               2                           
 3790   76 3701   78                                                    
L  3 1   12     0    00    00               4                           
 3976    0 3949   30 3887   68 3790   76                                
L  3 1   13     0    00    00              10                           
 3701   78 3660   94 3573  178 3494  223 3440  242 3377  239 3255  200  
 3111  186 2725  138 2482    0                                          
L  3 1   14     0    00    00               9                           
 1947    0 1870   28 1106  251  777  265  408  274  346  309   90  516  
   35  585    0  665                                                    
L  3 1   15     0    00    00               3                           
    0 1120   10 1208    0 1269                                          
L  3 1   16     0    00    00              37                           
    0 3864   72 3900  253 4002  300 4050  451 4395  504 4467  551 4514  
  640 4572  734 4614  868 4665  979 4713 1039 4762 1326 5126 1551 5283  
 1815 5461 1866 5516 1888 5589 1899 5650 1899 5791 1913 5834 1942 5888  
 2102 6062 2155 6152 2366 6582 2380 6601 2454 6711 2572 6877 2639 6928  
 2700 6935 2758 6938 2822 6909 3160 6691 3280 6627 3341 6624 3383 6627  
 3516 6672 3831 6797                                                    
H1 7    0    0    0    1    1 0506 0506                                 
P  753    1 4488 7466 0 0                                               
