M 613907éŠ–Ø                  4   15   33   11    0  178                
H2 1   15   20   11    0  133 0506 0506                                 
N  1 1    1 5512    0 1 3    1  -17   18    0    0    0    0    0    0  
N  1 1    2 5254    0 1 3   17   -1   11    0    0    0    0    0    0  
N  1 1    310000 8973 1 3  -11    2  -16    0    0    0    0    0    0  
N  1 1    410000 8887 1 3   16   -2  -15    0    0    0    0    0    0  
N  1 1    510000 8879 1 3   15    3  -14    0    0    0    0    0    0  
N  1 1    610000 8838 1 3   14   -3  -13    0    0    0    0    0    0  
N  1 1    710000 7925 1 3   13    4  -12    0    0    0    0    0    0  
N  1 1    8 6102    0 1 3   12   -4  -20    0    0    0    0    0    0  
N  1 1    9 5957    0 1 3   20    5  -19    0    0    0    0    0    0  
N  1 1   10 5926    0 1 3   19   -5  -18    0    0    0    0    0    0  
N  1 2   11 9842 7916 0 2    6   -6    0    0    0    0    0    0    0  
N  1 2   12 9500 6800 0 2    7   -7    0    0    0    0    0    0    0  
N  1 2   13 8981 8034 0 2    8   -8    0    0    0    0    0    0    0  
N  1 2   14 7721 3897 0 2    9   -9    0    0    0    0    0    0    0  
N  1 2   15 9384 6366 0 2   10  -10    0    0    0    0    0    0    0  
L  1 5    1     0    11    21 232399999    37                           
 5512    0 5505   15 5481   43 5470   64 5435  110 5412  132 5399  175  
 5382  205 5379  219 5368  240 5355  254 5320  259 5304  251 5256  246  
 5243  286 5221  297 5201  286 5196  262 5210  248 5214  237 5205  221  
 5205  202 5219  170 5214  153 5214  129 5205  115 5177  112 5155   93  
 5146   80 5155   45 5166   26 5190    4 5210    4 5219    9 5225    7  
 5241    7 5254    0                                                    
L  1 5    2     0    31    41 232399999    25                           
10000 8973 9974 9004 9945 9020 9943 9017 9940 9023 9927 9034 9896 9031  
 9896 9023 9881 9020 9872 9025 9868 9023 9865 9015 9879 8993 9899 8911  
 9907 8917 9925 8917 9934 8928 9947 8928 9960 8920 9967 8906 9956 8895  
 9958 8884 9976 8890 9987 887910000 8887                                
L  1 5    3     0    51    61 232399999     7                           
10000 8879 9987 8866 9976 8868 9971 8860 9967 8836 9991 883310000 8838  
L  1 5    4     0    71    81 232399999   236                           
10000 7925 9987 7916 9886 7872 9855 7870 9831 7872 9800 7870 9795 7864  
 9791 7848 9800 7829 9800 7818 9784 7788 9776 7761 9769 7723 9773 7707  
 9791 7696 9815 7666 9818 7658 9809 7598 9789 7566 9773 7547 9760 7541  
 9734 7519 9727 7503 9743 7422 9747 7357 9741 7278 9723 7237 9703 7202  
 9661 7148 9648 7120 9615 6958 9578 6830 9562 6795 9520 6719 9503 6656  
 9463 6537 9448 6458 9439 6428 9382 6341 9362 6314 9338 6268 9324 6252  
 9300 6241 9258 6206 9214 6184 9196 6167 9181 6159 9170 6162 9166 6170  
 9168 6178 9218 6222 9236 6241 9249 6262 9247 6311 9234 6322 9207 6319  
 9199 6311 9194 6298 9179 6290 9163 6268 9143 6254 9128 6235 9115 6224  
 9104 6205 9106 6192 9113 6181 9113 6165 9099 6178 9093 6197 9080 6208  
 9046 6221 9031 6211 9033 6189 9029 6173 9049 6118 9060 6099 9084 6070  
 9097 6061 9130 6018 9141 5988 9163 5956 9205 5861 9230 5777 9236 5742  
 9263 5693 9278 5671 9292 5630 9292 5595 9263 5421 9234 5299 9186 5183  
 9065 4919 9063 4908 9052 4897 9032 4892 9010 4865 8986 4821 8950 4778  
 8906 4734 8900 4634 8875 4539 8838 4444 8823 4409 8805 4341 8686 4164  
 8649 4118 8653 4113 8649 4107 8642 4107 8620 4072 8563 4012 8536 3988  
 8523 3982 8499 3963 8444 3941 8415 3941 8386 3955 8358 3990 8347 4050  
 8320 4017 8316 4006 8292 4023 8278 4050 8261 4039 8254 4025 8241 4022  
 8226 4014 8219 3990 8226 3974 8239 3960 8243 3960 8243 3957 8230 3949  
 8186 3941 8162 3941 8144 3927 8122 3887 8107 3835 8109 3813 8096 3786  
 8060 3767 7974 3751 7950 3734 7919 3675 7889 3642 7858 3669 7833 3677  
 7822 3669 7811 3636 7798 3634 7794 3639 7785 3642 7743 3639 7719 3642  
 7719 3647 7699 3642 7695 3614 7684 3598 7642 3574 7631 3557 7633 3538  
 7631 3525 7637 3503 7631 3490 7618 3492 7613 3484 7618 3454 7620 3443  
 7646 3446 7651 3441 7664 3441 7688 3476 7697 3476 7710 3460 7710 3422  
 7719 3408 7745 3395 7790 3327 7796 3278 7783 3197 7783 3064 7761 2912  
 7744 2847 7715 2771 7691 2722 7645 2649 7612 2605 7609 2562 7620 2488  
 7629 2456 7616 2369 7607 2347 7572 2323 7557 2233 7548 2201 7559 2125  
 7561 2084 7557 2016 7544 1948 7524 1878 7502 1826 7471 1737 7403 1598  
 7372 1549 7357 1536 7324 1492 7284 1451 7196 1337 7060 1199 7002 1152  
 6980 1152 6952 1158 6952 1128 6934 1038 6910  951 6881  892 6857  865  
 6807  769 6736  683 6703  628 6690  593 6675  563 6655  539 6628  514  
 6597  495 6567  471 6501  432 6481  378 6474  343 6430  259 6358  147  
 6322  117 6285   96 6239   79 6142   33 6102    0                      
L  1 5    5     0    91   101 232399999     5                           
 5957    0 5946   16 5922   14 5919    3 5926    0                      
L  1 5    6     0   110   110 232399999    47                           
 9842 7916 9842 7927 9835 7935 9813 7946 9800 7962 9789 7967 9775 7967  
 9767 7986 9767 8008 9756 8024 9740 7983 9747 7943 9720 7910 9709 7913  
 9692 7894 9681 7894 9678 7877 9681 7872 9692 7872 9723 7867 9723 7859  
 9694 7853 9703 7834 9705 7812 9685 7788 9681 7777 9665 7758 9670 7753  
 9679 7723 9687 7717 9687 7688 9698 7679 9712 7679 9734 7715 9743 7761  
 9749 7772 9760 7823 9758 7837 9753 7842 9758 7856 9758 7872 9765 7880  
 9771 7878 9798 7897 9800 7894 9835 7897 9842 7916                      
L  1 5    7     0   120   120 232399999    14                           
 9500 6800 9496 6797 9496 6806 9487 6819 9478 6811 9452 6762 9448 6716  
 9459 6708 9470 6719 9478 6738 9500 6765 9509 6789 9507 6808 9500 6800  
L  1 5    8     0   130   130 232399999    19                           
 8981 8034 8984 8028 8997 8042 8999 8058 9006 8080 9021 8085 9039 8107  
 9037 8121 9023 8142 9026 8169 9017 8172 9010 8167 8995 8126 8986 8118  
 8988 8099 8979 8088 8973 8072 8979 8053 8981 8034                      
L  1 5    9     0   140   140 232399999    25                           
 7721 3897 7738 3899 7747 3910 7749 3932 7747 3946 7754 3973 7752 3994  
 7754 4003 7752 4049 7741 4062 7716 4068 7705 4059 7701 4043 7710 4016  
 7683 3994 7688 3983 7688 3962 7681 3962 7668 3954 7666 3943 7675 3929  
 7688 3926 7692 3929 7710 3921 7721 3897                                
L  1 5   10     0   150   150 232399999    15                           
 9384 6366 9386 6369 9384 6382 9393 6398 9388 6407 9377 6401 9373 6396  
 9364 6393 9353 6374 9344 6344 9344 6333 9360 6322 9364 6325 9375 6355  
 9384 6366                                                              
L  1 9   11     9    21    318888899999     5                           
 5254    0    0    0    010000100001000010000 8973                      
L  1 9   12     9    81    71 232388888     3                           
 6102    010000    010000 7925                                          
L  1 9   13     9    71    619999988888     2                           
10000 792510000 8838                                                    
L  1 9   14     9    61    51 232388888     2                           
10000 883810000 8879                                                    
L  1 9   15     9    51    419999988888     2                           
10000 887910000 8887                                                    
L  1 9   16     9    41    31 232388888     2                           
10000 888710000 8973                                                    
L  1 9   17     9    21    11 232388888     2                           
 5254    0 5512    0                                                    
L  1 9   18     9    11   1019999988888     2                           
 5512    0 5926    0                                                    
L  1 9   19     9   101    91 232388888     2                           
 5926    0 5957    0                                                    
L  1 9   20     9    91    819999988888     2                           
 5957    0 6102    0                                                    
A  199999    1 3731 4516  20                                            
    1   11    2  -15    3  -13    4  -20    5  -18    0   10    0    9  
    0    8    0    7    0    6                                          
A  1 2323    2 5311  148   2                                            
  -17   -1                                                              
A  1 2323    3 9944 8956   2                                            
  -16   -2                                                              
A  1 2323    4 9985 8856   2                                            
  -14   -3                                                              
A  1 2323    5 9269 3989   2                                            
  -12   -4                                                              
A  1 2323    6 5936    7   2                                            
  -19   -5                                                              
A  1 2323    7 9726 7850   1                                            
   -6                                                                   
A  1 2323    8 9475 6763   1                                            
   -7                                                                   
A  1 2323    9 9011 8100   1                                            
   -8                                                                   
A  1 2323   10 7721 3982   1                                            
   -9                                                                   
A  1 2323   11 9366 6364   1                                            
  -10                                                                   
H1 2    0    3    0    0   13 0506 0506                                 
L  2 2    1     0    00    00              16                           
 6265    0 6416  109 6551  405 6684  477 6736  552 6771  643 6845  743  
 6944  920 7027 1123 7224 1286 7479 1580 7531 1588 7851 1345 7973 1368  
 8131 1477 8188 1766                                                    
L  2 2    2     0    00    00              34                           
 8188 1766 8145 1849 8148 1941 8081 1945 8079 2022 8134 2088 8281 2078  
 8328 2129 8252 2558 8259 2712 8500 3246 8528 3409 8669 3679 8668 3778  
 8693 3890 8685 4040 8756 4130 8806 4246 8946 4469 8988 4618 9284 5297  
 9312 5439 9339 5695 9326 5803 9274 5972 9299 6108 9480 6340 9695 6920  
 9768 7075 9838 7330 9914 7511 9921 7634 9958 774210000 7751            
L  2 5    3     0    00    00               8                           
 8188 1766 8846 1845 9551 1631 9803 1359 9816 1130 9702  830 9715  673  
10000  535                                                              
H1 3    0    9    0    0   25 0506 0506                                 
L  3 1    1     0    00    00              25                           
 6204    0 6415  144 6429  192 6553  426 6668  499 6731  616 6823  781  
 6887  857 6988 1114 7052 1185 7160 1279 7238 1349 7438 1597 7499 1634  
 7643 1642 7739 1637 7809 1637 7867 1671 7896 1695 7939 1759 7955 1824  
 7957 1891 7946 1949 7907 2014 7753 2245                                
L  3 1    2     0    00    00              10                           
 7682 2376 7657 2440 7662 2499 7668 2537 7719 2665 7769 2761 7808 2942  
 7845 3167 7842 3215 7820 3395                                          
L  3 1    3     1    00    00               3                           
 7753 2245 7709 2325 7682 2376                                          
L  3 1    4     1    00    00               5                           
 7820 3395 7812 3456 7820 3484 7820 3507 7840 3536                      
L  3 1    5     0    00    00               4                           
 7840 3536 7862 3575 7911 3618 7978 3656                                
L  3 1    6     1    00    00               3                           
 7978 3656 8014 3676 8062 3693                                          
L  3 1    7     0    00    00               5                           
 8062 3693 8124 3725 8180 3790 8208 3828 8286 3886                      
L  3 1    8     1    00    00               3                           
 8286 3886 8352 3904 8424 3905                                          
L  3 1    9     0    00    00              24                           
 8424 3905 8565 3956 8610 4005 8851 4392 8910 4545 9106 4972 9221 5245  
 9275 5424 9290 5538 9295 5635 9274 5768 9232 5947 9238 6040 9268 6121  
 9396 6289 9481 6454 9764 7204 9791 7309 9809 7383 9827 7536 9857 7677  
 9880 7741 9919 778910000 7843                                          
H1 5    0    1    0    0    3 0506 0506                                 
L  5 1    1     0    00    00              12                           
 7561 2084 7616 1885 8220 1584 8813 1678 9081 1647 9232 1414 9152 1049  
 9228  838 9326  860 9577  757 9757  60210000  443                      
