M 624100ñÚå§â∑êÚ              3    1   10    1    0   49                
H2 1    1    1    1    0    5 0506 0506                                 
N  1 1    110000    0 1 2    1   -1    0    0    0    0    0    0    0  
L  1 9    1     9    11    1188888 2208     5                           
10000    0    0    0    010000100001000010000    0                      
A  1 2208    1 5000 4995   1                                            
    1                                                                   
H1 2    0    7    0    0   30 0506 0506                                 
L  2 3    1     0    00    00              42                           
 4721    0 4790   86 4691  149 4577  474 4818  676 4908  820 5096  878  
 4967 1078 4965 1277 4998 1357 4927 1405 4861 1511 5003 1686 5048 2099  
 5209 2208 5306 2682 5385 2769 5563 2769 5596 2903 5687 2933 5714 2848  
 5930 2951 5930 3085 6011 3169 6043 3145 6086 2915 6129 2921 6189 3030  
 6097 3370 6180 3672 6273 3769 6284 3899 6348 3939 6452 4140 6510 4342  
 6660 4557 6574 4752 6537 5090 6591 5188 6542 5310 6423 5331 6254 5498  
L  2 3    2     0    00    00              22                           
 5740    0 5801   48 5938   38 6033  144 6137  139 6250  192 6434  112  
 6491   75 6562  102 6581  229 6694  251 6841  474 7035  426 7167  463  
 7224  550 7266  538 7242  357 7337  171 7474   54 7819  128 8032  102  
 8110    0                                                              
L  2 5    3     0    00    00               4                           
    0 1499  110 1370   92 1204    0 1138                                
L  2 5    4     0    00    00               7                           
    0  844  217  770  266  636  324  479  318  424  162  355    0  217  
L  2 4    5     0    00    00              35                           
 3968 6071 3905 6191 3847 6386 3835 6485 3747 6634 3707 7017 3581 7126  
 3510 7109 3452 7083 3364 7105 3295 7354 3310 7472 3252 7528 3041 7636  
 3002 7618 2954 7449 2936 7281 2819 7160 2710 7066 2603 7085 2090 7395  
 1792 7465 1668 7499 1565 7558 1480 7665 1286 7828 1209 7999 1066 8122  
  919 8087  784 7985  695 7978  443 8018  365 7966  245 7876    0 7785  
L  2 3    6     0    00    00              14                           
 6254 5498 6186 5449 6036 5507 5789 5506 5533 5344 5267 5365 5170 5420  
 5012 5715 4995 5891 4879 5996 4566 5942 4475 6057 4248 6008 3968 6071  
L  2 3    7     0    00    00              27                           
 6254 5498 6255 5611 6328 5764 6435 5800 6620 6093 6799 6207 6990 6223  
 7377 6340 7525 6475 7580 6464 7707 6218 7846 6151 7915 6060 8014 6047  
 8106 6106 8118 6249 8259 6380 8499 6386 8684 6425 8783 6588 9032 6697  
 9437 6669 9585 6541 9818 6505 9857 6483 9969 635710000 6335            
H1 5    0    2    0    0   11 0506 0506                                 
L  5 1    1     0    00    00              13                           
10000 2130 9800 2079 9724 1561 9886 1396 9491 1245 9564 1161 9626 1194  
 9665  896 9546  886 9382  730 9324  536 9091  497 8759    0            
L  5 1    2     0    00    00              44                           
10000 6255 9838 6447 9260 6569 8983 6465 8848 6309 8314 6361 8151 5977  
 7891 6022 7650 6193 7468 6393 7279 6424 7068 6381 6786 6266 6586 6139  
 6272 5740 6143 5501 5793 5673 5636 5593 5488 5393 5257 5490 5004 5932  
 4889 6030 4597 5966 4504 6067 4016 6114 3788 6629 3827 6955 3574 7150  
 3351 7176 3337 7456 3093 7784 2979 7690 2934 7505 2919 7303 2678 7086  
 2151 7432 1659 7533 1391 7820 1171 8165  771 8118  676 8212  395 8165  
  115 7870    0 7931                                                    
M 624101ëÂî®                  3    6   62    4    0  178                
H2 1    6    9    4    0   51 0506 0506                                 
N  1 1    1 9367    0 1 3    1    5    6    0    0    0    0    0    0  
N  1 1    210000 1126 1 3    8   -1   -6    0    0    0    0    0    0  
N  1 1    310000 3032 1 3    9    2   -8    0    0    0    0    0    0  
N  1 2    4 9974 3077 0 3    3   -2   -4    0    0    0    0    0    0  
N  1 1    5 262410000 1 3    7   -5   -3    0    0    0    0    0    0  
N  1 1    610000 3056 1 3   -7    4   -9    0    0    0    0    0    0  
L  1 3    1     0    11    21 2208 2424    10                           
 9367    0 9465  209 9539  353 9632  502 9677  584 9752  695 9845  850  
 9890  924 9998 114710000 1126                                          
L  1 3    2     0    31    40 2208 2424     3                           
10000 3032 9993 3034 9974 3077                                          
L  1 5    3     0    40    51 220899999   128                           
 9974 3077 9911 3104 9818 3155 9731 3195 9633 3244 9462 3308 9278 3419  
 9141 3494 9016 3588 8946 3626 8896 3667 8819 3710 8728 3753 8658 3801  
 8558 3893 8493 3928 8442 3985 8449 4012 8353 4063 8279 4109 8118 4181  
 7991 4249 7902 4308 7736 4435 7614 4521 7487 4572 7410 4610 7386 4626  
 7360 4666 7266 4731 7103 4863 7045 4928 7009 4974 6939 5020 6879 5069  
 6615 5317 6536 5379 6461 5447 6384 5501 6271 5592 6178 5665 6130 5727  
 6084 5800 5945 5922 5896 5976 5848 6038 5796 6084 5721 6133 5707 6146  
 5613 6235 5553 6322 5440 6451 5408 6503 5348 6543 5291 6600 5180 6741  
 5118 6814 5098 6830 5048 6938 5004 7011 4952 7081 4925 7108 4879 7168  
 4831 7238 4762 7308 4733 7344 4535 7628 4473 7711 4449 7763 4453 7771  
 4453 7798 4437 7836 4388 7898 4556 8100 4508 8156 4436 8080 4426 8091  
 4446 8132 4434 8142 4422 8134 4318 8242 4323 8256 4304 8275 4229 8196  
 4167 8236 4150 8261 4148 8309 4140 8334 4116 8399 4116 8410 4140 8421  
 4152 8432 4147 8459 4123 8483 4195 8570 4056 8727 4001 8661 3707 9007  
 3827 9141 3788 9181 3683 9078 3671 9089 3623 9072 3596 9110 3592 9156  
 3555 9202 3603 9286 3589 9308 3500 9281 3490 9283 3459 9313 3449 9381  
 3423 9416 3248 9478 3180 9480 3106 9501 3027 9566 2971 9626 2930 9664  
 2873 9704 2846 9747 2829 9761 2805 9772 2748 9864 2702 9904 2680 9937  
 2642 9972 262410000                                                    
L  1 5    4     0    61    40 242499999     3                           
10000 3056 9993 3066 9974 3077                                          
L  1 9    5     9    11    5188888 2208     4                           
 9367    0    0    0    010000 262410000                                
L  1 9    6     9    11    21 242488888     3                           
 9367    010000    010000 1126                                          
L  1 9    7     9    51    618888899999     3                           
 262410000100001000010000 3056                                          
L  1 9    8     9    21    31 220888888     2                           
10000 112610000 3032                                                    
L  1 9    9     9    31    61 242488888     2                           
10000 303210000 3056                                                    
A  1 2424    1 9835  572   2                                            
    1   -6                                                              
A  1 2208    2 3440 5068   5                                            
    5   -3   -2   -8   -1                                               
A  1 2424    3 9992 3054   3                                            
    2   -4   -9                                                         
A  199999    4 7704 6502   3                                            
    3    7    4                                                         
H1 2    0   51    0    0  113 0506 0506                                 
L  2 2    1     0    00    00               3                           
 3109 8669 2931 8495 2882 8394                                          
L  2 4    2     0    00    00               2                           
 6815 5004 6751 4955                                                    
L  2 3    3     0    00    00               2                           
 3334 8349 3135 8195                                                    
L  2 4    4     0    00    00               2                           
 3559 8914 3769 8677                                                    
L  2 4    5     0    00    00               2                           
 6763 2215 7051 2377                                                    
L  2 2    6     0    00    00               8                           
 7392    0 7398  465 7472  590 7481  715 7398 1017 7241 1256 7186 1555  
 6827 1954                                                              
L  2 2    7     0    00    00              10                           
 5126 6623 5028 6736 4921 6885 4760 7096 4634 7269 4591 7377 4399 7678  
 4274 7892 4011 8367 3769 8677                                          
L  2 2    8     0    00    00               2                           
 3769 8677 3334 8349                                                    
L  2 2    9     0    00    00               2                           
 3334 8349 3109 8669                                                    
L  2 4   10     0    00    00               3                           
 3334 8349 3463 8076 3366 8003                                          
L  2 2   11     0    00    00               5                           
 6815 5004 6562 5289 6093 5610 5945 5830 5376 6319                      
L  2 4   12     0    00    00               3                           
 5126 6623 5096 6596 5021 6553                                          
L  2 2   13     0    00    00               5                           
 6763 2215 6663 2473 6721 2929 7044 3693 7054 4249                      
L  2 2   14     0    00    00               2                           
 6827 1954 6763 2215                                                    
L  2 2   15     0    00    00               3                           
 3109 8669 3244 8792 3282 8905                                          
L  2 4   16     0    00    00               4                           
 6827 1954 7279 1985 7564 1840 7734 1856                                
L  2 2   17     0    00    00               2                           
 7054 4249 7156 4424                                                    
L  2 3   18     0    00    00              26                           
 2882 8394 2612 8252 2087 8107 2035 8062 1853 7848 1823 7808 1792 7696  
 1769 7668 1680 7586 1649 7541 1604 7446 1548 7361 1438 7271 1170 7093  
 1091 7053  968 7017  866 6967  792 6970  740 6917  672 6877  598 6808  
  527 6789  432 6732  265 6694  257 6685  181 6445                      
L  2 2   19     0    00    00               7                           
 2882 8394 2848 8233 2469 7816 2461 7560 2612 7266 2773 7162 2822 7156  
L  2 3   20     0    00    00               3                           
 3135 8195 2995 8385 2882 8394                                          
L  2 5   21     0    00    00               2                           
 3135 8195 3152 7977                                                    
L  2 5   22     0    00    00               2                           
 3152 7977 3366 8003                                                    
L  2 5   23     0    00    00               8                           
 3152 7977 3126 7863 3101 7730 3008 7664 2983 7455 2907 7342 2890 7256  
 2822 7156                                                              
L  2 2   24     0    00    00               7                           
 2822 7156 3404 7086 3688 7347 3868 7399 4205 7218 4704 6581 4773 6477  
L  2 5   25     0    00    00               2                           
 2822 7156 2798 7048                                                    
L  2 5   26     0    00    00              11                           
 2284 5436 2082 5152 1880 4668 1652 4441 1458 4090 1239 3919 1088 3673  
  953 3597  759 3256  633 2962  456 2763                                
L  2 5   27     0    00    00              13                           
 2284 5436 2419 5417 2823 5616 2958 5777 3362 5929 3539 5929 3699 6014  
 3842 6043 4070 6033 4213 5957 4306 6052 4424 6242 4773 6477            
L  2 2   28     0    00    00               3                           
 4773 6477 4874 6324 5016 6140                                          
L  2 5   29     0    00    00               2                           
 4773 6477 5021 6553                                                    
L  2 2   30     0    00    00               4                           
 5376 6319 5317 6369 5273 6458 5126 6623                                
L  2 5   31     0    00    00               2                           
 5376 6319 5016 6140                                                    
L  2 2   32     0    00    00               9                           
 5016 6140 5226 5869 5442 5650 5801 5326 6137 5022 6294 4903 6680 4659  
 6807 4541 7054 4249                                                    
L  2 5   33     0    00    00              12                           
 5016 6140 4912 6014 4845 5730 4752 5588 4752 5465 4912 5133 4820 4953  
 4727 4687 4297 4460 4162 4223 4053 4156 3986 3986                      
L  2 5   34     0    00    00              10                           
  181 6445  431 6384  608 6479  835 6460 1239 6213 1475 6166 1661 6242  
 2141 6706 2688 7019 2798 7048                                          
L  2 5   35     0    00    00               6                           
 2798 7048 2739 6621 2562 6469 2486 6100 2326 5939 2284 5436            
L  2 5   36     0    00    00               4                           
 3261 9274 3472 9132 3455 9027 3282 8905                                
L  2 2   37     0    00    00               3                           
 3282 8905 3324 9029 3261 9274                                          
L  2 5   38     0    00    00               2                           
 9583 2940 9290 3096                                                    
L  2 2   39     0    00    00               3                           
 7156 4424 7064 4721 6815 5004                                          
L  2 5   40     0    00    00               2                           
 9290 3096 8534 3500                                                    
L  2 5   41     0    00    00               4                           
 9290 3096 8623 2840 8534 2960 8534 3500                                
L  2 5   42     0    00    00               3                           
 8534 3500 8463 3721 8071 3960                                          
L  2 5   43     0    00    00               4                           
 8071 3960 7609 4241 7289 4161 7156 4424                                
L  2 5   44     0    00    00               5                           
 8071 3960 7822 3600 7502 2780 7306 2659 7051 2377                      
L  2 5   45     0    00    00               5                           
 9845    0 9797  197 9566  237 9245  878 8925  878                      
L  2 5   46     0    00    00               2                           
 8658  858 8925  878                                                    
L  2 5   47     0    00    00               6                           
 8925  878 8925 1198 8534 1358 8267 1298 8231 1458 7734 1856            
L  2 5   48     0    00    00               2                           
 9174  417 8925  878                                                    
L  2 3   49     0    00    00               5                           
    0 6335   42 6322   85 6330  127 6368  181 6445                      
L  2 4   50     0    00    00               2                           
 7734 185610000 2076                                                    
L  2 2   51     0    00    00               4                           
 254210000 2575 9948 2958 9425 3261 9274                                
H1 5    0    2    0    0   11 0506 0506                                 
L  5 1    1     0    00    00              42                           
 5440 6451 5229 6310 5087 6372 4965 6406 4920 6343 4808 6338 4787 6253  
 4635 6073 4600 5940 4560 5884 4376 5780 4195 5761 4092 5836 4039 5927  
 3949 6058 3598 5982 3254 5887 3167 5608 3027 5620 3004 5491 2907 5542  
 2913 5380 2712 5360 2616 5233 2396 5184 2296 4909 2056 4824 2079 4662  
 1939 4662 1711 4427 1692 4218 1562 4039 1453 3990 1286 3705  858 3404  
  709 3038  512 2899  496 2763  290 2623  155 2289   61 2102    0 2130  
L  5 1    2     0    00    00              15                           
 3592 9156 3295 8705 3293 8497 2555 7786 2221 7598 2058 7183 1457 6883  
 1234 6972 1177 6637 1100 6582  849 6737  573 6635  328 6661  148 6300  
    0 6255                                                              
M 624102ì¸å˚                  2    4   21    3    0   67                
H2 1    4    6    3    0   33 0506 0506                                 
N  1 1    1    0 1126 1 3    1    3    4    0    0    0    0    0    0  
N  1 1    2    0 3032 1 3   -1    5   -4    0    0    0    0    0    0  
N  1 1    3    0 3056 1 3    6   -5   -2    0    0    0    0    0    0  
N  1 1    410000 4057 1 3   -6    2   -3    0    0    0    0    0    0  
L  1 3    1     0    11    21 2208 2424    20                           
    0 1126   33 1195   55 1263   94 1436  161 1637  227 1794  266 1860  
  290 1909  294 1923  263 2055  249 2125  159 2525  119 2736  108 2769  
   92 2850   69 2902   38 2949   21 2999    5 3033    0 3032            
L  1 5    2     0    41    31 242499999    68                           
10000 4057 9986 4052 9681 3866 9406 3707 9271 3623 9123 3537 8981 3440  
 8868 3377 8522 3170 8052 2916 7698 2735 7586 2688 7439 2618 7349 2584  
 7238 2573 7251 2526 7157 2475 7052 2429 6711 2291 6663 2269 6577 2240  
 6295 2204 6186 2179 6092 2180 6067 2177 5987 2126 5894 2073 5794 2032  
 5690 1983 5598 1931 5495 1897 5356 1866 5063 1810 4963 1800 4706 1793  
 4488 1793 4382 1780 4181 1770 4062 1769 3698 1802 3299 1858 3131 1911  
 3059 1939 2999 1985 2923 1975 2841 1992 2740 2020 2550 2082 2451 2107  
 2336 2129 2204 2166 2060 2213 1963 2249 1846 2299 1767 2338 1524 2399  
 1358 2452 1285 2483 1162 2548 1069 2605  985 2661  846 2737  749 2781  
  295 2934  179 2982   95 3027   27 3053    0 3056                      
L  1 9    3     9    11    41 242488888     4                           
    0 1126    0    010000    010000 4057                                
L  1 9    4     9    11    2188888 2208     2                           
    0 1126    0 3032                                                    
L  1 9    5     9    21    3188888 2424     2                           
    0 3032    0 3056                                                    
L  1 9    6     9    31    418888899999     4                           
    0 3056    010000100001000010000 4057                                
A  1 2424    1 7893 2028   4                                            
    1    5   -2   -3                                                    
A  1 2208    2  129 2080   2                                            
    4   -1                                                              
A  199999    3 5000 5346   2                                            
    6    2                                                              
H1 2    0   15    0    0   32 0506 0506                                 
L  2 3    1     0    00    00               7                           
 4896    0 4873  143 4878  228 4936  411 5037  589 5140  656 5288  840  
L  2 3    2     0    00    00               4                           
 5750 1155 5947 1275 6067 1300 6133 1348                                
L  2 5    3     0    00    00              12                           
 9543    0 9403  217 9421  317 9332  517 9385  757 9350  918 9172  918  
 9065 1098 8674 1378 8442 1718 8407 2059 8311 2368                      
L  2 5    4     0    00    00               7                           
 8311 2368 8389 2659 8104 2479 7926 2499 7660 2379 7357 2179 7274 2069  
L  2 3    5     0    00    00               5                           
 7274 2069 7610 2131 7756 2222 8060 2213 8311 2368                      
L  2 5    6     0    00    00               3                           
 6951    0 7019  117 6895  858                                          
L  2 3    7     0    00    00               4                           
 6311 1673 6434 1864 6522 1930 7274 2069                                
L  2 3    8     0    00    00               3                           
 6133 1348 6178 1468 6311 1673                                          
L  2 5    9     0    00    00               3                           
 6133 1348 6254 1078 6272  757                                          
L  2 5   10     0    00    00               4                           
 6895  858 6699 1438 6539 1618 6311 1673                                
L  2 5   11     0    00    00               2                           
 6272  757 6895  858                                                    
L  2 5   12     0    00    00               4                           
 6272  757 6023  697 5525  697 5288  840                                
L  2 3   13     0    00    00               2                           
 5288  840 5750 1155                                                    
L  2 4   14     0    00    00               9                           
    0 2076  245 2100 1654 1309 2050 1236 3059 1173 3455 1027 4312  986  
 5067 1163 5750 1155                                                    
L  2 3   15     0    00    00               4                           
 8311 2368 8699 2608 9455 345510000 3773                                
M 624103êKâÆ                  2    5   16    4    0  106                
H2 1    5    7    4    0   85 0506 0506                                 
N  1 1    1    0 4057 1 3   -3    5    6    0    0    0    0    0    0  
N  1 2    2 5262 9384 0 2    1   -1    0    0    0    0    0    0    0  
N  1 1    3 5134    0 1 3   -4    2   -5    0    0    0    0    0    0  
N  1 1    4 775010000 1 3    4   -7   -2    0    0    0    0    0    0  
N  1 1    5 610010000 1 3    7   -6    3    0    0    0    0    0    0  
L  1 5    1     0    20    20 242499999    12                           
 5262 9384 5268 9397 5267 9421 5259 9441 5206 9478 5182 9475 5166 9444  
 5165 9392 5180 9380 5245 9372 5264 9383 5262 9384                      
L  1 5    2     0    31    41 242499999   262                           
 5134    0 5139   54 5161  134 5171  197 5191  275 5201  343 5249  520  
 5267  562 5284  661 5317  753 5331  839 5335  895 5341  932 5360  995  
 5379 1041 5391 1179 5426 1377 5453 1434 5468 1495 5466 1593 5476 1678  
 5499 1746 5506 1760 5517 1806 5528 1934 5555 1999 5587 2099 5598 2172  
 5602 2235 5614 2319 5660 2418 5672 2555 5700 2608 5717 2647 5733 2799  
 5761 2908 5774 2934 5800 2970 5820 3014 5831 3109 5846 3135 5859 3166  
 5863 3242 5882 3292 5910 3352 5917 3409 5935 3482 5948 3509 5985 3568  
 6038 3721 6086 3815 6134 3864 6202 3925 6214 3903 6232 3884 6244 3880  
 6255 3892 6261 3907 6272 3931 6281 3942 6283 3955 6277 3969 6268 3983  
 6263 3997 6270 4001 6257 4038 6225 4066 6216 4070 6213 4076 6213 4089  
 6247 4101 6291 4099 6310 4093 6348 4076 6353 4107 6343 4145 6306 4283  
 6261 4280 6250 4333 6255 4335 6260 4355 6250 4366 6278 4399 6295 4472  
 6302 4491 6307 4508 6317 4532 6330 4558 6343 4569 6357 4578 6383 4533  
 6393 4528 6405 4536 6397 4562 6402 4566 6421 4564 6445 4579 6492 4616  
 6499 4616 6520 4627 6532 4661 6540 4660 6565 4672 6575 4698 6725 4697  
 6732 4699 6760 4736 6773 4771 6738 4860 6690 4948 6703 4956 6705 4976  
 6683 4984 6699 5000 6807 5014 6857 4998 6893 5001 6927 5031 6957 5066  
 6975 5115 6979 5171 6994 5206 6997 5207 7000 5201 6991 5164 7000 5156  
 7022 5176 7050 5293 7077 5335 7111 5376 7115 5404 7081 5411 7052 5406  
 7049 5433 7024 5468 7010 5510 6996 5515 6992 5529 6992 5670 6990 5685  
 6976 5697 6971 5708 6983 5739 7064 5787 7069 5810 7054 5830 7006 5875  
 6992 5910 6989 5987 7010 6020 7036 6043 7054 6053 7069 6099 7093 6130  
 7126 6150 7150 6161 7155 6203 7149 6278 7131 6328 7142 6354 7142 6389  
 7121 6408 7084 6434 7052 6474 7039 6480 7004 6481 6982 6503 6958 6547  
 6951 6588 6933 6630 6936 6664 6846 6704 6835 6736 6833 6770 6809 6783  
 6789 6776 6762 6775 6748 6787 6726 6829 6638 6931 6653 6972 6638 6974  
 6601 6990 6562 7022 6546 7037 6542 7058 6537 7088 6530 7126 6524 7159  
 6518 7202 6520 7232 6584 7244 6565 7289 6586 7305 6608 7328 6640 7368  
 6649 7383 6639 7403 6634 7425 6630 7450 6633 7489 6634 7553 6637 7605  
 6643 7655 6656 7703 6671 7743 6685 7769 6705 7800 6730 7841 6755 7874  
 6778 7902 6812 7930 6841 7951 6876 7966 6913 7972 6942 7967 7027 7878  
 7076 7855 7127 7839 7200 7842 7250 7867 7348 7902 7373 7943 7374 7996  
 7357 8053 7329 8114 7252 8237 7230 8290 7225 8328 7197 8386 7179 8401  
 7167 8429 7160 8488 7160 8554 7152 8630 7128 8715 7113 8784 7110 8860  
 7118 8928 7117 8987 7090 9052 7090 9114 7126 9288 7151 9356 7167 9419  
 7163 9490 7178 9554 7226 9666 7271 9736 7295 9760 7397 9815 7465 9826  
 7550 9818 7698 9839 7735 9859 7758 9888 7760 9909 7797 9896 7803 9930  
 7779 9958 7766 9998 775010000                                          
L  1 5    3     0    51    11 242499999   143                           
 610010000 6107 9998 6078 9943 6047 9878 6025 9848 6020 9835 5959 9781  
 5902 9721 5873 9716 5839 9729 5812 9724 5791 9661 5782 9654 5765 9641  
 5748 9615 5725 9586 5708 9559 5685 9529 5663 9506 5643 9483 5622 9462  
 5597 9434 5570 9402 5533 9351 5494 9301 5479 9281 5440 9245 5384 9200  
 5317 9040 5296 8915 5271 8850 5221 8762 5200 8780 5125 8700 5013 8839  
 4968 8796 5101 8639 5070 8593 5031 8502 5006 8461 4989 8460 4960 8446  
 4941 8392 4906 8350 4863 8308 4836 8291 4809 8287 4714 8192 4672 8172  
 4627 8170 4523 8095 4511 8094 4493 8068 4484 8065 4484 8056 4459 8023  
 4431 7976 4394 7942 4352 7920 4325 7895 4323 7879 4304 7844 4303 7832  
 4309 7790 4227 7701 4215 7635 4203 7618 4152 7602 4130 7544 4122 7489  
 4070 7435 4049 7386 4015 7347 3985 7338 3953 7319 3923 7265 3862 7197  
 3738 7084 3690 7030 3505 6963 3482 6871 3472 6860 3432 6862 3422 6849  
 3425 6823 3402 6790 3412 6775 3394 6761 3356 6743 3306 6706 3190 6686  
 3197 6636 3164 6609 3160 6596 3168 6565 3156 6544 3141 6528 3119 6531  
 3112 6521 3117 6489 3089 6422 3040 6358 3030 6364 2991 6304 3005 6293  
 2965 6239 2952 6228 2925 6192 2906 6154 2882 6154 2861 6137 2838 6089  
 2836 6079 2819 6066 2801 6048 2781 6023 2771 6008 2746 5996 2720 5982  
 2706 5969 2696 5942 2683 5902 2672 5863 2676 5848 2623 5805 2595 5778  
 2544 5718 2339 5533 2279 5490 2084 5320 1849 5151 1709 5047 1485 4892  
 1296 4767 1188 4704  898 4560  810 4522  665 4445  457 4336  316 4250  
  213 4181   47 4082    0 4057                                          
L  1 9    4     9    41    318888899999     4                           
 775010000100001000010000    0 5134    0                                
L  1 9    5     9    11    31 242488888     3                           
    0 4057    0    0 5134    0                                          
L  1 9    6     9    11    518888899999     3                           
    0 4057    010000 610010000                                          
L  1 9    7     9    51    4188888 2424     2                           
 610010000 775010000                                                    
A  1 2424    1 4403 5136   4                                            
   -3    7   -2   -5                                                    
A  199999    2 1473 7040   4                                            
    6    3    0    1                                                    
A  1 2424    3 5216 9424   1                                            
   -1                                                                   
A  199999    4 8479 5066   2                                            
    2    4                                                              
H1 2    0    9    0    0   19 0506 0506                                 
L  2 4    1     0    00    00               4                           
  463 4040 2181 3373 2747 2959 3019 2715                                
L  2 4    2     0    00    00               7                           
 3238    0 3289  426 3274  750 3016 1132 3000 1752 3161 2298 3019 2715  
L  2 3    3     0    00    00              12                           
  463 4040 1237 4486 2460 5506 2852 5912 3258 6544 4144 7291 4547 7947  
 5111 8330 5511 8958 5825 9076 5989 9244 6194 9048                      
L  2 4    4     0    00    00               7                           
 3019 2715 4195 2580 4948 2996 5447 3312 5468 3942 5991 4149 6133 4420  
L  2 3    5     0    00    00               3                           
 6194 9048 6042 8638 5998 7437                                          
L  2 5    6     0    00    00               5                           
 6561 7184 6526 7304 6365 7324 6294 7484 5998 7437                      
L  2 5    7     0    00    00               5                           
 6668 4802 6543 4601 6401 4541 6294 4501 6133 4420                      
L  2 3    8     0    00    00               2                           
    0 3773  463 4040                                                    
L  2 5    9     0    00    00               4                           
 654510000 6490 9847 6348 9727 6194 9048                                
M 624110â∫ïóòC                3    4    7    3    1  115                
H2 1    4    6    3    0  102 0506 0506                                 
N  1 2    1 9537 4358 0 3    1    2   -3    0    0    0    0    0    0  
N  1 1    2    0 8354 1 3    5   -4   -1    0    0    0    0    0    0  
N  1 1    3    0 2390 1 3   -2    4    6    0    0    0    0    0    0  
N  1 1    410000 3463 1 3   -5    3   -6    0    0    0    0    0    0  
L  1 5    1     0    10    21 242599999   305                           
 9537 4358 9530 4372 9456 4447 9406 4491 9377 4532 9341 4607 9313 4643  
 9289 4721 9258 4778 9225 4813 9205 4854 9191 4927 9189 4976 9180 5008  
 9182 5019 9263 5062 9309 5084 9314 5103 9328 5124 9335 5124 9355 5141  
 9355 5173 9314 5211 9305 5246 9264 5257 9180 5271 9161 5257 9144 5268  
 9142 5276 9137 5276 9120 5287 9108 5301 9089 5285 9065 5277 9058 5260  
 9068 5304 9058 5301 9044 5290 9046 5288 9034 5269 9032 5271 9034 5315  
 9027 5347 9018 5353 9003 5331 8982 5309 8955 5315 8931 5315 8929 5342  
 8924 5350 8912 5353 8898 5337 8876 5348 8869 5383 8845 5399 8831 5415  
 8850 5450 8879 5483 8877 5486 8838 5486 8817 5491 8817 5497 8836 5515  
 8872 5532 8870 5567 8862 5578 8807 5553 8769 5524 8747 5521 8745 5540  
 8755 5600 8748 5624 8731 5616 8692 5575 8654 5548 8633 5559 8628 5594  
 8606 5605 8580 5597 8556 5522 8539 5513 8520 5514 8470 5522 8436 5533  
 8395 5571 8403 5584 8398 5592 8376 5611 8348 5684 8317 5701 8305 5701  
 8274 5685 8254 5682 8250 5690 8257 5766 8221 5782 8195 5788 8075 5796  
 8003 5783 7943 5761 7900 5753 7857 5762 7831 5789 7817 5816 7824 5829  
 7738 5878 7742 5892 7635 5957 7642 5973 7635 5992 7621 6003 7589 5987  
 7558 5998 7542 6014 7542 6022 7611 6060 7678 6014 7678 6052 7673 6054  
 7661 6044 7647 6046 7642 6060 7652 6068 7654 6081 7640 6087 7587 6065  
 7542 6041 7503 6044 7491 6063 7470 6060 7458 6039 7427 6047 7403 6087  
 7377 6104 7372 6120 7377 6128 7381 6153 7379 6158 7362 6163 7353 6147  
 7348 6161 7300 6242 7209 6288 7193 6318 7190 6340 7188 6494 7176 6497  
 7157 6470 7159 6429 7135 6435 7131 6443 7109 6440 7092 6424 7085 6429  
 6992 6427 6975 6435 6963 6492 6920 6506 6918 6511 6896 6519 6894 6514  
 6865 6514 6858 6511 6810 6517 6702 6566 6683 6598 6681 6612 6671 6628  
 6609 6709 6590 6720 6561 6718 6509 6742 6439 6786 6351 6821 6310 6843  
 6265 6894 6198 6938 6119 6984 5958 7093 5923 7133 5903 7179 5880 7326  
 5878 7396 5849 7434 5782 7491 5710 7510 5641 7548 5578 7573 5423 7592  
 5353 7614 5284 7622 5224 7644 5207 7647 5198 7652 5164 7655 5123 7647  
 5035 7647 4939 7658 4872 7661 4640 7638 4580 7651 4525 7654 4474 7649  
 4383 7633 4345 7641 4304 7638 4189 7666 4050 7712 3957 7691 3892 7664  
 3832 7648 3794 7645 3753 7629 3732 7613 3696 7616 3672 7621 3595 7608  
 3540 7611 3480 7635 3396 7657 3325 7663 3243 7674 3181 7668 3169 7660  
 3157 7641 3063 7628 2941 7658 2896 7667 2872 7661 2836 7661 2776 7648  
 2704 7640 2637 7648 2580 7646 2529 7665 2520 7665 2481 7681 2422 7692  
 2378 7722 2335 7746 2280 7752 2223 7720 2170 7698 2112 7688 2072 7674  
 2017 7663 1990 7677 1983 7691 1969 7691 1962 7677 1947 7669 1897 7680  
 1866 7707 1839 7751 1835 7764 1792 7791 1756 7808 1691 7786 1648 7737  
 1619 7732 1559 7743 1531 7768 1509 7800 1497 7806 1480 7795 1437 7817  
 1432 7833 1408 7830 1404 7822 1382 7828 1356 7847 1344 7849 1334 7841  
 1327 7841 1289 7858 1260 7885 1224 7898 1176 7926 1097 7955 1068 7942  
 1037 7942 1030 7945  901 7956  879 7953  860 7945  788 7954  774 7951  
  723 7956  690 7948  668 7949  625 7959  594 7951  532 7949  510 7957  
  470 7965  453 7973  364 8039  285 8090  240 8142  221 8155  221 8158  
  199 8174  233 8247   46 8351    0 8354                                
L  1 3    2     0    10    31 2208 2425   238                           
 9537 4358 9506 4296 9486 4247 9450 4204 9434 4193 9405 4182 9381 4196  
 9350 4204 9333 4204 9288 4223 9249 4210 9218 4177 9206 4172 9170 4191  
 9151 4234 9139 4245 9135 4243 9110 4175 9101 4167 9082 4183 9063 4194  
 9036 4170 8991 4148 8969 4143 8950 4116 8947 4081 8919 4059 8784 3935  
 8755 3919 8705 3919 8688 3900 8688 3846 8679 3819 8659 3816 8628 3833  
 8581 3865 8549 3860 8523 3822 8504 3811 8499 3814 8482 3882 8466 3903  
 8447 3906 8408 3866 8360 3885 8322 3893 8269 3879 7996 3823 7944 3826  
 7872 3824 7843 3835 7788 3840 7750 3873 7695 3897 7604 3924 7582 3900  
 7580 3849 7575 3819 7541 3797 7506 3768 7477 3752 7448 3771 7417 3773  
 7381 3782 7331 3774 7226 3817 7175 3828 7159 3825 7115 3804 7084 3807  
 7036 3834 6989 3837 6931 3831 6888 3802 6871 3761 6881 3718 6883 3604  
 6871 3550 6854 3523 6801 3521 6746 3523 6720 3515 6665 3518 6571 3543  
 6521 3567 6502 3570 6478 3554 6445 3524 6404 3549 6387 3540 6365 3470  
 6344 3443 6305 3424 6284 3446 6262 3443 6236 3403 6188 3368 6135 3354  
 6097 3325 6051 3295 5980 3301 5941 3314 5901 3322 5846 3352 5800 3388  
 5764 3401 5697 3391 5554 3359 5463 3348 5424 3329 5386 3318 5288 3256  
 5221 3192 5206 3170 5177 3102 5158 3037 5132 3000 5081 2965 5019 2951  
 4957 2959 4897 2984 4859 3022 4835 3076 4792 3125 4732 3144 4684 3136  
 4574 3088 4512 3074 4471 3082 4433 3118 4402 3175 4378 3232 4376 3245  
 4361 3248 4254 3126 4237 3116 4170 3094 4119 3086 4100 3075 4103 3008  
 4126 2937 4138 2867 4155 2696 4169 2607 4197 2504 4281 2409 4372 2330  
 4381 2265 4381 2114 4371 1986 4357 1897 4340 1830 4340 1813 4321 1735  
 4301 1675 4289 1621 4258 1537 4162 1383 4143 1359 4097 1278 4066 1265  
 3987 1308 3865 1346 3803 1346 3760 1319 3717 1279 3645 1201 3516 1033  
 3480  963 3415  868 3369  825 3297  798 3214  782 3058  764 2979  748  
 2838  707 2773  686 2742  667 2706  545 2646  386 2584  272 2531  196  
 2488  186 2469  194 2414  237 2347  283 2294  335 2213  427 2208  430  
 2189  419 2168  376 2151  319 2120  270 2100  249 2050  230 1986  244  
 1914  244 1830  228 1796  214 1739  209 1660  236 1598  272 1543  296  
 1519  299 1445  278 1371  270 1287  278 1239  305 1060  379 1010  417  
  976  463  902  509  881  550  873  593  873  655  862  718  838  766  
  802  812  783  867  771  969  709 1089  690 1148  676 1230  659 1297  
  625 1370  511 1503  496 1558  492 1671  497 1739  521 1847  518 1893  
  430 1999  339 2159  251 2297  200 2354   83 2419   66 2417    0 2390  
L  1 5    3     0    41    10 220899999    31                           
10000 3463 9999 3466 9970 3502 9913 3634 9885 3748 9878 3827 9876 3943  
 9886 4003 9857 4041 9864 4070 9886 4105 9888 4141 9905 4170 9893 4181  
 9884 4203 9891 4243 9884 4289 9879 4295 9877 4360 9867 4376 9843 4349  
 9807 4300 9779 4287 9755 4271 9740 4244 9728 4236 9726 4268 9721 4274  
 9673 4287 9640 4312 9537 4358                                          
L  1 9    4     9    31    2188888 2425     2                           
    0 2390    0 8354                                                    
L  1 9    5     9    21    418888899999     4                           
    0 8354    010000100001000010000 3463                                
L  1 9    6     9    31    41 220888888     4                           
    0 2390    0    010000    010000 3463                                
A  199999    1 8818 5991   3                                            
    1    5    3                                                         
A  1 2425    2 4568 4243   3                                            
    2    4   -1                                                         
A  1 2208    3 7191 2260   3                                            
   -3   -6   -2                                                         
H1 2    0    1    0    0    8 0506 0506                                 
L  2 2    1     0    00    00              49                           
    0 8249  445 7898 1053 7877 1569 7684 1753 7690 1901 7617 2361 7659  
 2545 7586 3030 7541 3730 7560 4029 7669 4282 7608 5001 7614 5554 7527  
 5756 7456 5820 7408 5846 7360 5865 7191 5889 7125 5935 7074 6275 6820  
 6489 6719 6740 6506 6887 6445 6995 6377 7112 6369 7149 6314 7169 6248  
 7304 6161 7352 6057 7432 5994 7531 5958 7600 5892 7727 5823 7774 5799  
 7839 5754 7862 5741 7900 5733 7945 5737 8018 5722 8081 5712 8215 5618  
 8413 5502 8708 5451 8966 5191 9445 4379 9791 4122 9841 368510000 3379  
H1 7    0    0    0    1    2 0506 0506                                 
P  7 1    1 1333 6000 0 1                                               
01 4 1333 6000              00  ïóä‘âYë∫                                
M 624111ñÿñÏïî                2    2    4    2    0   28                
H2 1    2    3    2    0   21 0506 0506                                 
N  1 1    1 2624    0 1 3    1    2   -3    0    0    0    0    0    0  
N  1 1    2    0 3463 1 3   -1    3   -2    0    0    0    0    0    0  
L  1 5    1     0    11    21 220899999    65                           
 2624    0 2584   74 2527  143 2487  197 2451  278 2350  453 2324  537  
 2288  586 2258  648 2248  675 2244  708 2237  721 2227  727 2216  873  
 2188  903 2162 1003 2110 1096 2075 1218 2021 1315 1940 1438 1895 1479  
 1835 1498 1783 1504 1804 1547 1795 1602 1748 1672 1677 1743 1612 1787  
 1567 1806 1502 1788 1468 1797 1445 1810 1353 1814 1217 1796 1114 1860  
 1081 1892 1041 1963  986 2031  922 2132  868 2259  823 2341  814 2414  
  807 2438  740 2515  733 2547  743 2553  741 2558  707 2564  679 2588  
  638 2643  588 2689  536 2692  507 2722  488 2736  464 2796  374 2926  
  348 2981  311 3041  265 3095  235 3152  180 3228  145 3294   64 3413  
    5 3463    0 3463                                                    
L  1 9    2     9    11    2188888 2208     3                           
 2624    0    0    0    0 3463                                          
L  1 9    3     9    21    118888899999     5                           
    0 3463    010000100001000010000    0 2624    0                      
A  199999    1 5000 4571   2                                            
    1    3                                                              
A  1 2208    2  845 1730   2                                            
    2   -1                                                              
H1 2    0    1    0    0    5 0506 0506                                 
L  2 2    1     0    00    00              24                           
    0 3379  432 2719  614 2583  948 1950  921 1836 1034 1795  868 1704  
 1258 1605 1306 1504 1193 1388 1507 1357 1552 1246 1663 1373 1747 1335  
 1876 1397 1998 1199 1890 1101 2162  704 2054  650 2233  343 1898  455  
 2183  232 2365  275 2542    0                                          
M 624113êKâÆçË                3    2    4    2    1   34                
H2 1    2    3    2    0   27 0506 0506                                 
N  1 1    1 7750    0 1 3    1   -3   -2    0    0    0    0    0    0  
N  1 1    2 6100    0 1 3    3   -1    2    0    0    0    0    0    0  
L  1 5    1     0    11    21 242499999   106                           
 7750    0 7743   16 7715   48 7678   68 7669   68 7650   84 7655  119  
 7641  145 7588  172 7547  248 7512  336 7482  361 7459  409 7456  424  
 7430  478 7408  492 7391  537 7392  548 7384  594 7375  615 7374  627  
 7380  665 7396  714 7432  734 7468  734 7474  760 7470  767 7445  787  
 7418  785 7412  793 7405  837 7405  888 7421  894 7434  913 7434  924  
 7420  951 7403  965 7402 1001 7415 1022 7415 1072 7405 1116 7421 1144  
 7483 1148 7490 1156 7495 1192 7492 1191 7482 1200 7488 1225 7480 1242  
 7447 1241 7397 1233 7368 1237 7329 1289 7313 1339 7301 1390 7296 1397  
 7266 1401 7205 1424 7165 1413 7130 1362 7105 1291 7107 1283 7089 1241  
 7064 1230 7034 1202 7017 1154 7010 1107 6992 1076 6960 1045 6933  977  
 6890  917 6866  865 6849  808 6848  759 6816  699 6789  667 6763  675  
 6746  640 6738  633 6729  655 6712  645 6696  590 6667  556 6637  557  
 6590  537 6484  500 6453  494 6438  443 6429  396 6398  372 6372  365  
 6378  309 6380  309 6381  278 6358  263 6336  228 6320  155 6307  141  
 6247   99 6236   97 6217  112 6175  109 6148   59 6116   21 6104    1  
 6100    0                                                              
L  1 9    2     9    21    118888899999     6                           
 6100    0    0    0    010000100001000010000    0 7750    0            
L  1 9    3     9    21    11 242488888     2                           
 6100    0 7750    0                                                    
A  199999    1 5000 5142   2                                            
    1    2                                                              
A  1 2424    2 7107  706   2                                            
   -3   -1                                                              
H1 2    0    1    0    0    2 0506 0506                                 
L  2 5    1     0    00    00               7                           
 7291 1148 7255  968 7237  888 7024  548 7006  367 6597  147 6545    0  
H1 7    0    0    0    1    2 0506 0506                                 
P  7 6    1 7196 1257 0 1                                               
01 3 7196 1257              00  êKâÆçË                                  
M 624140åÀà‰                  2    3   31    3    0  126                
H2 1    3    4    3    0   59 0506 0506                                 
N  1 2    1 2752 5661 0 2    1   -1    0    0    0    0    0    0    0  
N  1 1    2    0 5675 1 3    2   -4    3    0    0    0    0    0    0  
N  1 1    3 653310000 1 3    4   -3   -2    0    0    0    0    0    0  
L  1 5    1     0    10    10 120299999    23                           
 2752 5661 2745 5661 2752 5663 2772 5688 2779 5723 2774 5752 2762 5771  
 2748 5779 2724 5768 2692 5744 2678 5714 2671 5688 2651 5688 2635 5663  
 2613 5612 2606 5564 2622 5542 2639 5542 2678 5553 2757 5596 2774 5623  
 2772 5650 2752 5661                                                    
L  1 5    2     0    21    31 120299999   276                           
    0 5675    6 5635   13 5624   23 5573   27 5562   39 5506   56 5449  
   85 5414   78 5387   97 5377  124 5371  136 5393  244 5417  330 5452  
  354 5412  362 5417  407 5428  398 5471  431 5477  499 5501  593 5517  
  684 5526  725 5539  771 5534  823 5520  819 5529  835 5520  843 5593  
  848 5609  845 5626  867 5663  961 5801  989 5863 1011 5900 1050 5938  
 1081 5997 1105 6033 1139 6070 1269 6189 1362 6267 1435 6308 1565 6367  
 1617 6383 1711 6402 1783 6413 1820 6411 1875 6400 1933 6376 1976 6344  
 2029 6274 2029 6268 2012 6241 2002 6187 2007 6131 2012 6112 2029 6099  
 2041 6093 2048 6082 2045 6050 2050 6010 2072 5969 2101 5953 2125 5951  
 2166 5910 2154 5994 2228 6077 2219 6112 2223 6110 2276 6096 2272 6059  
 2397 6026 2394 5991 2344 5911 2363 5894 2430 5983 2462 5978 2481 5946  
 2488 5930 2517 5889 2543 5876 2582 5884 2627 5879 2683 5879 2709 5903  
 2719 5938 2716 5949 2719 5954 2712 5997 2678 6081 2666 6118 2659 6167  
 2661 6180 2693 6197 2726 6226 2724 6256 2719 6264 2690 6283 2700 6337  
 2690 6353 2697 6364 2741 6382 2772 6409 2794 6455 2791 6493 2801 6517  
 2803 6558 2827 6587 2878 6671 2919 6768 2950 6819 3003 6884 3066 6940  
 3172 6995 3229 7005 3275 7005 3326 6989 3359 6984 3405 6990 3434 7006  
 3446 7008 3511 7006 3588 6998 3600 6982 3631 6982 3636 6990 3653 6993  
 3696 6987 3756 6966 3780 6917 3821 6853 3814 6807 3845 6783 3855 6780  
 3883 6740 3896 6737 3903 6772 3910 6769 3941 6770 3987 6751 3999 6729  
 4004 6705 4011 6702 4030 6719 4040 6754 4059 6740 4090 6700 4107 6700  
 4141 6738 4134 6770 4134 6799 4141 6805 4206 6794 4261 6778 4292 6776  
 4367 6816 4379 6830 4379 6835 4410 6827 4420 6822 4473 6805 4511 6811  
 4543 6849 4557 6878 4564 6938 4543 6946 4528 6940 4523 6959 4538 6994  
 4499 7037 4456 6983 4413 7018 4401 7048 4379 7134 4394 7180 4382 7242  
 4375 7309 4379 7341 4370 7363 4363 7368 4348 7462 4360 7524 4452 7764  
 4486 7829 4510 7856 4628 7921 4673 7953 4748 7978 4806 7959 4871 7948  
 4945 7943 5013 7951 5039 7970 5063 8002 5078 8043 5092 8151 5102 8191  
 5147 8258 5203 8302 5246 8312 5282 8296 5297 8267 5316 8245 5335 8199  
 5349 8197 5359 8202 5376 8229 5395 8240 5439 8237 5487 8221 5537 8221  
 5573 8251 5600 8286 5629 8275 5655 8284 5682 8278 5754 8311 5763 8324  
 5766 8356 5787 8378 5831 8373 5862 8400 5860 8424 5867 8443 5843 8459  
 5848 8464 5843 8513 5826 8534 5826 8575 5850 8618 5891 8634 5985 8637  
 6035 8621 6064 8616 6105 8653 6141 8659 6209 8659 6262 8664 6271 8675  
 6283 8699 6235 8732 6211 8753 6240 8823 6291 8799 6298 8823 6303 8826  
 6276 8848 6317 8945 6368 8918 6375 8934 6375 8945 6334 8969 6399 9128  
 6390 9131 6387 9136 6409 9185 6467 9163 6486 9185 6520 9190 6532 9212  
 6536 9231 6546 9250 6548 9279 6541 9325 6532 9330 6510 9319 6505 9344  
 6486 9381 6462 9411 6436 9419 6426 9454 6414 9586 6414 9626 6429 9764  
 6450 9818 6508 9931 653310000                                          
L  1 9    3     9    21    3188888 1202     3                           
    0 5675    010000 653310000                                          
L  1 9    4     9    31    218888899999     5                           
 653310000100001000010000    0    0    0    0 5675                      
A  1 1202    1 2694 5660   1                                            
   -1                                                                   
A  199999    2 7226 7764   4                                            
    2    4    0    1                                                    
A  1 1202    3 2243 7830   2                                            
    3   -2                                                              
H1 2    0   27    0    0   65 0506 0506                                 
L  2 2    1     0    00    00              16                           
    0 5695   87 5503  126 5467  196 5460  763 5596  823 5687  880 6033  
  963 6162 1073 6325 1166 6425 1246 6471 1497 6554 1602 6562 1748 6496  
 1899 6483 2100 6233                                                    
L  2 2    2     1    00    00               7                           
 3640 7028 3740 7031 3849 7048 4008 7116 4109 7176 4191 7266 4280 7415  
L  2 2    3     0    00    00               7                           
 2592 6260 2609 6282 2688 6444 2711 6487 2947 6869 2999 6924 3053 6966  
L  2 2    4     1    00    00               5                           
 2397 6123 2444 6135 2486 6156 2564 6223 2592 6260                      
L  2 2    5     0    00    00               4                           
 4280 7415 4413 7846 4651 7985 4696 8002                                
L  2 2    6     0    00    00               4                           
 3053 6966 3162 7030 3228 7040 3640 7028                                
L  2 2    7     0    00    00               2                           
 4696 8002 4712 8010                                                    
L  2 2    8     0    00    00               4                           
 2191 6155 2270 6123 2318 6117 2397 6123                                
L  2 2    9     1    00    00               3                           
 2100 6233 2131 6201 2191 6155                                          
L  2 2   10     1    00    00               8                           
 4712 8010 4786 8046 4844 8083 4960 8201 5437 8844 5515 8936 5568 8978  
 5633 9017                                                              
L  2 3   11     0    00    00               6                           
 4882 7987 4816 7987 4760 8004 4745 8005 4706 8000 4696 8002            
L  2 3   12     1    00    00               2                           
 4950 7977 4882 7987                                                    
L  2 3   13     0    00    00               2                           
 4969 7973 4950 7977                                                    
L  2 3   14     1    00    00               2                           
 4993 7974 4969 7973                                                    
L  2 3   15     0    00    00               2                           
 5014 7977 4993 7974                                                    
L  2 3   16     1    00    00               4                           
 5036 8030 5034 8012 5029 7995 5014 7977                                
L  2 3   17     0    00    00               3                           
 5047 8127 5044 8095 5036 8030                                          
L  2 3   18     1    00    00               2                           
 5053 8157 5047 8127                                                    
L  2 3   19     0    00    00               2                           
 5059 8180 5053 8157                                                    
L  2 3   20     1    00    00               2                           
 5079 8215 5059 8180                                                    
L  2 3   21     0    00    00               7                           
 5340 8276 5277 8330 5212 8333 5176 8315 5131 8276 5101 8230 5079 8215  
L  2 3   22     1    00    00               4                           
 5380 8264 5365 8264 5349 8269 5340 8276                                
L  2 3   23     0    00    00               5                           
 5528 8256 5476 8249 5416 8284 5389 8264 5380 8264                      
L  2 3   24     1    00    00               3                           
 5551 8269 5540 8258 5528 8256                                          
L  2 3   25     0    00    00              24                           
 639010000 6348 9770 6358 9550 6388 9360 6391 9294 6368 9228 6275 9103  
 6221 9005 6220 9009 6241 8943 6232 8892 6091 8741 6044 8683 5874 8686  
 5811 8646 5796 8612 5792 8548 5816 8443 5800 8428 5747 8410 5703 8350  
 5657 8330 5577 8312 5551 8269                                          
L  2 2   26     0    00    00               8                           
 5633 9017 5799 9074 5889 9140 5933 9202 6065 9474 6185 9667 6221 9790  
 621910000                                                              
L  2 4   27     0    00    00              35                           
 224310000 2189 9810 2269 9522 2319 9181 2116 9185 2116 9008 2213 8887  
 2449 8407 2534 8276 2656 8113 2712 8094 2742 8063 2764 8001 2767 7972  
 2756 7953 2715 7943 2705 7900 2686 7779 2664 7701 2676 7653 2703 7599  
 2767 7562 2905 7554 2937 7529 2946 7509 2949 7471 2923 7425 2883 7361  
 2889 7260 2891 7187 2906 7123 2952 7082 3015 7038 3037 6997 3053 6966  
M 624150å√ïêà‰                2    2   14    2    0   65                
H2 1    2    3    2    0   30 0506 0506                                 
N  1 1    1 6533    0 1 3    1    2    3    0    0    0    0    0    0  
N  1 1    210000 4291 1 3   -2   -1   -3    0    0    0    0    0    0  
L  1 5    1     0    11    21 120299999   132                           
 6533    0 6545   34 6550   72 6560  104 6567  155 6565  177 6568  234  
 6578  274 6602  325 6614  363 6621  409 6655  479 6663  517 6728  654  
 6796  743 6900  845 6929  864 6980  877 6994  858 7061  798 7076  798  
 7090  750 7099  728 7107  731 7121  744 7121  752 7114  771 7109  798  
 7112  801 7172  814 7170  833 7191  838 7218  849 7220  862 7216  884  
 7240  911 7264  951 7279  984 7284 1003 7310 1051 7339 1091 7366 1080  
 7409 1107 7465 1156 7564 1201 7578 1212 7607 1247 7631 1266 7641 1266  
 7689 1228 7723 1184 7749 1176 7761 1200 7745 1260 7740 1298 7735 1314  
 7728 1368 7733 1370 7709 1424 7676 1435 7627 1417 7596 1479 7584 1533  
 7587 1565 7599 1571 7616 1587 7626 1651 7614 1689 7604 1703 7605 1716  
 7626 1759 7641 1781 7684 1799 7802 1831 7831 1845 7841 1829 7880 1837  
 7916 1855 7933 1869 7930 1882 7923 1890 7889 1909 7899 1947 7904 1990  
 7912 2012 7914 2031 7926 2036 7941 2074 7914 2093 7922 2206 7922 2273  
 7935 2322 7966 2370 8002 2413 8034 2473 8092 2602 8146 2661 8175 2704  
 8223 2796 8262 2847 8293 2882 8349 3003 8400 3070 8529 3256 8587 3326  
 8616 3369 8672 3463 8730 3541 8831 3638 8831 3646 8858 3697 9090 3925  
 9168 3987 9257 4038 9305 4073 9366 4135 9431 4183 9477 4188 9532 4188  
 9583 4193 9607 4207 9617 4220 9653 4233 9701 4255 9716 4257 9759 4282  
 9781 4290 9802 4287 9870 4249 9949 4267 9983 427510000 4291            
L  1 9    2     9    11    2188888 1202     5                           
 6533    0    0    0    010000100001000010000 4291                      
L  1 9    3     9    11    219999988888     3                           
 6533    010000    010000 4291                                          
A  199999    1 8959 2156   2                                            
    1   -3                                                              
A  1 1202    2 5000 5130   2                                            
    2   -1                                                              
H1 2    0   11    0    0   33 0506 0506                                 
L  2 3    1     0    00    00               2                           
    0 4329  105 4111                                                    
L  2 2    2     0    00    00              12                           
 6407 1005 6614 1100 7033  900 7170  872 7240  943 7311 1113 7476 1264  
 7573 1820 7831 1929 7887 2430 8637 3797 8877 3918                      
L  2 3    3     0    00    00              26                           
  105 4111  233 4020  593 4035  965 3806 1134 3869 1292 4091 1435 4124  
 1497 4238 1572 4168 1569 3592 1904 3604 2042 3207 2279 3021 2650 3189  
 3457 3013 3601 3071 3905 2985 4166 2999 4876 2710 5211 2676 5340 2494  
 5824 2220 5977 1993 6075 1513 6388 1082 6407 1005                      
L  2 4    4     0    00    00              10                           
 8877 3918 8917 3883 8943 3866 8968 3865 8983 3869 9085 3941 9133 3972  
 9249 4036 9276 4054 9298 4081                                          
L  2 4    5     0    00    00               7                           
 9298 4081 9279 4080 9234 4057 9132 4028 8993 3976 8943 3978 8877 3918  
L  2 4    6     0    00    00              17                           
    0 2752   29 2826   31 2899   85 3043  192 3220  233 3365  228 3452  
  177 3539  160 3615  163 3669  156 3756  149 3793  157 3838  151 3957  
  123 4018  109 4063  105 4111                                          
L  2 3    7     0    00    00               6                           
 6407 1005 6384  933 6373  881 6370  830 6413  251 6390    0            
L  2 2    8     0    00    00               9                           
 6219    0 6210  685 6218  747 6228  797 6243  845 6264  889 6285  923  
 6328  964 6407 1005                                                    
L  2 4    9     0    00    00              14                           
    0 2115  303 2409  308 2282  450 2268  347 1902  573 1549  734 1501  
  782 1373 1411 1725 1739 1176 1959 1228 1905  827 2205  110 2243    0  
L  2 2   10     0    00    00              14                           
 8877 3918 8882 3944 8887 4114 8575 4264 8502 4598 8405 4832 8398 4944  
 8440 5545 8612 6100 8577 6603 9036 7461 9139 7813 9379 806510000 8407  
L  2 4   11     0    00    00               9                           
10000 4335 9727 4327 9688 4315 9590 4274 9542 4222 9503 4220 9433 4209  
 9322 4123 9298 4081                                                    
M 624151åbéR                  3    3    9    3    2   76                
H2 1    3    4    3    0   53 0506 0506                                 
N  1 1    1    0 4291 1 3    2   -4    3    0    0    0    0    0    0  
N  1 2    2 5204 6240 0 2    1   -1    0    0    0    0    0    0    0  
N  1 1    3 186310000 1 3    4   -3   -2    0    0    0    0    0    0  
L  1 5    1     0    20    20 120299999    13                           
 5204 6240 5204 6254 5199 6273 5180 6283 5165 6286 5144 6280 5134 6267  
 5132 6248 5139 6221 5159 6197 5171 6197 5194 6219 5204 6240            
L  1 5    2     0    11    31 120299999   246                           
    0 4291   44 4281   78 4278  292 4315  323 4323  342 4337  400 4348  
  453 4351  482 4340  518 4341  532 4346  564 4349  655 4344  708 4331  
  737 4313  745 4267  894 4287  899 4265  959 4239  980 4044  893 4038  
  910 3993 1011 4001 1007 3966 1014 3942 1019 3910 1039 3851 1063 3797  
 1080 3767 1114 3735 1232 3685 1290 3682 1418 3694 1461 3702 1540 3733  
 1562 3749 1588 3784 1600 3817 1617 3828 1694 3850 1893 3835 1971 3822  
 2009 3806 2038 3817 2158 3837 2206 3843 2324 3841 2397 3836 2486 3823  
 2705 3809 2756 3809 2756 3806 2811 3844 2890 3910 2933 3972 2959 4018  
 3064 4162 3157 4252 3234 4339 3317 4439 3356 4518 3386 4602 3393 4640  
 3386 4675 3405 4702 3415 4710 3410 4745 3419 4786 3426 4796 3454 4894  
 3454 4902 3483 4937 3538 4962 3598 4979 3637 4995 3716 5052 3733 5061  
 3814 5077 3860 5105 3870 5118 3906 5140 3961 5154 3970 5162 3999 5176  
 4028 5157 4122 5166 4129 5206 4158 5207 4165 5209 4240 5207 4269 5232  
 4276 5245 4287 5297 4299 5310 4306 5335 4325 5389 4431 5489 4450 5506  
 4462 5546 4486 5563 4522 5571 4558 5574 4589 5558 4635 5545 4671 5540  
 4698 5543 4719 5578 4755 5597 4772 5611 4815 5673 4853 5703 4863 5703  
 4892 5712 4930 5752 4985 5799 5016 5820 5103 5862 5129 5881 5167 5921  
 5189 5943 5198 5959 5201 5978 5176 6029 5152 6062 5138 6075 5099 6134  
 5084 6177 5091 6207 5096 6215 5138 6321 5138 6345 5114 6380 5119 6426  
 5133 6456 5140 6461 5195 6540 5209 6591 5233 6643 5259 6710 5271 6778  
 5253 6835 5210 6888 5188 6929 5132 6950 5118 6960 5098 6985 5026 7073  
 5004 7138 4974 7167 4962 7191 4955 7232 4969 7264 5014 7340 5034 7359  
 5031 7400 5038 7451 5054 7478 5081 7508 5095 7538 5088 7560 5030 7575  
 5006 7599 4998 7626 4974 7637 4943 7640 4918 7669 4911 7699 4949 7802  
 4944 7834 4922 7850 4886 7850 4857 7833 4831 7809 4807 7806 4778 7816  
 4742 7822 4715 7830 4679 7864 4650 7875 4628 7904 4599 7929 4582 7961  
 4582 7993 4577 8023 4567 8055 4550 8098 4516 8152 4489 8181 4431 8205  
 4395 8205 4361 8194 4265 8147 4232 8117 4232 8131 4222 8147 4205 8160  
 4188 8166 4174 8152 4171 8141 4121 8133 4119 8100 4044 8040 3904 8075  
 3853 8128 3829 8147 3805 8155 3721 8189 3694 8205 3648 8243 3617 8251  
 3547 8280 3501 8293 3419 8325 3380 8349 3351 8381 3273 8491 3259 8502  
 3251 8499 3222 8534 3169 8620 3084 8738 2994 8840 2963 8867 2885 8923  
 2810 8971 2711 9010 2663 9015 2620 9015 2530 9028 2489 9041 2414 9084  
 2264 9185 2182 9252 2102 9341 2058 9400 2058 9405 2056 9402 2022 9480  
 1970 9618 1963 9661 1955 9677 1945 9720 1889 9895 1886 9914 1874 9949  
 186310000                                                              
L  1 9    3     9    11    3188888 1202     3                           
    0 4291    010000 186310000                                          
L  1 9    4     9    31    118888899999     5                           
 186310000100001000010000    0    0    0    0 4291                      
A  199999    1 7626 6836   4                                            
    2    4    0    1                                                    
A  1 1202    2 2626 6836   2                                            
    3   -2                                                              
A  1 1202    3 5169 6241   1                                            
   -1                                                                   
H1 2    0    5    0    0   16 0506 0506                                 
L  2 4    1     0    00    00              23                           
 1690 9325 1783 9385 1942 9488 2013 9331 2138 9231 2423 9005 2814 8920  
 2932 8858 3310 8333 3406 8270 3763 8154 3951 7980 4018 7942 4165 8004  
 4194 7896 4289 8015 4739 7638 4851 7356 4774 7219 4808 7190 4779 7100  
 4843 7094 4964 7037                                                    
L  2 5    2     0    00    00               4                           
 4964 7037 5007 6872 5144 6778 5216 6679                                
L  2 2    3     0    00    00               5                           
    0 8407 1042 8863 1248 8913 1415 9044 1690 9325                      
L  2 4    4     0    00    00              25                           
 4658 5581 4481 5597 4271 5389 4239 5244 4102 5276 3650 5084 3401 4907  
 3348 4696 3301 4582 3263 4424 3000 4147 2881 3970 2796 3905 2671 3874  
 2296 3917 1974 3886 1627 3929 1495 3786 1317 3718 1074 3821 1040 4010  
 1023 4250  717 4386  365 4393    0 4335                                
L  2 2    5     0    00    00               3                           
 1690 9325 1688 9715 163610000                                          
H1 7    0    0    0    2    4 0506 0506                                 
P  7 2    1 3333 6000 0 1                                               
01 2 3333 6000              00  åbéR                                    
P  7 6    2 4864 7767 0 1                                               
01 3 4864 7767              00  åbéRñ¶                                  
M 624160îˆéDïî                2    2   14    2    0   89                
H2 1    2    3    2    0   56 0506 0506                                 
N  1 1    110000 3391 1 3    1   -3   -2    0    0    0    0    0    0  
N  1 1    2    0 7646 1 3    2    3   -1    0    0    0    0    0    0  
L  1 5    1     0    11    21 120299999   312                           
10000 3391 9987 3395 9927 3379 9883 3382 9855 3393 9826 3429 9790 3459  
 9783 3461 9771 3459 9735 3502 9706 3543 9714 3553 9700 3648 9681 3648  
 9664 3637 9670 3573 9656 3570 9639 3581 9603 3592 9577 3606 9560 3646  
 9544 3700 9546 3730 9586 3808 9591 3810 9605 3848 9608 3864 9642 3899  
 9645 3912 9638 3955 9609 4001 9569 4034 9537 4067 9480 4110 9404 4189  
 9387 4238 9390 4248 9261 4403 9172 4436 9133 4471 9126 4482 9156 4525  
 9163 4560 9122 4571 9081 4558 9043 4553 9011 4567 8951 4608 8858 4692  
 8844 4708 8791 4719 8738 4714 8639 4696 8583 4702 8576 4708 8559 4705  
 8497 4730 8434 4760 8432 4774 8173 4921 8117 4949 8103 4960 8091 4952  
 8036 4982 8005 5039 8003 5071 8015 5090 8020 5119 8025 5157 8023 5178  
 8018 5189 7992 5216 7963 5222 7892 5166 7871 5156 7863 5147 7818 5151  
 7813 5161 7745 5170 7717 5186 7644 5190 7577 5204 7519 5250 7522 5274  
 7515 5285 7496 5299 7476 5296 7366 5338 7315 5343 7318 5368 7315 5370  
 7294 5373 7289 5371 7200 5374 7178 5382 7132 5410 7104 5458 7104 5466  
 7080 5488 7061 5483 7039 5489 7032 5508 7020 5508 6912 5552 6914 5554  
 6909 5554 6890 5568 6864 5609 6845 5649 6843 5660 6850 5671 6812 5711  
 6790 5706 6783 5709 6732 5763 6634 5829 6603 5853 6608 5869 6574 5891  
 6565 5894 6520 5967 6522 5991 6503 6024 6477 6029 6462 6024 6460 6038  
 6446 6057 6412 6049 6410 6073 6405 6078 6383 6084 6344 6082 6309 6112  
 6285 6152 6220 6182 6169 6172 6128 6159 6058 6176 5913 6180 5875 6150  
 5853 6143 5838 6124 5836 6127 5809 6124 5763 6127 5732 6149 5704 6187  
 5684 6198 5557 6239 5564 6285 5442 6321 5437 6316 5429 6294 5384 6311  
 5328 6325 5247 6366 5218 6385 5206 6366 5184 6383 5204 6426 5156 6464  
 5139 6445 5115 6445 5117 6469 5127 6507 5125 6513 5106 6510 5076 6483  
 5047 6470 4990 6487 4970 6498 4951 6498 4883 6488 4881 6496 4859 6493  
 4852 6483 4852 6477 4825 6477 4777 6491 4746 6524 4737 6540 4703 6578  
 4689 6605 4711 6640 4699 6656 4689 6656 4665 6643 4651 6643 4627 6676  
 4644 6708 4639 6743 4618 6762 4608 6765 4565 6752 4557 6744 4567 6706  
 4569 6690 4559 6674 4559 6668 4542 6660 4533 6660 4533 6663 4513 6671  
 4436 6669 4412 6718 4388 6732 4367 6759 4331 6770 4314 6762 4311 6757  
 4304 6754 4258 6765 4225 6779 4172 6823 4122 6839 4122 6861 4102 6869  
 4095 6864 4057 6888 3982 6929 3965 6919 3941 6921 3900 6919 3830 6909  
 3830 6920 3823 6925 3750 6904 3748 6883 3697 6881 3685 6883 3613 6916  
 3616 6927 3596 6938 3594 6941 3544 6976 3467 7009 3394 7002 3329 7002  
 3281 7011 3278 7013 3139 7044 3079 7072 3071 7072 3016 7091 2946 7111  
 2869 7125 2821 7120 2792 7096 2762 7056 2750 7029 2738 7018 2679 6935  
 2638 6893 2575 6869 2515 6861 2469 6862 2464 6878 2433 6881 2421 6878  
 2418 6865 2389 6857 2295 6882 2281 6896 2271 6915 2216 6942 2197 6934  
 2204 6904 2188 6791 2181 6786 2147 6706 2154 6689 2009 6693 1949 6705  
 1886 6708 1862 6743 1836 6757 1716 6833 1677 6842 1665 6871 1669 6985  
 1664 6987 1635 6985 1635 6944 1627 6901 1521 6913 1506 6903 1458 6906  
 1415 6914 1410 6938 1366 6890 1330 6915 1304 6920 1297 6918 1246 6937  
 1198 6935 1169 6959 1128 7008 1076 7049 1031 7136  990 7190  925 7239  
  839 7285  776 7316  680 7351  526 7428  409 7510  375 7500  317 7508  
  240 7541  149 7588   81 7613    0 7646                                
L  1 9    2     9    21    118888899999     4                           
    0 7646    010000100001000010000 3391                                
L  1 9    3     9    21    11 120288888     4                           
    0 7646    0    010000    010000 3391                                
A  199999    1 7354 6644   2                                            
    1    2                                                              
A  1 1202    2 3500 5516   2                                            
   -3   -1                                                              
H1 2    0   11    0    0   31 0506 0506                                 
L  2 2    1     0    00    00               8                           
 1978 6603 1959 6632 1846 6661 1544 6829 1134 6811  960 7110  861 7222  
    0 7582                                                              
L  2 2    2     0    00    00              16                           
 1978 6603 1752 6585 1651 6596 1493 6647 1411 6666 1307 6630 1135 6484  
 1020 6444  923 6486  864 6537  759 6679  593 6829  498 6881  371 6929  
  171 6971    0 7027                                                    
L  2 2    3     1    00    00               3                           
 9559 3804 9538 3959 9511 4037                                          
L  2 2    4     0    00    00               7                           
 9511 4037 9479 4097 9416 4162 9372 4224 9233 4382 9167 4401 9101 4455  
L  2 2    5     1    00    00               3                           
 9101 4455 9094 4463 9073 4511                                          
L  2 2    6     0    00    00               7                           
 9073 4511 8926 4582 8815 4688 8590 4671 8476 4693 8012 4963 7974 5000  
L  2 2    7     1    00    00               5                           
 7974 5000 7967 5006 7925 5065 7895 5090 7849 5111                      
L  2 2    8     0    00    00              40                           
 7849 5111 7628 5146 7555 5165 7446 5261 7375 5288 7151 5326 7040 5451  
 6944 5489 6796 5654 6670 5752 6582 5808 6469 5958 6428 6018 6154 6109  
 6040 6129 5945 6136 5866 6088 5739 6061 5577 6173 5318 6278 5055 6432  
 4936 6450 4857 6422 4776 6449 4607 6621 4566 6642 4402 6629 3948 6864  
 3878 6877 3734 6830 3638 6846 3511 6931 3424 6951 3221 6967 3011 7048  
 2885 7061 2842 7043 2627 6786 2407 6791 2336 6815                      
L  2 2    9     0    00    00               4                           
 2244 6759 2239 6750 2151 6635 1978 6603                                
L  2 2   10     1    00    00               5                           
 2336 6815 2309 6816 2285 6811 2268 6800 2244 6759                      
L  2 2   11     0    00    00              13                           
10000 3390 9990 3391 9964 3386 9921 3393 9886 3398 9854 3415 9825 3432  
 9774 3461 9728 3494 9694 3537 9607 3655 9572 3740 9559 3804            
M 624161ìnìáí∂éq              2    4   10    4    0   51                
H2 1    4    5    4    0   39 0506 0506                                 
N  1 1    1 1863    0 1 3    3    5   -4    0    0    0    0    0    0  
N  1 1    2    0 3391 1 3    4   -5   -3    0    0    0    0    0    0  
N  1 2    3   68 3521 0 2    1   -1    0    0    0    0    0    0    0  
N  1 2    4  379 3276 0 2    2   -2    0    0    0    0    0    0    0  
L  1 5    1     0    30    30 120299999     8                           
   68 3521   68 3508   85 3491  104 3494  109 3521   99 3532   70 3529  
   68 3521                                                              
L  1 5    2     0    40    40 120299999     9                           
  379 3276  377 3287  360 3298  350 3292  328 3263  352 3252  367 3263  
  384 3257  379 3276                                                    
L  1 5    3     0    11    21 120299999   106                           
 1863    0 1834   98 1819  190 1804  384 1790  686 1792  840 1785  913  
 1787  986 1784 1072 1789 1150 1789 1269 1770 1425 1772 1431 1827 1436  
 1878 1461 1900 1501 1948 1523 1979 1512 2008 1526 2044 1583 2076 1610  
 2129 1648 2199 1661 2237 1680 2254 1702 2288 1796 2297 1864 2307 1899  
 2314 1966 2307 2028 2287 2085 2241 2155 2196 2204 2150 2239 2109 2263  
 2053 2290 2005 2300 1993 2300 1959 2314 1942 2365 1959 2360 2012 2362  
 2036 2373 2034 2379 2015 2389 1954 2411 1947 2427 1957 2462 1942 2467  
 1935 2459 1923 2427 1904 2438 1906 2457 1894 2484 1872 2502 1797 2548  
 1761 2553 1701 2572 1571 2585 1474 2601 1308 2639 1277 2649 1279 2668  
 1298 2701 1291 2722 1281 2730 1264 2736 1243 2722 1214 2698 1192 2701  
 1187 2709 1168 2703 1134 2687 1089 2679 1004 2679  722 2805  659 2848  
  459 3009  430 3052  411 3090  379 3130  353 3155  369 3174  391 3190  
  389 3228  372 3236  343 3233  309 3260  290 3287  287 3295  287 3346  
  282 3349  256 3346  229 3333  217 3322  203 3351  198 3384  208 3395  
  188 3451  155 3446  130 3438  116 3400  102 3392   63 3394   27 3389  
    0 3391                                                              
L  1 9    4     9    21    118888899999     5                           
    0 3391    010000100001000010000    0 1863    0                      
L  1 9    5     9    11    2188888 1202     3                           
 1863    0    0    0    0 3391                                          
A  199999    1 5000 5168   6                                            
    3    4    0    2    0    1                                          
A  1 1202    2 1144 1796   2                                            
    5   -3                                                              
A  1 1202    3   88 3512   1                                            
   -1                                                                   
A  1 1202    4  358 3274   1                                            
   -2                                                                   
H1 2    0    5    0    0   10 0506 0506                                 
L  2 2    1     0    00    00               2                           
 1009 2643  681 2767                                                    
L  2 2    2     1    00    00               4                           
  681 2767  465 2891  348 2999   92 3351                                
L  2 2    3     1    00    00               6                           
 1687 1392 1688 1507 1630 1775 1358 2353 1207 2533 1009 2643            
L  2 2    4     0    00    00               4                           
 1636    0 1563  407 1656  997 1687 1392                                
L  2 2    5     0    00    00               6                           
   92 3351   85 3362   63 3379   41 3387   19 3387    0 3390            
