M 623906ìnìáëÂìá              1    3    3    3    0   47                
H2 1    3    3    3    0   46 0506 0506                                 
N  1 2    1 3109 3036 0 2    1   -1    0    0    0    0    0    0    0  
N  1 2    2 4106 3155 0 2    2   -2    0    0    0    0    0    0    0  
N  1 1    310000    0 1 2   -3    3    0    0    0    0    0    0    0  
L  1 5    1     0    10    10 133199999    26                           
 3109 3036 3107 3033 3107 3022 3099 2973 3101 2963 3109 2946 3118 2938  
 3128 2938 3156 2952 3179 2977 3207 3018 3215 3037 3217 3123 3204 3180  
 3178 3234 3160 3250 3150 3250 3142 3242 3122 3206 3104 3190 3078 3168  
 3066 3154 3050 3114 3056 3084 3085 3046 3109 3036                      
L  1 5    2     0    20    20 133199999   201                           
 4106 3155 4067 3092 4043 3059 3981 2945 3955 2915 3882 2871 3810 2810  
 3796 2780 3798 2756 3818 2721 3831 2681 3817 2618 3829 2567 3846 2551  
 3866 2540 3896 2559 3911 2589 3945 2636 3957 2660 3979 2679 4007 2680  
 4023 2685 4053 2686 4073 2681 4117 2686 4169 2700 4199 2685 4258 2623  
 4280 2588 4284 2550 4281 2515 4271 2507 4273 2501 4291 2491 4293 2483  
 4291 2461 4279 2439 4160 2305 4144 2270 4148 2240 4164 2227 4172 2224  
 4198 2235 4212 2246 4232 2246 4234 2214 4221 2187 4215 2181 4195 2176  
 4161 2145 4151 2118 4147 2064 4153 2018 4180 1999 4182 1986 4190 1959  
 4206 1943 4216 1943 4226 1965 4234 2035 4241 2049 4247 2052 4260 2041  
 4276 1998 4278 1982 4296 1974 4320 1977 4324 1985 4334 2020 4354 2050  
 4402 2064 4424 2078 4456 2078 4462 2097 4462 2113 4443 2135 4437 2151  
 4443 2165 4465 2189 4485 2222 4495 2255 4519 2276 4534 2309 4583 2302  
 4609 2288 4625 2275 4645 2248 4677 2219 4697 2213 4725 2216 4733 2211  
 4738 2192 4746 2184 4764 2179 4786 2187 4832 2220 4856 2196 4862 2180  
 4860 2164 4872 2139 4890 2129 4916 2132 4960 2151 4958 2184 4966 2222  
 4986 2265 4996 2273 5018 2257 5032 2268 5030 2282 5014 2301 5059 2380  
 5091 2399 5113 2429 5167 2446 5215 2454 5257 2471 5267 2479 5297 2488  
 5375 2502 5403 2524 5441 2581 5463 2628 5484 2704 5498 2739 5518 2758  
 5527 2840 5515 2918 5491 2953 5456 2993 5442 3034 5434 3074 5439 3147  
 5445 3180 5469 3245 5495 3278 5521 3302 5524 3321 5520 3329 5522 3346  
 5544 3368 5572 3392 5592 3365 5598 3349 5596 3341 5551 3292 5551 3276  
 5567 3273 5595 3271 5619 3287 5631 3287 5639 3304 5641 3323 5634 3369  
 5624 3401 5614 3409 5596 3411 5584 3428 5562 3441 5544 3430 5538 3411  
 5528 3397 5500 3378 5464 3375 5414 3401 5388 3377 5372 3339 5364 3306  
 5374 3268 5373 3252 5349 3238 5335 3235 5321 3230 5270 3224 5240 3226  
 5184 3236 5142 3239 5112 3249 5078 3268 4969 3356 4939 3394 4888 3469  
 4846 3487 4818 3511 4753 3535 4727 3554 4679 3567 4629 3561 4599 3563  
 4557 3574 4529 3571 4373 3463 4305 3406 4273 3370 4238 3316 4218 3297  
 4212 3275 4200 3253 4170 3220 4136 3193 4106 3155                      
L  1 9    3     9    31    319999988888     5                           
10000    01000010000    010000    0    010000    0                      
A  1 1331    1 3135 3094   1                                            
   -1                                                                   
A  1 1331    2 4658 2780   1                                            
   -2                                                                   
A  199999    3 7759 2766   5                                            
   -3    0    1    0    2                                               
M 623912ìnìá                  2    2    3    2    1   28                
H2 1    2    3    2    0   24 0506 0506                                 
N  1 1    1 733410000 1 3    1    3    2    0    0    0    0    0    0  
N  1 1    210000 9857 1 3   -2   -1   -3    0    0    0    0    0    0  
L  1 5    1     0    11    21 133199999    88                           
 733410000 7332 9937 7347 9856 7385 9787 7427 9696 7433 9574 7440 9502  
 7442 9430 7400 9324 7409 9294 7451 9267 7453 9236 7448 9176 7463 9148  
 7489 9124 7516 9104 7562 9103 7601 9109 7627 9138 7638 9184 7664 9218  
 7737 9245 7780 9239 7817 9208 7837 9200 7839 9164 7866 9160 7898 9163  
 7894 9125 7897 9115 7954 9119 7961 9124 7963 9117 7983 9095 8044 9110  
 8059 9120 8076 9147 8122 9206 8151 9251 8169 9271 8216 9361 8223 9381  
 8257 9418 8313 9430 8320 9437 8334 9434 8340 9419 8358 9420 8363 9395  
 8374 9375 8397 9384 8398 9438 8417 9452 8428 9454 8448 9468 8464 9483  
 8467 9483 8472 9509 8490 9550 8538 9563 8541 9559 8602 9549 8598 9541  
 8606 9533 8621 9533 8626 9536 8641 9564 8658 9552 8677 9547 8690 9563  
 8706 9649 8716 9673 8735 9680 8739 9687 8793 9695 8808 9704 8875 9736  
 8928 9740 8977 9759 9141 9754 9214 9760 9342 9802 9428 9816 9662 9820  
 9795 9841 9874 9849 9949 985110000 9857                                
L  1 9    2     9    11    2188888 1331     3                           
 733410000100001000010000 9857                                          
L  1 9    3     9    11    219999988888     5                           
 733410000    010000    0    010000    010000 9857                      
A  199999    1 5000 4545   2                                            
    1   -3                                                              
A  1 1331    2 7962 9547   2                                            
    2   -1                                                              
H1 7    0    0    0    1    2 0506 0506                                 
P  7 6    1 7529 9320 0 1                                               
01 3 7529 9320              00  ìÔîgñ¶                                  
M 623913ìnìáëÂìá              1    2    3    2    0   13                
H2 1    2    3    2    0   12 0506 0506                                 
N  1 1    1    0 9857 1 3    1   -3    2    0    0    0    0    0    0  
N  1 1    2  31310000 1 3    3   -2   -1    0    0    0    0    0    0  
L  1 5    1     0    11    21 133199999     5                           
    0 9857   32 9862   64 9881  121 9935  31310000                      
L  1 9    2     9    11    2188888 1331     3                           
    0 9857    010000  31310000                                          
L  1 9    3     9    21    118888899999     5                           
  31310000100001000010000    0    0    0    0 9857                      
A  199999    1 5000 4925   2                                            
    1    3                                                              
A  1 1331    2   57 9928   2                                            
    2   -1                                                              
M 623922ìnìáëÂìá              2    2    3    2    1   27                
H2 1    2    3    2    0   23 0506 0506                                 
N  1 1    110000 2548 1 3    1   -3    2    0    0    0    0    0    0  
N  1 1    2 7334    0 1 3    3   -1   -2    0    0    0    0    0    0  
L  1 5    1     0    11    21 133199999    82                           
10000 2548 9968 2552 9957 2548 9949 2536 9926 2526 9871 2536 9867 2544  
 9874 2563 9869 2571 9837 2568 9808 2576 9795 2570 9783 2556 9738 2531  
 9678 2525 9640 2526 9512 2490 9452 2498 9444 2522 9428 2523 9413 2516  
 9404 2496 9397 2487 9391 2493 9381 2526 9372 2519 9367 2503 9344 2485  
 9302 2467 9205 2441 9086 2430 8977 2430 8872 2421 8773 2449 8746 2438  
 8668 2438 8588 2452 8511 2471 8347 2554 8291 2590 8209 2602 8157 2634  
 8141 2639 8067 2617 7830 2671 7763 2693 7670 2707 7520 2714 7485 2632  
 7417 2549 7351 2490 7277 2440 7247 2432 7236 2422 7224 2383 7182 2310  
 7043 1895 7025 1814 7018 1761 7027 1692 7048 1586 7032 1492 7062 1410  
 7107 1327 7155 1202 7145 1184 7116 1161 7110 1144 7126 1112 7127 1068  
 7144 1054 7196 1047 7217 1050 7235 1029 7275  912 7338  671 7354  592  
 7383  416 7389  293 7349  186 7341  139 7334    0                      
L  1 9    2     9    11    219999988888     5                           
10000 25481000010000    010000    0    0 7334    0                      
L  1 9    3     9    21    11 133188888     3                           
 7334    010000    010000 2548                                          
A  199999    1 5000 4368   2                                            
    1   -2                                                              
A  1 1331    2 8546 1356   2                                            
   -3   -1                                                              
H1 7    0    0    0    1    2 0506 0506                                 
P  7 7    1 8000 2000 0 1                                               
01 2 8000 2000              00  ëÂìá                                    
M 623923ìnìáëÂìá              1    2    3    2    0   19                
H2 1    2    3    2    0   18 0506 0506                                 
N  1 1    1  313    0 1 3    1    2   -3    0    0    0    0    0    0  
N  1 1    2    0 2548 1 3    3   -2   -1    0    0    0    0    0    0  
L  1 5    1     0    11    21 133199999    44                           
  313    0  368   48  525  243  544  261  602  300  680  343  717  369  
  752  408  765  434  828  492  879  547  920  619  934  652  961  736  
  959  778  947  863  953  884  936 1035  947 1122  949 1163  945 1182  
  913 1241  871 1308  841 1372  804 1462  751 1547  739 1561  724 1626  
  681 1739  654 1787  649 1820  601 1897  581 1947  580 1959  510 2147  
  509 2160  468 2205  373 2355  307 2427  255 2462  180 2492  120 2526  
   81 2529    0 2548                                                    
L  1 9    2     9    11    2188888 1331     3                           
  313    0    0    0    0 2548                                          
L  1 9    3     9    21    118888899999     5                           
    0 2548    010000100001000010000    0  313    0                      
A  199999    1 5000 4470   2                                            
    1    3                                                              
A  1 1331    2  447 1272   2                                            
    2   -1                                                              
M 623927ç]ó«                  2   16   20   16    0  135                
H2 1   16   17   16    0  125 0506 0506                                 
N  1 2    1 9845 3773 0 2    1   -1    0    0    0    0    0    0    0  
N  1 2    2 8988 6414 0 2    2   -2    0    0    0    0    0    0    0  
N  1 2    3 9138 5823 0 2    3   -3    0    0    0    0    0    0    0  
N  1 2    4 8999 7199 0 2    4   -4    0    0    0    0    0    0    0  
N  1 2    5 8914 7011 0 2    5   -5    0    0    0    0    0    0    0  
N  1 2    6 8896 7033 0 2    6   -6    0    0    0    0    0    0    0  
N  1 2    7 8861 7809 0 2    7   -7    0    0    0    0    0    0    0  
N  1 2    8 8872 9005 0 2    8   -8    0    0    0    0    0    0    0  
N  1 2    9 8914 8746 0 2    9   -9    0    0    0    0    0    0    0  
N  1 2   10 8899 8857 0 2   10  -10    0    0    0    0    0    0    0  
N  1 2   11 8812 9411 0 2   11  -11    0    0    0    0    0    0    0  
N  1 2   12 8966 8360 0 2   12  -12    0    0    0    0    0    0    0  
N  1 2   13 9038 8409 0 2   13  -13    0    0    0    0    0    0    0  
N  1 2   14 8728 9740 0 2   14  -14    0    0    0    0    0    0    0  
N  1 1   15 894110000 1 3   15   16  -17    0    0    0    0    0    0  
N  1 1   1610000 4598 1 3   17  -15  -16    0    0    0    0    0    0  
L  1 5    1     0    10    10 133199999    13                           
 9845 3773 9881 3763 9909 3771 9927 3788 9931 3801 9919 3809 9909 3825  
 9899 3836 9877 3828 9869 3830 9841 3792 9849 3773 9845 3773            
L  1 5    2     0    20    20 133199999    19                           
 8988 6414 9008 6411 9014 6414 9020 6428 9043 6525 9049 6566 9065 6623  
 9079 6664 9080 6704 9074 6715 9052 6718 9038 6704 9026 6679 9015 6639  
 8991 6563 8999 6520 8995 6495 8984 6446 8988 6414                      
L  1 5    3     0    30    30 133199999    15                           
 9138 5823 9154 5855 9169 5942 9167 5972 9157 5985 9159 6004 9143 6023  
 9123 6015 9121 5979 9115 5928 9127 5906 9125 5896 9115 5871 9116 5836  
 9138 5823                                                              
L  1 5    4     0    40    40 133199999    15                           
 8999 7199 9007 7199 9021 7191 9033 7205 9039 7229 9049 7251 9067 7262  
 9073 7284 9073 7300 9035 7299 9031 7288 9031 7278 9015 7256 8999 7226  
 8999 7199                                                              
L  1 5    5     0    50    50 133199999    12                           
 8914 7011 8916 7000 8907 6916 8903 6846 8909 6835 8925 6835 8937 6868  
 8951 6974 8948 6995 8938 7009 8916 7014 8914 7011                      
L  1 5    6     0    60    60 133199999    12                           
 8896 7033 8904 7027 8938 7033 8946 7041 8956 7085 8946 7144 8936 7139  
 8924 7117 8922 7092 8910 7063 8898 7049 8896 7033                      
L  1 5    7     0    70    70 133199999    12                           
 8861 7809 8892 7812 8941 7848 8941 7859 8937 7878 8925 7894 8909 7888  
 8899 7880 8879 7874 8863 7866 8853 7823 8861 7809                      
L  1 5    8     0    80    80 133199999    14                           
 8872 9005 8882 9011 8898 9027 8906 9076 8906 9084 8882 9095 8866 9087  
 8862 9073 8862 9065 8870 9060 8870 9049 8864 9027 8862 9011 8872 9005  
L  1 5    9     0    90    90 133199999    12                           
 8914 8746 8916 8743 8932 8746 8940 8752 8942 8771 8950 8801 8960 8844  
 8936 8849 8918 8835 8898 8781 8908 8770 8914 8746                      
L  1 5   10     0   100   100 133199999    11                           
 8899 8857 8889 8860 8899 8854 8907 8865 8935 8909 8923 8925 8903 8933  
 8881 8930 8869 8922 8885 8865 8899 8857                                
L  1 5   11     0   110   110 133199999    10                           
 8812 9411 8822 9427 8824 9443 8838 9460 8836 9476 8817 9492 8803 9495  
 8788 9470 8790 9449 8812 9411                                          
L  1 5   12     0   120   120 133199999    13                           
 8966 8360 8973 8346 8981 8333 8991 8327 9005 8336 9020 8382 9018 8398  
 9000 8411 8990 8414 8990 8395 8980 8368 8968 8362 8966 8360            
L  1 5   13     0   130   130 133199999    12                           
 9038 8409 9044 8404 9050 8393 9058 8396 9072 8436 9068 8461 9052 8466  
 9038 8477 9030 8471 9020 8420 9026 8409 9038 8409                      
L  1 5   14     0   140   140 133199999    15                           
 8728 9740 8724 9735 8728 9716 8748 9702 8760 9703 8786 9727 8794 9763  
 8806 9773 8812 9787 8810 9795 8784 9792 8770 9778 8764 9765 8732 9748  
 8728 9740                                                              
L  1 5   15     0   151   161 133199999   167                           
 894110000 8937 9997 8939 9964 8935 9948 8911 9942 8901 9942 8877 9950  
 8861 9945 8847 9842 8852 9790 8882 9755 8922 9745 8958 9724 8989 9691  
 9008 9562 9000 9532 8994 9537 8978 9532 8970 9515 8980 9499 8986 9440  
 8985 9380 8991 9372 9019 9297 9024 9145 9024 9140 9020 9140 9029 9045  
 9047 8986 9062 8899 9058 8845 9040 8818 9020 8804 9014 8793 9016 8763  
 9036 8728 9043 8691 9037 8650 9013 8609 9013 8582 9017 8574 9037 8574  
 9053 8580 9094 8537 9088 8485 9067 8382 9063 8323 9057 8301 9033 8298  
 9013 8282 9009 8265 8983 8219 8983 8197 8987 8195 9013 8206 9041 8220  
 9048 8212 9064 8152 9066 8125 9056 8060 9021 7970 9031 7946 9077 7893  
 9189 7699 9214 7602 9222 7453 9220 7439 9183 7333 9135 7273 9071 7237  
 9052 7032 9057 6980 9093 6945 9101 6935 9133 6911 9166 6873 9156 6786  
 9152 6778 9138 6767 9121 6672 9133 6648 9155 6627 9153 6575 9188 6454  
 9188 6435 9157 6340 9145 6291 9121 6231 9127 6207 9158 6207 9181 6237  
 9197 6270 9242 6230 9242 6159 9248 6097 9273 5997 9271 5946 9290 5900  
 9142 5823 9238 5518 9248 5442 9260 5442 9250 5521 9186 5734 9230 5753  
 9306 5773 9310 5768 9378 5538 9384 5514 9438 5525 9454 5507 9471 5480  
 9515 5415 9527 5378 9558 5318 9592 5289 9590 5273 9568 5226 9568 5189  
 9615 5162 9631 5122 9627 5103 9609 5059 9575 5034 9565 5013 9511 4998  
 9503 4988 9508 4982 9578 4994 9584 4997 9606 4916 9614 4878 9637 4843  
 9649 4802 9633 4805 9601 4799 9577 4812 9541 4817 9526 4839 9494 4922  
 9480 4933 9443 5028 9439 5049 9463 5066 9455 5082 9421 5062 9413 5052  
 9452 4938 9474 4879 9508 4841 9531 4788 9579 4775 9593 4794 9677 4778  
 9685 4773 9714 4722 9730 4708 9778 4720 9796 4709 9846 4712 9874 4705  
 9918 4686 9961 4643 9977 4622 9985 4614 9991 460610000 4598            
L  1 9   16     9   151   1619999988888     5                           
 894110000    010000    0    010000    010000 4598                      
L  1 9   17     9   161   151 133188888     3                           
10000 45981000010000 894110000                                          
A  1 1331    1 9888 3799   1                                            
   -1                                                                   
A  1 1331    2 9020 6564   1                                            
   -2                                                                   
A  1 1331    3 9142 5924   1                                            
   -3                                                                   
A  1 1331    4 9027 7244   1                                            
   -4                                                                   
A  1 1331    5 8926 6924   1                                            
   -5                                                                   
A  1 1331    6 8938 7085   1                                            
   -6                                                                   
A  1 1331    7 8900 7851   1                                            
   -7                                                                   
A  1 1331    8 8886 9050   1                                            
   -8                                                                   
A  1 1331    9 8926 8796   1                                            
   -9                                                                   
A  1 1331   10 8901 8894   1                                            
  -10                                                                   
A  1 1331   11 8811 9453   1                                            
  -11                                                                   
A  1 1331   12 8998 8370   1                                            
  -12                                                                   
A  1 1331   13 9048 8436   1                                            
  -13                                                                   
A  1 1331   14 8761 9748   1                                            
  -14                                                                   
A  199999   15 4492 6680  30                                            
   15  -16    0    1    0    2    0    3    0    4    0    5    0    6  
    0    7    0    8    0    9    0   10    0   11    0   12    0   13  
    0   14                                                              
A  1 1331   16 9567 7272   2                                            
  -17  -15                                                              
H1 2    0    3    0    0    8 0506 0506                                 
L  2 2    1     0    00    00              15                           
 9336 9917 9365 9882 9394 9834 9441 9665 9434 9089 9400 8887 9213 8322  
 9184 8184 9204 7966 9300 7725 9312 7579 9279 7394 9215 7145 9212 6887  
10000 4865                                                              
L  2 2    2     0    00    00               3                           
 917610000 9280 9958 9336 9917                                          
L  2 5    3     0    00    00               2                           
 930210000 9336 9917                                                    
M 623937å¥å˚                  2    4   12    3    0   60                
H2 1    4    6    3    0   41 0506 0506                                 
N  1 1    110000 6457 1 3    1   -3    5    0    0    0    0    0    0  
N  1 2    2 9758 5320 0 3   -2   -1    4    0    0    0    0    0    0  
N  1 1    310000 5534 1 3    3    2   -6    0    0    0    0    0    0  
N  1 1    4 8941    0 1 3    6   -4   -5    0    0    0    0    0    0  
L  1 5    1     0    11    20 136299999    35                           
10000 6457 9968 6465 9964 6432 9999 6388 9991 6338 9953 6278 9891 6250  
 9855 6255 9835 6266 9815 6244 9793 6252 9779 6227 9775 6162 9769 6130  
 9743 6129 9733 6121 9705 6107 9669 6102 9664 6077 9666 6061 9654 6058  
 9644 6031 9658 5974 9666 5966 9696 5953 9721 5880 9741 5853 9765 5802  
 9772 5762 9772 5629 9739 5577 9731 5553 9725 5507 9744 5383 9758 5320  
L  1 2    2     0    31    20 1331 1362     5                           
10000 5534 9955 5536 9897 5490 9810 5370 9758 5320                      
L  1 9    3     9    31    11 136288888     2                           
10000 553410000 6457                                                    
L  1 5    4     0    20    41 133199999   106                           
 9758 5320 9760 5312 9715 5098 9697 5076 9688 5049 9692 5036 9686 4949  
 9668 4881 9661 4862 9647 4848 9657 4797 9612 4613 9588 4593 9562 4590  
 9548 4577 9582 4534 9552 4514 9549 4477 9561 4444 9567 4442 9565 4439  
 9559 4444 9539 4398 9533 4352 9510 4257 9512 4251 9467 4099 9457 4080  
 9433 4053 9435 3988 9425 3937 9390 3804 9343 3698 9319 3611 9281 3570  
 9251 3542 9228 3485 9202 3439 9194 3406 9172 3382 9130 3308 9119 3270  
 9115 3246 9103 3230 9091 3194 9057 3169 9049 3123 9048 3042 8988 2936  
 8976 2906 8957 2776 8932 2646 8932 2621 8949 2500 8943 2478 8923 2467  
 8927 2464 8951 2440 8967 2408 8971 2395 8974 2343 9006 2273 9031 2208  
 9023 2151 9011 2108 8974 2035 8910 1920 8894 1869 8883 1812 8867 1782  
 8861 1749 8867 1690 8873 1671 8860 1500 8863 1441 8875 1408 8901 1354  
 8926 1249 8923 1138 8907 1027 8890  975 8880  967 8884  948 8908  875  
 8908  859 8914  854 8921  808 8953  738 8965  722 8992  665 9018  574  
 9047  471 9053  420 9036  349 9016  311 9014  297 9004  268 8962  213  
 8944  199 8936  186 8940  167 8939  134 8935  115 8927  112 8919   99  
 8941    0                                                              
L  1 9    5     9    11    419999988888     5                           
10000 64571000010000    010000    0    0 8941    0                      
L  1 9    6     9    41    31 133188888     3                           
 8941    010000    010000 5534                                          
A  199999    1 4559 3268   3                                            
    1    4   -5                                                         
A  1 1362    2 9858 5894   3                                            
   -3    2   -1                                                         
A  1 1331    3 9482 2820   3                                            
   -2   -6   -4                                                         
H1 2    0    6    0    0   17 0506 0506                                 
L  2 2    1     0    00    00              16                           
10000 6142 9952 6070 9915 6004 9911 5947 9937 5846 9960 5716 9958 5378  
 9916 5243 9908 5059 9838 4927 9816 4706 9744 4542 9720 4298 9634 4024  
 9426 3574 9364 3388                                                    
L  2 2    2     0    00    00               7                           
 9364 3388 9306 3211 9278 3105 9264 2867 9271 1803 9215 1621 9229 1338  
L  2 5    3     0    00    00               9                           
 9364 3388 9270 3304 9029 2746 9029 2575 9080 2153 9016 1888 9149 1602  
 9181 1395 9229 1338                                                    
L  2 2    4     0    00    00               3                           
 9229 1338 9245 1029 9237  947                                          
L  2 2    5     0    00    00               8                           
 9237  947 9127  721 9114  521 9105  307 9107   89 9118   64 9141   34  
 9176    0                                                              
L  2 5    6     0    00    00              10                           
 9237  947 9270  866 9206  744 9213  644 9359  566 9352  466 9187  258  
 9187  173 9270   80 9302    0                                          
