M 654002                      1    3    4    3    0   20                
H2 1    3    4    3    0   19 0506 0506                                 
N  1 1    1 7753    0 1 3    1   -3    4    0    0    0    0    0    0  
N  1 1    2 7678    0 1 3    3   -1   -4    0    0    0    0    0    0  
N  1 2    3 7636  209 0 2    2   -2    0    0    0    0    0    0    0  
L  1 5    1     0    11    21 140599999    11                           
 7753    0 7742   21 7744   26 7735   34 7728   34 7712   42 7696   58  
 7678   58 7653   44 7676   12 7678    0                                
L  1 5    2     0    30    30 140599999    13                           
 7636  209 7640  217 7640  231 7633  244 7613  260 7597  266 7581  282  
 7574  268 7581  244 7592  231 7613  217 7622  225 7636  209            
L  1 9    3     9    21    11 140588888     2                           
 7678    0 7753    0                                                    
L  1 9    4     9    11    219999988888     6                           
 7753    010000    01000010000    010000    0    0 7678    0            
A  199999    1 5000 4855   4                                            
    1   -4    0    2                                                    
A  1 1405    2 7703   28   2                                            
   -3   -1                                                              
A  1 1405    3 7607  244   1                                            
   -2                                                                   
M 654003êœíO                  3    7   23    7    1  136                
H2 1    7    8    7    0   98 0506 0506                                 
N  1 2    1 8210 4707 0 2    1   -1    0    0    0    0    0    0    0  
N  1 2    2 8793 4857 0 2    2   -2    0    0    0    0    0    0    0  
N  1 2    3 8568 4926 0 2    3   -3    0    0    0    0    0    0    0  
N  1 2    4 7297 2407 0 2    4   -4    0    0    0    0    0    0    0  
N  1 2    5 7399 2831 0 2    5   -5    0    0    0    0    0    0    0  
N  1 1    610000 4430 1 3    6   -8   -7    0    0    0    0    0    0  
N  1 1    7 5981    0 1 3    8   -6    7    0    0    0    0    0    0  
L  1 5    1     0    10    10 140599999    15                           
 8210 4707 8210 4697 8233 4610 8256 4572 8293 4547 8318 4522 8329 4530  
 8325 4606 8321 4617 8283 4663 8279 4699 8266 4726 8260 4731 8230 4729  
 8210 4707                                                              
L  1 5    2     0    20    20 140599999    17                           
 8793 4857 8789 4854 8776 4881 8750 4876 8731 4865 8701 4866 8697 4849  
 8727 4838 8737 4825 8795 4792 8801 4792 8806 4805 8829 4805 8832 4816  
 8810 4830 8806 4854 8793 4857                                          
L  1 5    3     0    30    30 140599999    15                           
 8568 4926 8557 4913 8559 4897 8557 4867 8533 4837 8533 4818 8537 4818  
 8561 4791 8587 4823 8598 4853 8602 4858 8591 4877 8596 4891 8583 4907  
 8568 4926                                                              
L  1 5    4     0    40    40 140599999    10                           
 7297 2407 7292 2388 7292 2363 7312 2352 7327 2360 7342 2387 7351 2433  
 7340 2447 7332 2444 7297 2407                                          
L  1 5    5     0    50    50 140599999    14                           
 7399 2831 7390 2806 7390 2785 7400 2779 7420 2795 7426 2817 7439 2838  
 7440 2863 7446 2884 7429 2901 7418 2898 7416 2868 7399 2836 7399 2831  
L  1 5    6     0    61    71 140599999   373                           
10000 4430 9970 4422 9935 4425 9927 4441 9903 4436 9875 4423 9823 4361  
 9774 4332 9703 4327 9684 4370 9671 4376 9664 4368 9654 4406 9661 4444  
 9669 4449 9680 4479 9695 4487 9689 4535 9670 4544 9636 4549 9623 4568  
 9608 4574 9588 4550 9612 4541 9610 4528 9592 4528 9599 4506 9582 4509  
 9575 4517 9556 4515 9571 4477 9551 4493 9534 4501 9540 4461 9513 4491  
 9502 4526 9485 4529 9478 4494 9461 4478 9446 4497 9433 4505 9418 4497  
 9395 4527 9380 4524 9380 4549 9367 4557 9343 4549 9326 4568 9333 4587  
 9318 4584 9303 4576 9307 4609 9314 4609 9342 4622 9325 4647 9308 4655  
 9297 4682 9277 4655 9264 4628 9258 4634 9245 4672 9230 4693 9211 4699  
 9207 4696 9196 4669 9183 4664 9140 4667 9123 4689 9110 4716 9100 4727  
 9076 4727 9071 4689 9056 4660 9041 4654 9050 4635 9043 4589 9017 4560  
 9011 4601 9009 4647 8988 4679 8967 4755 8960 4766 8913 4799 8904 4777  
 8887 4756 8881 4737 8859 4745 8872 4797 8866 4802 8827 4794 8838 4751  
 8829 4740 8795 4776 8771 4789 8752 4795 8731 4790 8730 4725 8719 4692  
 8713 4684 8680 4660 8616 4631 8577 4604 8531 4531 8490 4510 8447 4500  
 8331 4490 8314 4501 8286 4534 8258 4545 8250 4542 8241 4572 8216 4594  
 8166 4586 8179 4494 8075 4408 8045 4395 8012 4395 7987 4403 7983 4422  
 7955 4447 7946 4463 7979 4460 7979 4479 7966 4509 7930 4537 7919 4501  
 7908 4523 7874 4561 7868 4561 7833 4518 7828 4491 7843 4429 7839 4421  
 7817 4408 7774 4394 7729 4395 7697 4419 7665 4449 7661 4466 7676 4476  
 7678 4495 7670 4514 7648 4525 7629 4509 7624 4501 7615 4455 7600 4439  
 7605 4509 7597 4520 7577 4499 7553 4494 7543 4469 7523 4486 7519 4502  
 7506 4508 7498 4508 7495 4494 7508 4483 7508 4448 7525 4426 7492 4362  
 7482 4354 7454 4356 7428 4368 7398 4333 7372 4308 7359 4306 7340 4311  
 7301 4363 7297 4363 7282 4309 7277 4304 7280 4385 7265 4391 7252 4377  
 7243 4353 7228 4369 7215 4372 7213 4353 7221 4329 7217 4275 7197 4259  
 7216 4191 7227 4172 7244 4177 7261 4144 7261 4131 7222 4109 7209 4088  
 7205 4039 7217 4012 7217 4004 7175 4058 7162 4064 7157 4056 7153 4056  
 7133 4015 7135 3975 7140 3972 7159 3996 7165 3950 7146 3948 7144 3931  
 7154 3923 7180 3880 7210 3869 7244 3893 7249 3887 7257 3852 7283 3819  
 7289 3800 7304 3803 7321 3797 7351 3794 7377 3810 7388 3821 7409 3789  
 7400 3753 7437 3764 7439 3756 7417 3724 7475 3737 7486 3750 7503 3731  
 7518 3690 7531 3695 7542 3722 7561 3725 7583 3717 7587 3711 7591 3692  
 7595 3687 7610 3689 7617 3695 7655 3659 7649 3646 7631 3627 7651 3621  
 7698 3626 7707 3616 7679 3605 7694 3591 7728 3588 7726 3567 7738 3556  
 7768 3558 7777 3591 7790 3596 7878 3609 7915 3606 7960 3581 7985 3559  
 7996 3545 7992 3513 7987 3502 7942 3476 7940 3448 7916 3451 7910 3457  
 7884 3438 7849 3422 7830 3444 7791 3406 7699 3383 7664 3361 7640 3337  
 7647 3324 7664 3307 7672 3307 7672 3296 7655 3294 7633 3286 7586 3197  
 7579 3175 7594 3165 7598 3164 7613 3135 7609 3121 7606 3083 7589 3027  
 7563 2997 7543 2957 7526 2949 7507 2933 7504 2924 7511 2905 7521 2894  
 7497 2846 7484 2803 7486 2768 7477 2692 7443 2679 7451 2641 7457 2630  
 7453 2627 7448 2576 7442 2546 7390 2530 7392 2525 7385 2449 7368 2441  
 7366 2428 7381 2425 7385 2362 7400 2360 7395 2341 7414 2308 7418 2276  
 7412 2243 7405 2227 7360 2189 7341 2190 7310 2182 7258 2117 7239 2101  
 7226 2053 7211 2020 7168 2002 7133 1972 7111 1964 7094 1937 7081 1900  
 7059 1851 7040 1840 7025 1819 7024 1797 7046 1800 7024 1719 7015 1713  
 6989 1681 6987 1654 7021 1602 7060 1588 7096 1550 7126 1512 7140 1461  
 7123 1399 7150 1317 7154 1290 7124 1206 7087 1139 7004 1021 6946  970  
 6886  919 6823  884 6786  882 6746  863 6705  836 6674  823 6668  850  
 6647  840 6633  799 6603  759 6586  724 6555  635 6544  583 6539  516  
 6528  486 6513  475 6502  438 6470  376 6455  368 6414  354 6296  347  
 6246  340 6222  307 6188  270 6172  245 6140  205 6084  146 6047   98  
 6032   54 5981    0                                                    
L  1 9    7     9    71    618888899999     5                           
 5981    0    0    0    010000100001000010000 4430                      
L  1 9    8     9    71    61 140588888     3                           
 5981    010000    010000 4430                                          
A  1 1405    1 8271 4626   1                                            
   -1                                                                   
A  1 1405    2 8769 4836   1                                            
   -2                                                                   
A  1 1405    3 8576 4858   1                                            
   -3                                                                   
A  1 1405    4 7319 2398   1                                            
   -4                                                                   
A  1 1405    5 7420 2840   1                                            
   -5                                                                   
A  199999    6 3723 2566  12                                            
    6    7    0    1    0    2    0    3    0    4    0    5            
A  1 1405    7 8684 2440   2                                            
   -8   -6                                                              
H1 2    0   15    0    0   33 0506 0506                                 
L  2 2    1     0    00    00               8                           
 6050    0 6252  295 6460  332 6552  417 6585  640 6624  731 6676  779  
 6858  850                                                              
L  2 2    2     0    00    00               4                           
 6858  850 7010  408 7347  106 7440    0                                
L  2 4    3     0    00    00               7                           
 7062 1613 7170 1510 7186 1480 7166 1363 7254 1135 7223 1061 6858  850  
L  2 4    4     1    00    00               3                           
 7046 1705 7049 1634 7062 1613                                          
L  2 4    5     0    00    00               3                           
 7109 1905 7067 1807 7046 1705                                          
L  2 4    6     1    00    00               2                           
 7153 1952 7109 1905                                                    
L  2 4    7     0    00    00               3                           
 7243 2031 7204 1980 7153 1952                                          
L  2 4    8     1    00    00               2                           
 7272 2093 7243 2031                                                    
L  2 4    9     0    00    00               2                           
 7308 2136 7272 2093                                                    
L  2 4   10     1    00    00               2                           
 7358 2154 7308 2136                                                    
L  2 4   11     0    00    00               5                           
 7429 2431 7472 2283 7455 2228 7406 2167 7358 2154                      
L  2 4   12     1    00    00               2                           
 7431 2482 7429 2431                                                    
L  2 4   13     0    00    00               5                           
 7541 2899 7512 2812 7515 2613 7506 2568 7431 2482                      
L  2 4   14     1    00    00               2                           
 7559 2940 7541 2899                                                    
L  2 4   15     0    00    00              20                           
10000 3514 9910 3620 9730 3785 9511 3914 9148 3885 8937 3731 8554 3822  
 8265 3771 8085 3683 8046 3631 8031 3510 7939 3416 7890 3402 7828 3359  
 7744 3347 7658 3250 7614 3179 7632 3136 7614 3031 7559 2940            
H1 7    0    0    0    1    2 0506 0506                                 
P  7 6    1 7333 4000 0 1                                               
01 3 7333 4000              00  êœíOñ¶                                  
M 654004êœíOñ¶                2    6    8    6    0   72                
H2 1    6    7    6    0   65 0506 0506                                 
N  1 2    1 2356 2976 0 2    1   -1    0    0    0    0    0    0    0  
N  1 2    2 2582 2738 0 2    2   -2    0    0    0    0    0    0    0  
N  1 2    3 3786  458 0 2    3   -3    0    0    0    0    0    0    0  
N  1 2    4 4265  118 0 2    4   -4    0    0    0    0    0    0    0  
N  1 1    5 4161    0 1 3    5   -6   -7    0    0    0    0    0    0  
N  1 1    6    0 4430 1 3    6    7   -5    0    0    0    0    0    0  
L  1 5    1     0    10    10 140599999    12                           
 2356 2976 2337 2960 2313 2941 2308 2925 2323 2914 2328 2914 2338 2897  
 2349 2900 2356 2913 2367 2957 2362 2973 2356 2976                      
L  1 5    2     0    20    20 140599999    16                           
 2582 2738 2600 2760 2582 2776 2570 2798 2555 2785 2548 2814 2540 2831  
 2536 2831 2525 2815 2518 2793 2514 2788 2512 2771 2526 2736 2567 2725  
 2582 2725 2582 2738                                                    
L  1 5    3     0    30    30 140599999    12                           
 3786  458 3788  477 3784  501 3769  506 3763  501 3739  463 3730  420  
 3734  377 3749  382 3771  404 3784  439 3786  458                      
L  1 5    4     0    40    40 140599999    13                           
 4265  118 4271  145 4287  161 4289  183 4274  188 4252  161 4233  148  
 4224  124 4196   89 4202   73 4217   83 4252   99 4265  118            
L  1 5    5     0    51    61 140599999   203                           
 4161    0 4163   16 4157   51 4159   67 4170   92 4173  127 4149  154  
 4151  192 4149  211 4178  257 4182  284 4182  308 4165  316 4146  317  
 4131  333 4114  333 4073  325 4049  342 4026  326 3944  302 3890  335  
 3860  343 3850  360 3811  376 3783  344 3740  352 3723  339 3699  345  
 3663  326 3639  332 3603  351 3566  384 3537  457 3533  492 3526  511  
 3537  533 3505  574 3488  606 3495  633 3530  690 3530  722 3513  801  
 3500  820 3505  844 3513  850 3518  877 3505  923 3488  942 3458  958  
 3435  950 3413  953 3437  983 3426 1002 3369 1027 3360 1035 3313 1035  
 3289 1041 3278 1009 3267  992 3250  998 3242 1022 3216 1033 3205 1017  
 3130 1077 3103 1110 3069 1143 2974 1203 2962 1222 2947 1277 2926 1317  
 2904 1347 2890 1383 2862 1407 2836 1437 2811 1505 2785 1546 2758 1608  
 2666 1671 2640 1701 2619 1739 2598 1810 2583 1821 2573 1859 2575 1867  
 2560 1910 2539 1919 2502 1984 2475 2009 2458 2033 2430 2104 2420 2152  
 2424 2185 2424 2217 2431 2304 2447 2339 2492 2417 2531 2460 2559 2517  
 2601 2570 2609 2603 2605 2635 2597 2665 2545 2693 2509 2720 2509 2755  
 2501 2785 2480 2829 2458 2848 2448 2845 2432 2829 2421 2799 2425 2721  
 2370 2740 2320 2776 2282 2787 2252 2784 2239 2760 2213 2739 2174 2726  
 2146 2707 2103 2705 2056 2681 2025 2648 1997 2632 1909 2614 1849 2579  
 1829 2580 1814 2574 1808 2564 1782 2553 1700 2529 1655 2530 1601 2525  
 1550 2506 1530 2504 1485 2507 1410 2524 1260 2576 1222 2598 1111 2675  
 1089 2694 1055 2711 1040 2732 1072 2767 1019 2838 1028 2925 1026 2938  
  979 2952  984 2995  975 3055  963 3088  954 3161  946 3188  935 3207  
  946 3215  946 3247  925 3266  940 3302  930 3345  924 3402  913 3440  
  930 3469  945 3456  963 3464  971 3474  922 3515  912 3540  899 3597  
  893 3643  874 3689  870 3727  806 3774  801 3782  801 3809  761 3833  
  742 3855  731 3901  706 3953  639 4027  629 4048  612 4103  597 4111  
  560 4103  565 4122  561 4149  541 4160  526 4141  490 4139  477 4134  
  440 4131  434 4145  402 4159  326 4124  309 4121  247 4122  238 4125  
  185 4204  177 4231  168 4293  156 4328  122 4358   30 4424    0 4430  
L  1 9    6     9    61    518888899999     5                           
    0 4430    010000100001000010000    0 4161    0                      
L  1 9    7     9    61    51 140588888     3                           
    0 4430    0    0 4161    0                                          
A  1 1405    1 2337 2936   1                                            
   -1                                                                   
A  1 1405    2 2547 2777   1                                            
   -2                                                                   
A  1 1405    3 3759  440   1                                            
   -3                                                                   
A  1 1405    4 4247  130   1                                            
   -4                                                                   
A  199999    5 5000 5004  10                                            
    5    6    0    1    0    2    0    3    0    4                      
A  1 1405    6 1213 2238   2                                            
   -7   -5                                                              
H1 2    0    1    0    0    5 0506 0506                                 
L  2 4    1     0    00    00              26                           
 3322    0 3053  188 2516  209 2464  241 2287  519 2237  730 2260  893  
 2138 1274 2181 1469 2177 1595 2104 1695 2008 1722 1883 1729 1831 1760  
 1766 1907 1708 1949 1578 1929 1406 2008 1310 2003 1109 2231  758 2322  
  669 2548  671 2749  280 3079  131 3359    0 3514                      
