M 664400âKå¥ì‡                3    2   30    2    0  147                
H2 1    2    3    2    0   77 0507 0507                                 
N  1 1    1 567010000 1 3    1   -2   -3    0    0    0    0    0    0  
N  1 1    2 4327    0 1 3    3   -1    2    0    0    0    0    0    0  
L  1 3    1     0    11    21 1211 1553   457                           
 567010000 5677 9990 5670 9965 5658 9916 5651 9895 5621 9852 5593 9832  
 5568 9812 5546 9785 5537 9766 5529 9743 5529 9712 5550 9660 5569 9633  
 5579 9624 5611 9602 5643 9581 5665 9563 5686 9538 5693 9526 5703 9510  
 5718 9488 5729 9483 5731 9461 5723 9415 5718 9384 5719 9360 5720 9352  
 5717 9345 5707 9338 5696 9340 5670 9337 5622 9326 5582 9303 5536 9268  
 5500 9243 5456 9216 5436 9204 5425 9197 5359 9145 5326 9105 5292 9064  
 5259 9029 5244 9018 5228 9014 5201 9014 5171 9016 5143 9008 5119 8992  
 5079 8961 5048 8931 5027 8903 5009 8868 5010 8842 4997 8783 4984 8764  
 4960 8736 4947 8718 4930 8694 4918 8674 4903 8639 4898 8605 4902 8561  
 4903 8518 4899 8483 4900 8473 4913 8447 4934 8412 4933 8372 4929 8347  
 4933 8305 4939 8255 4942 8201 4946 8188 4966 8156 4968 8128 4965 8104  
 4963 8083 4945 8040 4924 8022 4903 8016 4882 8012 4841 7977 4816 7941  
 4792 7908 4780 7894 4756 7884 4745 7877 4718 7869 4683 7837 4656 7811  
 4624 7773 4599 7739 4580 7697 4569 7634 4567 7572 4560 7556 4547 7553  
 4502 7539 4485 7522 4473 7499 4466 7475 4457 7446 4451 7433 4442 7428  
 4421 7432 4407 7442 4381 7453 4368 7456 4352 7453 4322 7463 4298 7472  
 4277 7480 4265 7479 4256 7471 4209 7420 4188 7370 4180 7313 4174 7267  
 4173 7254 4131 7219 4103 7200 4072 7167 4041 7149 4006 7142 3986 7134  
 3977 7125 3979 7093 3987 7064 3989 7053 4012 7030 4041 7013 4072 7000  
 4106 6983 4127 6967 4135 6953 4135 6932 4135 6887 4139 6840 4147 6760  
 4151 6718 4159 6701 4180 6675 4199 6652 4212 6624 4217 6610 4218 6602  
 4212 6576 4208 6552 4199 6507 4214 6481 4228 6442 4239 6406 4261 6354  
 4277 6331 4299 6317 4324 6304 4334 6288 4332 6240 4336 6196 4342 6162  
 4355 6141 4355 6128 4365 6086 4368 6059 4365 6040 4357 6026 4349 6012  
 4335 5989 4331 5976 4327 5949 4342 5906 4349 5881 4350 5837 4351 5805  
 4351 5792 4344 5771 4336 5722 4339 5679 4355 5631 4370 5599 4370 5573  
 4359 5539 4355 5524 4343 5484 4327 5436 4318 5393 4318 5376 4307 5344  
 4306 5337 4300 5326 4287 5302 4271 5290 4242 5283 4215 5278 4172 5265  
 4149 5249 4141 5238 4126 5213 4117 5176 4120 5140 4136 5109 4138 5093  
 4152 5077 4173 5066 4184 5054 4192 5009 4195 4981 4197 4931 4187 4906  
 4181 4877 4183 4845 4189 4836 4206 4825 4215 4817 4233 4796 4242 4777  
 4245 4754 4243 4722 4230 4693 4218 4665 4208 4615 4214 4589 4214 4571  
 4241 4544 4262 4531 4279 4512 4291 4474 4297 4452 4284 4430 4274 4416  
 4255 4396 4232 4369 4215 4353 4195 4329 4161 4290 4139 4265 4120 4241  
 4110 4229 4099 4213 4088 4181 4082 4159 4085 4125 4086 4110 4095 4077  
 4098 4023 4104 3974 4107 3923 4103 3905 4102 3878 4112 3832 4129 3793  
 4145 3782 4177 3766 4222 3751 4244 3746 4259 3738 4276 3731 4284 3726  
 4291 3723 4285 3706 4278 3701 4266 3698 4251 3696 4233 3695 4211 3695  
 4170 3696 4157 3696 4135 3696 4110 3697 4099 3698 4085 3696 4062 3688  
 4047 3671 4038 3657 4029 3639 4024 3631 4019 3622 4008 3605 4001 3592  
 3987 3570 3967 3559 3955 3553 3930 3530 3922 3516 3909 3487 3908 3450  
 3917 3425 3915 3400 3915 3384 3913 3367 3918 3333 3935 3301 3955 3282  
 3969 3258 3974 3237 3960 3223 3920 3218 3906 3215 3895 3208 3886 3202  
 3876 3191 3869 3169 3867 3141 3870 3100 3879 3074 3883 3054 3898 3014  
 3896 2984 3882 2957 3859 2936 3851 2929 3843 2921 3815 2885 3792 2863  
 3771 2838 3757 2812 3747 2787 3742 2764 3741 2748 3740 2724 3732 2692  
 3715 2676 3695 2668 3673 2660 3653 2654 3642 2648 3629 2640 3619 2628  
 3607 2608 3597 2588 3584 2571 3573 2561 3564 2556 3550 2550 3537 2548  
 3520 2546 3497 2547 3483 2551 3471 2557 3246 2613 3237 2599 3227 2583  
 3221 2573 3206 2542 3192 2517 3185 2506 3173 2489 3166 2453 3170 2436  
 3171 2411 3173 2403 3153 2384 3145 2371 3111 2319 3100 2295 3096 2276  
 3096 2256 3103 2232 3106 2207 3108 2184 3099 2155 3093 2139 3086 2129  
 3075 2114 3050 2085 3033 2066 3010 2039 2977 1996 2960 1970 2948 1947  
 2930 1913 2917 1881 2906 1868 2872 1839 2830 1807 2822 1784 2823 1562  
 2829 1552 2836 1546 2845 1533 2873 1510 2917 1491 2944 1483 2987 1462  
 3009 1451 3030 1439 3052 1417 3068 1393 3089 1361 3116 1330 3123 1316  
 3154 1303 3178 1298 3207 1290 3240 1276 3256 1266 3277 1243 3302 1217  
 3331 1208 3358 1205 3381 1199 3402 1196 3438 1199 3468 1208 3497 1221  
 3523 1223 3551 1232 3566 1233 3575 1233 3599 1241 3617 1246 3644 1245  
 3676 1244 3698 1246 3729 1252 3742 1253 3761 1254 3783 1233 3806 1204  
 3827 1173 3841 1143 3850 1127 3868 1103 3888 1080 3910 1036 3933 1017  
 3967  996 3990  983 4007  954 4020  941 4031  927 4048  905 4051  872  
 4057  825 4057  804 4055  767 4056  728 4064  688 4069  670 4071  661  
 4099  620 4117  595 4125  569 4128  559 4136  542 4134  519 4130  491  
 4130  465 4143  446 4159  425 4164  439 4275  128 4292   92 4325   32  
 4331   11 4327    0                                                    
L  1 9    2     9    21    1188888 1553     4                           
 4327    0    0    0    010000 567010000                                
L  1 9    3     9    21    11 121188888     4                           
 4327    010000    01000010000 567010000                                
A  1 1553    1 2094 5028   2                                            
    1    2                                                              
A  1 1211    2 7094 5030   2                                            
   -3   -1                                                              
H1 2    0   21    0    0   48 0507 0507                                 
L  2 4    1     0    00    00               7                           
 9447 1116 9422 1018 9433  899 9483  785 9443  686 8898  153 8938    0  
L  2 3    2     0    00    00               4                           
    0 3232  414 3655 1416 5224 1736 5357                                
L  2 2    3     0    00    00               6                           
 9447 1116 9375 1146 9297 1281 8904 1701 8192 2110 8005 2993            
L  2 5    4     0    00    00              11                           
 1268    0 1492  141 1659  821 1788 1061 1788 1241 1677 1381 1659 1681  
 1554 1846 1104 2081  863 2442  387 2706                                
L  2 3    5     0    00    00               3                           
 1736 5357 1936 5440 2626 7064                                          
L  2 5    6     0    00    00               5                           
    0 1511  188 1760  253 2021  201 2448  387 2706                      
L  2 5    7     0    00    00              13                           
  387 2706  345 2822  382 3042  586 3222  919 3382 1492 3442 1566 3522  
 1770 3602 2084 4102 2269 4262 2297 4914 2269 5042 1736 5357            
L  2 5    8     0    00    00               4                           
    0 7331  234 7442  345 7322  639 7475                                
L  2 3    9     0    00    00               5                           
 2626 7064 3264 8422 3281 8528 3145 9287 3129 9576                      
L  2 5   10     0    00    00               2                           
    0 7859  639 7475                                                    
L  2 5   11     0    00    00               4                           
  639 7475  882 7602 1696 7602 2626 7064                                
L  2 5   12     0    00    00               3                           
 3129 9576 3345 9543 3620 9322                                          
L  2 5   13     0    00    00               3                           
 3620 9322 3638 9002 3784 8271                                          
L  2 5   14     0    00    00              10                           
 4027 2458 4119 2217 4138 1757 4508 1397 4637 1377 5063 1597 5266 1657  
 5544 1917 7301 2998 8005 2993                                          
L  2 2   15     0    00    00              11                           
 8005 2993 7958 3216 8216 4482 8236 5051 8319 5331 8584 5661 8690 6036  
 8747 7511 8977 8110 9200 8774 9250 9153                                
L  2 2   16     0    00    00               4                           
10000 1050 9897 1064 9698 1074 9447 1116                                
L  2 5   17     0    00    00               2                           
 230710000 3129 9576                                                    
L  2 3   18     0    00    00               3                           
 3129 9576 3159 9818 325310000                                          
L  2 5   19     0    00    00               3                           
 3620 9322 3890 9662 422610000                                          
L  2 2   20     0    00    00               3                           
 9250 9153 9288 9439 918910000                                          
L  2 5   21     0    00    00              18                           
 9250 9153 9003 9218 8337 9418 8133 9558 7819 9598 7653 9458 7468 9518  
 7283 9498 6913 9298 6820 9178 6580 9178 6339 8998 6173 8978 5766 9138  
 5710 9298 5729 9478 5618 9638 576110000                                
H1 5    0    6    0    0   19 0507 0507                                 
L  5 1    1     0    00    00               8                           
 9874 1469 9662 1131 9626  838 9667  709 9584  594 9473  534 8600  312  
 8054    0                                                              
L  5 1    2     0    00    00               3                           
    0 2688  122 2082    0 1962                                          
L  5 1    3     1    00    00               2                           
10000 2418 9874 1469                                                    
L  5 1    4     0    00    00              24                           
 363210000 3296 9804 3284 9560 3412 9376 3560 8927 3425 8470 3637 8298  
 3761 8078 3623 7565 3062 6396 2916 5908 2540 5522 2496 5073 2397 4966  
 1938 5101 1724 4872 1730 4656 1514 4282 1218 4376  922 4212  917 3799  
  832 3628  439 3538    0 3156                                          
L  5 2    5     0    00    00              26                           
 936710000 9354 9968 9360 8820 9040 8000 8930 7440 9030 7290 8830 7150  
 8950 6860 8780 6650 8720 5750 8520 5210 8620 4930 8480 4750 8410 4210  
 8460 3810 8390 3600 8240 3610 8170 3180 8570 2550 8850 2160 8750 1990  
 9320 1430 9480 1630 9584 1700 9826 1574 9874 1469                      
L  5 2    6     0    00    00               2                           
 9874 146910000 1484                                                    
M 664401î\éÊåŒ                5    1   35    1    1   95                
H2 1    1    1    1    0    5 0507 0507                                 
N  1 1    110000    0 1 2   -1    1    0    0    0    0    0    0    0  
L  1 9    1     9    11    11 121188888     5                           
10000    01000010000    010000    0    010000    0                      
A  1 1211    1 5000 4995   1                                            
   -1                                                                   
H1 2    0   27    0    0   63 0507 0507                                 
L  2 2    1     0    00    00               4                           
 3247 1119 2813 1223 2264 1171 2017 1092                                
L  2 4    2     0    00    00               3                           
 5209 3386 6121 1345 6288 1214                                          
L  2 2    3     0    00    00               8                           
 8385    0 8483  102 8663  170 8809  302 8853  497 8863  623 8849  955  
 8827 1283                                                              
L  2 2    4     0    00    00              13                           
 4925    0 4977  104 5205  280 5330  513 5430  589 5527  623 6229  589  
 6400  631 6560  628 6914  681 7341  593 7476  691 7599 1061            
L  2 3    5     0    00    00               5                           
 3247 1119 3197 1332 3197 1465 3615 1797 3713 1898                      
L  2 2    6     0    00    00               2                           
 8827 1283 8948 1316                                                    
L  2 2    7     0    00    00               8                           
 7599 1061 7630 1136 7703 1266 7801 1313 7972 1327 8207 1149 8288 1145  
 8827 1283                                                              
L  2 2    8     0    00    00               4                           
 3247 1119 3612 1040 3765  909 3894  629                                
L  2 5    9     0    00    00               2                           
 4382 3882 4506 3774                                                    
L  2 3   10     0    00    00               2                           
 5113 3256 5209 3386                                                    
L  2 5   11     0    00    00               3                           
 5196 4782 4826 4162 4506 3774                                          
L  2 5   12     0    00    00               2                           
 4506 3774 5113 3256                                                    
L  2 5   13     0    00    00               2                           
 8881 1627 8948 1316                                                    
L  2 3   14     0    00    00               6                           
 3713 1898 4209 2409 4750 2758 4919 2959 4992 3125 5113 3256            
L  2 5   15     0    00    00               4                           
 3713 1898 3927 1624 3951  883 3894  629                                
L  2 2   16     0    00    00               4                           
 3894  629 3927  525 3976  137 4064    0                                
L  2 5   17     0    00    00               7                           
 4360    0 5105 1179 5403 1214 5621 1101 5863 1171 6073 1101 6288 1214  
L  2 4   18     0    00    00               4                           
 6288 1214 6404 1144 7185  977 7599 1061                                
L  2 5   19     0    00    00               2                           
 2020    0 2017 1092                                                    
L  2 2   20     0    00    00               5                           
 2017 1092 1863 1041 1554 1048  784  975  314 1007                      
L  2 5   21     0    00    00               4                           
  614    0  522  132  304  455  314 1007                                
L  2 2   22     0    00    00               2                           
  314 1007    0 1050                                                    
L  2 3   23     0    00    00              15                           
 5209 3386 5314 3578 5402 3808 5653 4346 5637 4590 5685 4739 5532 4843  
 6050 6604 6004 6921 6187 8330 6167 8604 6118 8877 5676 9688 5646 9829  
 564810000                                                              
L  2 5   24     0    00    00              25                           
 780210000 7934 9822 7915 9562 8008 9502 8285 9482 8304 9362 7934 9322  
 7878 9142 7693 9162 7619 9082 7582 8762 7342 8242 7379 7902 7323 7682  
 7545 7022 7860 6902 7915 6662 8026 6542 8045 6302 9154 5742 9302 5802  
 9524 5962 9654 5962 9820 582210000 5822                                
L  2 5   25     0    00    00               7                           
 8600 8662 8600 8402 8951 8102 9025 7902 9284 7802 9802 748210000 7442  
L  2 5   26     0    00    00              11                           
 8193 3202 8193 3342 8063 3562 8100 3722 8230 3862 8378 3942 8581 3962  
 9321 4242 9432 4282 9950 412210000 4138                                
L  2 2   27     0    00    00               4                           
 8948 1316 9426 1448 9936 185610000 1923                                
H1 3    0    1    0    0    4 0507 0507                                 
L  3 1    1     0    00    00              19                           
 8399    0 8567  105 8724  168 8819  257 8860  416 8881  560 8890  710  
 8875  913 8881 1025 8904 1096 8928 1146 8963 1190 9008 1228 9058 1260  
 9114 1280 9363 1360 9669 1592 9745 165310000 1818                      
H1 5    0    6    0    0   16 0507 0507                                 
L  5 1    1     1    00    00               2                           
 8327    9 8312    0                                                    
L  5 2    2     0    00    00               2                           
 8344    0 8327    9                                                    
L  5 2    3     0    00    00               7                           
 8327    9 7370  530 6860  640 6200  550 5500  580 5190  190 4974    0  
L  5 1    4     1    00    00               5                           
 397410000 2880 7379 2232 6098  976 4402    0 2418                      
L  5 2    5     0    00    00              23                           
    0 1484  190 1340   10 1250  790 1180 2240 1630 3140 2230 4120 2990  
 4740 3650 4730 3770 4480 3980 5190 5340 5420 5260 5590 5200 5820 5800  
 5750 5890 6010 6640 6180 8080 6100 8590 6010 9040 5860 9200 5810 9380  
 5610 9780 559410000                                                    
L  5 1    6     0    00    00              12                           
10000 2178 9560 1634 8840 1412 8694 1506 8227 1349 8116 1232 8042  904  
 8230  822 8774  958 8848  881 8750  292 8327    9                      
H1 7    0    0    0    1    2 0507 0507                                 
P  7 8    1 2000 6000 0 1                                               
01 3 2000 6000              00  î\éÊåŒ                                  
M 664402ñ‘ëñ                  5    3   52    3    1  184                
H2 1    3    4    3    0   70 0507 0507                                 
N  1 2    1 3064 2930 0 2    1   -1    0    0    0    0    0    0    0  
N  1 1    2 3448    0 1 3    2   -3    4    0    0    0    0    0    0  
N  1 1    3  88210000 1 3   -4    3   -2    0    0    0    0    0    0  
L  1 5    1     0    10    10 121199999    20                           
 3064 2930 3124 2952 3133 2964 3134 2975 3119 3011 3099 3048 3061 3049  
 3037 3027 3012 3006 2986 3002 2971 2986 2946 2965 2927 2949 2923 2916  
 2927 2897 2961 2894 3012 2909 3049 2928 3056 2932 3064 2930            
L  1 5    2     0    21    31 121199999   364                           
 3448    0 3426    5 3408   26 3388   44 3377   55 3361   69 3344   82  
 3325   95 3315  102 3298  115 3292  122 3284  133 3271  158 3262  180  
 3255  213 3248  248 3245  265 3242  295 3241  327 3245  356 3245  387  
 3245  399 3235  423 3222  450 3213  473 3205  493 3192  521 3181  535  
 3164  554 3141  583 3117  613 3098  634 3083  652 3067  679 3059  703  
 3049  719 3035  736 3008  751 2979  760 2957  771 2931  792 2890  825  
 2867  843 2852  856 2834  865 2816  876 2791  883 2775  902 2766  929  
 2752  971 2741 1005 2733 1040 2728 1055 2722 1089 2722 1104 2739 1126  
 2749 1148 2754 1182 2763 1197 2770 1199 2789 1207 2793 1215 2795 1252  
 2795 1288 2795 1318 2783 1351 2765 1369 2768 1404 2784 1444 2804 1502  
 2815 1525 2827 1550 2828 1560 2864 1595 2895 1623 2914 1641 2925 1651  
 3137 1595 3163 1600 3421 1454 3435 1448 3493 1580 3519 1633 3386 1762  
 3365 1767 3407 1843 3419 1889 3409 1895 3394 1903 3364 1919 3323 1941  
 3307 1956 3298 1962 3290 1971 3275 1979 3255 1988 3245 1986 3209 2014  
 3187 2031 3183 2040 3188 2050 3209 2085 3228 2118 3246 2156 3263 2195  
 3271 2218 3280 2224 3298 2212 3332 2187 3361 2167 3435 2118 3445 2143  
 3330 2227 3280 2257 3289 2280 3224 2316 3077 2104 3069 2111 3060 2119  
 3039 2142 3026 2154 3014 2162 2992 2170 2975 2171 2894 2239 2863 2221  
 2850 2203 2801 2260 2777 2287 2781 2298 2817 2352 2808 2360 2757 2305  
 2690 2387 2789 2482 2790 2495 2772 2511 2762 2522 2743 2540 2705 2569  
 2695 2572 2650 2585 2628 2592 2597 2596 2585 2596 2572 2589 2532 2563  
 2500 2541 2460 2530 2439 2525 2415 2524 2387 2518 2332 2505 2290 2498  
 2256 2502 2238 2507 2227 2515 2188 2543 2155 2570 2129 2599 2089 2640  
 2054 2663 2023 2674 1988 2694 1972 2714 1949 2748 1938 2770 1910 2806  
 1891 2831 1857 2863 1816 2906 1794 2926 1760 2953 1726 2983 1706 3008  
 1696 3028 1670 3050 1658 3059 1640 3071 1611 3095 1581 3134 1566 3165  
 1546 3208 1515 3247 1496 3263 1471 3278 1441 3296 1413 3320 1379 3348  
 1328 3392 1317 3418 1293 3474 1271 3507 1227 3551 1191 3582 1175 3593  
 1142 3644 1124 3703 1102 3765 1077 3819 1053 3875 1032 3910 1005 3955  
  982 3987  974 4004  956 4035  929 4086  891 4133  865 4157  806 4202  
  757 4260  726 4302  709 4322  698 4378  692 4404  702 4440  718 4491  
  750 4556  767 4595  795 4652  818 4705  827 4722  838 4806  838 4866  
  834 4933  831 4977  828 5038  824 5085  819 5126  818 5171  822 5228  
  828 5299  837 5361  855 5439  868 5503  868 5512  900 5547  930 5562  
  952 5566  979 5598  991 5617  999 5623 1028 5660 1035 5651 1043 5642  
 1063 5635 1086 5637 1106 5635 1133 5654 1141 5657 1154 5664 1166 5668  
 1171 5677 1180 5685 1178 5708 1170 5769 1169 5788 1166 5852 1164 5895  
 1164 5927 1151 5971 1142 5989 1136 6027 1134 6062 1136 6091 1150 6165  
 1157 6217 1164 6283 1185 6356 1202 6400 1206 6410 1220 6460 1229 6497  
 1237 6516 1227 6550 1218 6565 1196 6584 1130 6618 1092 6642 1028 6679  
  966 6720  930 6737  882 6759  830 6787  784 6816  743 6862  708 6894  
  651 6931  606 6944  553 6959  512 6995  478 7040  466 7074  455 7120  
  452 7179  463 7246  472 7305  477 7337  495 7408  508 7461  518 7513  
  528 7587  531 7601  534 7623  573 7674  611 7706  638 7732  668 7764  
  697 7806  702 7818  716 7862  730 7943  736 7979  738 7998  722 8024  
  696 8050  660 8091  621 8129  588 8165  558 8216  538 8262  528 8308  
  519 8332  516 8370  515 8411  512 8448  510 8470  513 8489  518 8499  
  529 8508  537 8513  541 8524  536 8538  533 8549  542 8587  554 8640  
  569 8728  585 8813  598 8881  615 8965  630 9031  639 9073  650 9117  
  662 9163  680 9211  725 9295  747 9345  772 9402  790 9435  803 9459  
  819 9473  809 9516  798 9619  803 9669  814 9717  827 9760  836 9802  
  842 9838  855 9877  877 9913  881 9932  877 9955  876 9979  88210000  
L  1 9    3     9    31    21 121188888     4                           
  88210000    010000    0    0 3448    0                                
L  1 9    4     9    21    319999988888     4                           
 3448    010000    01000010000  88210000                                
A  1 1211    1 3043 2971   1                                            
   -1                                                                   
A  199999    2 5417 4932   4                                            
    2   -4    0    1                                                    
A  1 1211    3  414 5038   2                                            
   -3   -2                                                              
H1 2    0   44    0    0   95 0507 0507                                 
L  2 2    1     0    00    00              16                           
 3400    0 3314   50 3243  160 3199  442 2980  710 2843  789 2784  854  
 2700 1075 2709 1150 2769 1260 2754 1435 2800 1561 3031 1806 3058 1892  
 2999 1987 2847 1992                                                    
L  2 4    2     0    00    00               2                           
 2141 2139 2161 1990                                                    
L  2 3    3     0    00    00               4                           
 1733 2347 1381 2308 1274 2255  834 2207                                
L  2 2    4     0    00    00               2                           
 1491 2948 1186 2790                                                    
L  2 2    5     0    00    00               2                           
 1733 2347 1595 2690                                                    
L  2 2    6     0    00    00               2                           
 1756 2086 1733 2347                                                    
L  2 4    7     0    00    00              21                           
    0    0  337  163  359  277  322  551  424  889  550 1150  739 1195  
 1157 1499 1230 1483 1286 1491 1348 1547 1381 1616 1365 1642 1254 1671  
 1271 1829 1318 1901 1317 1924 1275 1975 1280 2006 1443 1910 1461 1913  
L  2 4    8     0    00    00               4                           
 1733 2347 2003 2399 2202 2300 2477 2325                                
L  2 2    9     0    00    00               2                           
 2141 2139 1756 2086                                                    
L  2 4   10     0    00    00               2                           
 1461 1913 1782 1958                                                    
L  2 4   11     0    00    00               4                           
 1461 1913 1524 1242 1486 1193 1416 1139                                
L  2 3   12     0    00    00               5                           
  795 5442  809 4740  675 4434  680 4326  819 4156                      
L  2 3   13     0    00    00               9                           
  310 7403  322 7064  507 6754  764 6562  808 6180 1040 5768  904 5676  
  790 5681  795 5442                                                    
L  2 3   14     0    00    00               5                           
  819 4156  909 4045 1078 3620 1169 3299 1334 3138                      
L  2 5   15     0    00    00               4                           
  611 2183  605 2035 1132 2052 1756 2086                                
L  2 4   16     0    00    00               8                           
 2186 1856 2202 1788 2278 1655 2300 1544 2320 1176 2257  997 2202  911  
 2134  839                                                              
L  2 5   17     0    00    00               2                           
 2186 1856 2358 1868                                                    
L  2 2   18     0    00    00               2                           
 2847 1992 2703 2083                                                    
L  2 2   19     0    00    00               3                           
 2703 2083 2603 2205 2350 2169                                          
L  2 5   20     0    00    00               3                           
 2703 2083 2603 2026 2349 2005                                          
L  2 4   21     0    00    00               2                           
 2161 1990 2186 1856                                                    
L  2 4   22     0    00    00               2                           
 1782 1958 1756 2086                                                    
L  2 5   23     0    00    00               2                           
 1782 1958 2161 1990                                                    
L  2 2   24     0    00    00               5                           
  904 2644  832 2607  712 2444  622 2270  611 2183                      
L  2 5   25     0    00    00               3                           
  904 2644  998 2911 1115 2984                                          
L  2 3   26     0    00    00               3                           
 1334 3138 1447 3029 1491 2948                                          
L  2 5   27     0    00    00               3                           
 1115 2984 1203 3039 1334 3138                                          
L  2 5   28     0    00    00               2                           
 1115 2984 1186 2790                                                    
L  2 2   29     0    00    00               2                           
 1186 2790  904 2644                                                    
L  2 3   30     0    00    00               2                           
  834 2207  611 2183                                                    
L  2 5   31     0    00    00               4                           
  834 2207  935 2333 1179 2503 1595 2690                                
L  2 2   32     0    00    00               2                           
 1595 2690 1491 2948                                                    
L  2 5   33     0    00    00               3                           
 2358 1868 2682 1890 2847 1992                                          
L  2 5   34     0    00    00               2                           
 2358 1868 2349 2005                                                    
L  2 5   35     0    00    00               2                           
 2349 2005 2161 1990                                                    
L  2 5   36     0    00    00               2                           
 2349 2005 2350 2169                                                    
L  2 2   37     0    00    00               2                           
 2350 2169 2141 2139                                                    
L  2 5   38     0    00    00               2                           
 2807    0 2134  839                                                    
L  2 4   39     0    00    00               3                           
 2134  839 1929  621 1459    0                                          
L  2 5   40     0    00    00               5                           
    0 5822  116 5822  283 5722  449 5482  795 5442                      
L  2 5   41     0    00    00               3                           
    0 7442   98 7422  310 7403                                          
L  2 5   42     0    00    00               4                           
    0 4138  320 4242  505 4002  819 4156                                
L  2 2   43     0    00    00               4                           
    0 1923  156 2086  236 2126  611 2183                                
L  2 3   44     0    00    00              10                           
  73110000  731 9999  643 9846  581 9306  557 9185  466 9007  466 8884  
  372 8438  302 7641  310 7403                                          
H1 3    0    3    0    0   10 0507 0507                                 
L  3 1    1     1    00    00               5                           
 2262 1560 2333 1467 2580 1247 2629 1188 2650 1134                      
L  3 1    2     0    00    00              13                           
 2650 1134 2717  934 2749  866 2766  816 2854  746 2964  687 3144  485  
 3168  427 3183  388 3208  197 3220  154 3248   84 3322    0            
L  3 1    3     0    00    00              22                           
    0 1818  236 1970  340 2018  671 2107  932 2158  984 2169 1049 2163  
 1112 2152 1159 2131 1211 2096 1396 1936 1450 1913 1548 1893 1947 1913  
 2002 1901 2042 1882 2086 1858 2159 1779 2176 1743 2204 1690 2226 1641  
 2262 1560                                                              
H1 5    0    1    0    0    3 0507 0507                                 
L  5 1    1     0    00    00               9                           
 2332 2505 2292 2491 2020 2500 1670 2546 1221 2348  722 2314  556 2382  
  118 2258    0 2178                                                    
H1 7    0    0    0    1    1 0507 0507                                 
P  752    1 2200 2200 0 0                                               
M 664407âFìoòC                2    2   10    2    0   99                
H2 1    2    3    2    0   74 0507 0507                                 
N  1 1    110000 8444 1 3    1   -2   -3    0    0    0    0    0    0  
N  1 1    2 2831    0 1 3    2   -1    3    0    0    0    0    0    0  
L  1 5    1     0    11    21 154599999   437                           
10000 8444 9967 8482 9927 8474 9915 8474 9899 8478 9849 8504 9810 8529  
 9796 8538 9805 8558 9814 8583 9823 8596 9812 8604 9802 8619 9789 8598  
 9775 8566 9768 8558 9733 8569 9721 8576 9724 8588 9708 8601 9701 8605  
 9706 8628 9695 8627 9687 8633 9694 8644 9691 8654 9684 8656 9682 8666  
 9684 8677 9668 8696 9663 8710 9666 8724 9673 8740 9685 8751 9701 8765  
 9718 8777 9728 8788 9725 8821 9714 8832 9707 8833 9697 8845 9688 8865  
 9685 8877 9666 8889 9654 8892 9635 8892 9626 8892 9616 8886 9599 8869  
 9594 8840 9594 8818 9590 8801 9590 8781 9599 8766 9600 8758 9600 8746  
 9621 8743 9620 8730 9627 8718 9635 8716 9634 8700 9633 8682 9633 8674  
 9630 8666 9617 8663 9604 8646 9592 8636 9575 8625 9563 8610 9548 8605  
 9538 8604 9505 8617 9476 8642 9465 8655 9458 8649 9452 8632 9455 8610  
 9454 8575 9460 8558 9476 8523 9506 8498 9534 8480 9574 8462 9609 8462  
 9630 8447 9660 8408 9681 8377 9703 8326 9718 8286 9732 8251 9743 8198  
 9750 8142 9750 8117 9744 8092 9735 8047 9727 8014 9720 7989 9717 7978  
 9712 7966 9691 7945 9667 7920 9649 7895 9628 7871 9586 7835 9563 7818  
 9551 7813 9516 7806 9496 7800 9471 7788 9440 7776 9395 7759 9358 7736  
 9315 7710 9242 7675 9197 7663 9138 7655 9078 7654 9019 7653 8950 7654  
 8868 7663 8798 7691 8764 7719 8732 7772 8699 7826 8674 7868 8646 7901  
 8637 7911 8622 7919 8606 7924 8572 7922 8532 7905 8465 7877 8448 7855  
 8441 7833 8461 7796 8499 7754 8545 7676 8557 7606 8551 7566 8532 7497  
 8520 7459 8496 7397 8486 7355 8489 7320 8488 7284 8461 7253 8409 7182  
 8367 7119 8350 7105 8318 7098 8290 7082 8260 7052 8250 7036 8226 6990  
 8219 6991 8204 6986 8177 6953 8150 6880 8139 6850 8120 6812 8114 6805  
 8107 6798 8084 6774 8058 6754 8008 6711 7976 6682 7949 6657 7905 6615  
 7871 6582 7856 6560 7832 6529 7816 6519 7808 6517 7768 6503 7734 6494  
 7704 6485 7689 6486 7653 6490 7603 6494 7573 6496 7546 6492 7538 6492  
 7521 6482 7496 6466 7458 6438 7432 6413 7382 6375 7353 6362 7322 6367  
 7262 6363 7210 6348 7180 6331 7160 6318 7142 6282 7131 6256 7123 6222  
 7114 6180 7110 6142 7121 6115 7138 6042 7145 5998 7155 5949 7151 5914  
 7131 5860 7117 5819 7098 5770 7084 5739 7064 5702 7046 5665 7027 5622  
 7004 5572 6982 5528 6970 5507 6952 5484 6936 5470 6905 5461 6859 5447  
 6816 5433 6783 5428 6723 5413 6708 5406 6699 5399 6693 5389 6668 5357  
 6646 5289 6639 5294 6610 5291 6597 5283 6581 5241 6547 5155 6506 5067  
 6466 4991 6415 4934 6357 4889 6293 4842 6206 4779 6176 4763 6132 4722  
 6099 4670 6061 4601 6032 4554 6001 4497 5968 4451 5956 4439 5939 4430  
 5888 4407 5849 4393 5831 4389 5772 4379 5735 4384 5675 4400 5643 4415  
 5607 4431 5581 4450 5534 4477 5505 4496 5500 4515 5493 4535 5497 4559  
 5498 4577 5512 4594 5532 4609 5560 4638 5571 4679 5553 4709 5527 4733  
 5494 4791 5484 4816 5464 4840 5442 4860 5429 4854 5409 4855 5390 4867  
 5382 4880 5352 4895 5343 4886 5324 4878 5299 4881 5254 4890 5228 4890  
 5195 4884 5186 4878 5183 4860 5198 4845 5212 4836 5199 4806 5169 4781  
 5113 4734 5095 4705 5081 4667 5082 4638 5081 4646 5068 4671 5049 4685  
 5042 4675 5039 4667 5024 4637 5025 4597 5038 4573 5045 4532 5043 4481  
 5034 4450 5018 4408 5000 4393 4985 4376 4989 4353 4997 4354 5011 4346  
 5020 4333 5018 4309 5009 4268 4998 4222 4980 4159 4958 4097 4943 4060  
 4931 4047 4910 4019 4867 3969 4853 3952 4814 3907 4775 3860 4752 3828  
 4707 3777 4663 3724 4655 3710 4645 3672 4645 3659 4647 3643 4650 3608  
 4649 3548 4650 3516 4648 3448 4645 3417 4626 3336 4622 3265 4620 3229  
 4618 3198 4617 3171 4592 3124 4571 3069 4547 3016 4523 2961 4507 2891  
 4500 2865 4483 2817 4467 2746 4445 2673 4440 2656 4435 2628 4427 2566  
 4421 2504 4421 2495 4419 2487 4411 2461 4398 2429 4382 2395 4355 2349  
 4341 2325 4330 2306 4308 2249 4283 2167 4282 2159 4285 2114 4280 2059  
 4271 2050 4266 2039 4243 2000 4217 1963 4205 1953 4189 1938 4172 1914  
 4157 1895 4133 1848 4118 1821 4093 1778 4074 1746 4038 1688 4021 1658  
 3991 1607 3969 1576 3941 1532 3910 1490 3883 1456 3867 1435 3837 1398  
 3801 1360 3770 1328 3755 1315 3732 1296 3712 1286 3686 1276 3669 1269  
 3664 1254 3663 1239 3654 1195 3655 1184 3656 1170 3661 1155 3653 1133  
 3637 1100 3640 1081 3646 1046 3648 1018 3644  997 3624  940 3609  915  
 3593  887 3569  844 3542  801 3533  786 3524  769 3500  721 3481  681  
 3456  653 3429  619 3379  560 3341  523 3320  513 3291  484 3265  436  
 3232  365 3211  324 3197  296 3171  253 3149  228 3128  213 3065  170  
 3056  163 3013  138 2975  114 2950  101 2900   63 2885   50 2846   22  
 2839   12 2831    1 2831    0                                          
L  1 9    2     9    21    11 154588888     3                           
 2831    010000    010000 8444                                          
L  1 9    3     9    21    118888899999     5                           
 2831    0    0    0    010000100001000010000 8444                      
A  199999    1 2517 4450   2                                            
    1    3                                                              
A  1 1545    2 7984 4450   2                                            
   -2   -1                                                              
H1 2    0    7    0    0   23 0507 0507                                 
L  2 2    1     0    00    00              15                           
 2969    0 3175  124 3311  244 3417  512 3476  592 3829 1248 4308 2004  
 4538 2826 4641 3056 4651 3331 4687 3520 4668 3637 4677 3679 4925 3957  
 5082 4287                                                              
L  2 2    2     0    00    00              16                           
 5471 4451 5639 4364 5774 4342 5899 4365 6028 4461 6196 4749 6428 4872  
 6532 4977 6734 5338 6806 5389 6993 5462 7046 5523 7191 5788 7210 5867  
 7171 6109 7196 6183                                                    
L  2 2    3     1    00    00               4                           
 5082 4287 5224 4411 5395 4452 5471 4451                                
L  2 2    4     1    00    00               2                           
 7196 6183 7256 6241                                                    
L  2 2    5     0    00    00              16                           
 7256 6241 7578 6441 7726 6432 7817 6471 8113 6760 8502 7251 8616 7499  
 8596 7666 8656 7689 8808 7598 9107 7554 9215 7580 9481 7729 9648 7804  
 9730 7885 9815 8007                                                    
L  2 2    6     0    00    00               4                           
 9815 8007 9897 8125 9876 826410000 8323                                
L  2 5    7     0    00    00              27                           
 9815 8007 9894 7918 9866 7748 9794 7655 9636 7577 9536 7422 9508 7291  
 9465 6903 9386 6749 9071 6408 8992 6222 8970 5881 8863 5719 8877 5556  
 8827 5471 8677 5502 8576 5602 8419 5749 8297 5672 8197 5494 8053 5401  
 7910 5386 7659 5463 7545 5486 7516 5455 7480 5316 7301 5269            
M 664410èÌòC                  4    4   39    3    2  150                
H2 1    4    6    3    0   65 0507 0507                                 
N  1 1    1 5670    0 1 3   -2    3    5    0    0    0    0    0    0  
N  1 1    210000 3671 1 3   -4    1   -6    0    0    0    0    0    0  
N  1 1    3    0 5889 1 3    4   -3   -1    0    0    0    0    0    0  
N  1 1    410000 3062 1 3    6    2   -5    0    0    0    0    0    0  
L  1 5    1     0    21    31 155399999   202                           
10000 3671 9928 3665 9865 3697 9834 3715 9822 3721 9803 3722 9771 3732  
 9721 3754 9684 3772 9657 3781 9620 3794 9569 3808 9529 3831 9499 3852  
 9468 3862 9411 3869 9367 3884 9342 3898 9316 3916 9277 3940 9225 3971  
 9138 3999 9084 4025 9043 4050 8999 4088 8959 4136 8932 4171 8908 4214  
 8896 4229 8848 4247 8816 4276 8782 4315 8758 4363 8728 4411 8713 4422  
 8682 4428 8661 4432 8650 4442 8622 4464 8596 4504 8566 4556 8548 4582  
 8533 4607 8534 4622 8537 4633 8583 4676 8643 4770 8623 4788 8578 4717  
 8525 4667 8497 4677 8399 4752 8436 4801 8441 4815 8432 4829 8410 4837  
 8389 4807 8369 4787 8295 4839 8266 4889 8440 5116 8455 5146 8397 5193  
 8355 5219 8140 4905 8128 4905 8096 4907 8034 4918 7980 4931 7951 4946  
 7920 4963 7858 4975 7788 4987 7721 4983 7690 4983 7644 4985 7615 4986  
 7594 4976 7551 4966 7480 4971 7406 4967 7342 4951 7255 4933 7194 4928  
 7150 4904 7087 4862 7044 4817 7013 4763 6963 4714 6912 4667 6868 4635  
 6809 4615 6775 4619 6758 4607 6712 4593 6655 4591 6586 4589 6513 4576  
 6442 4576 6415 4579 6358 4603 6327 4614 6321 4606 6277 4584 6249 4579  
 6203 4579 6143 4593 6087 4624 6066 4639 6048 4637 6016 4637 5994 4643  
 5975 4654 5968 4651 5942 4653 5930 4647 5856 4645 5832 4646 5788 4658  
 5761 4668 5691 4680 5622 4695 5596 4714 5562 4711 5532 4711 5457 4716  
 5409 4722 5361 4741 5341 4755 5323 4756 5267 4771 5189 4774 5138 4784  
 5085 4798 5018 4811 4942 4824 4922 4829 4896 4821 4886 4830 4870 4840  
 4819 4861 4752 4876 4688 4881 4637 4885 4572 4922 4505 4911 4448 4909  
 4406 4923 4378 4943 4367 4944 4267 4952 4176 4961 4119 4984 4065 5001  
 4023 4997 3948 5001 3857 5014 3781 5048 3764 5053 3743 5051 3646 5071  
 3575 5103 3514 5126 3429 5152 3319 5168 3231 5178 3136 5187 3104 5207  
 3075 5226 3052 5241 3034 5239 2985 5232 2925 5243 2839 5263 2707 5279  
 2603 5303 2549 5330 2495 5370 2442 5382 2323 5394 2200 5402 2092 5410  
 2079 5414 2059 5433 1948 5454 1760 5481 1546 5522 1354 5568 1252 5602  
 1198 5628 1099 5643  978 5679  866 5714  731 5745  578 5763  459 5775  
  387 5808  258 5835  154 5839   75 5856   25 5883    0 5889            
L  1 3    2     0    41    11 1211 1553   106                           
10000 3062 9959 2857 9953 2854 9824 2860 9738 2874 9496 2899 9392 2892  
 9289 2879 9196 2879 9130 2901 9035 2951 8806 3036 8674 3120 8645 3142  
 8521 3205 8452 3249 8439 3176 8434 3157 8416 3157 8294 3182 8266 3185  
 8217 3179 8099 3153 8061 3123 8039 3091 8052 3050 8074 3004 8083 2969  
 8047 2912 8016 2872 7996 2883 7932 2932 7826 3022 7766 3068 7669 3125  
 7649 3142 7620 3158 7504 3018 7451 2967 7335 2886 7319 2859 7317 2818  
 7326 2713 7334 2669 7332 2572 7327 2561 7245 2461 7211 2407 7185 2340  
 7167 2280 7162 2234 7204 2120 7241 2034 7274 1971 7281 1968 7278 1931  
 7265 1871 7240 1847 7121 1815 6968 1818 6912 1816 6903 1808 6874 1754  
 6870 1740 6874 1692 6896 1624 6904 1548 6849 1472 6811 1405 6753 1259  
 6699 1186 6644 1154 6621 1160 6460 1247 6411 1263 6371 1264 6344 1245  
 6235 1134 6211 1097 6195 1026 6195 1013 6210  961 6248  883 6252  842  
 6239  758 6241  747 6205  682 6172  666 6125  664 6067  667 6014  659  
 5996  637 5978  589 5969  540 5965  402 5947  356 5922  332 5847  292  
 5807  281 5778  257 5773  249 5764  197 5764  157 5757  127 5744  105  
 5670    0                                                              
L  1 9    3     9    11    3188888 1553     3                           
 5670    0    0    0    0 5889                                          
L  1 9    4     9    31    218888899999     4                           
    0 5889    010000100001000010000 3671                                
L  1 9    5     9    11    41 121188888     3                           
 5670    010000    010000 3062                                          
L  1 9    6     9    41    21 155388888     2                           
10000 306210000 3671                                                    
A  1 1211    1 8437 1692   2                                            
   -2   -5                                                              
A  1 1553    2 3752 3018   4                                            
    3   -1   -6    2                                                    
A  199999    3 5000 6576   2                                            
    1    4                                                              
H1 2    0   30    0    0   69 0507 0507                                 
L  2 4    1     0    00    00               2                           
 3752 4394 2908 4646                                                    
L  2 2    2     0    00    00               4                           
 3752 4394 3523 4328 3154 3658 1587 3063                                
L  2 2    3     0    00    00               2                           
 4368 4355 3752 4394                                                    
L  2 4    4     0    00    00               3                           
 6058 4384 5794 4391 5390 4314                                          
L  2 2    5     0    00    00               2                           
 5705 3622 4368 4355                                                    
L  2 3    6     0    00    00               2                           
 5705 3622 5844 3923                                                    
L  2 4    7     0    00    00               5                           
 7782 4635 7778 4675 7648 4675 7176 4603 6956 4469                      
L  2 2    8     0    00    00               3                           
 5705 3622 5768 3603 6300 3678                                          
L  2 4    9     0    00    00              15                           
 8705 4319 8694 4353 8455 4601 8159 4810 7834 4867 7632 4872 7350 4803  
 7235 4764 7137 4709 6980 4569 6865 4535 6849 4490 6880 4481 6934 4490  
 6956 4469                                                              
L  2 4   10     0    00    00               3                           
 6956 4469 6823 4431 6058 4384                                          
L  2 5   11     0    00    00               3                           
    0  801  253  822  364 1003                                          
L  2 5   12     0    00    00               3                           
  364 1003  419 1683  586 2003                                          
L  2 2   13     0    00    00               7                           
 6300 3678 6516 3738 6608 3795 6705 3891 7014 4221 7323 4535 7448 4585  
L  2 5   14     0    00    00              11                           
 7264 1839 7153 1999 7116 2179 7227 2399 7283 2759 7542 3039 7579 3359  
 7523 3659 7523 3999 7467 4221 7448 4585                                
L  2 5   15     0    00    00              15                           
 7264 1839 7560 1859 7653 1659 7911 1559 8189 1639 8429 1539 8522 1359  
 8448 1119 8337 1039 8263  899 8392  678 8707  498 8910  158 9040  118  
 9168  282                                                              
L  2 5   16     0    00    00               3                           
    0 3889  845 3459 1587 3063                                          
L  2 2   17     0    00    00               4                           
 1587 3063 1084 2872  134 2465    0 2346                                
L  2 2   18     0    00    00               3                           
 7448 4585 7717 4630 7782 4635                                          
L  2 4   19     0    00    00               3                           
 5390 4314 5242 4366 4368 4355                                          
L  2 5   20     0    00    00               3                           
 5390 4314 5411 4201 5844 3923                                          
L  2 3   21     0    00    00               2                           
 5844 3923 6058 4384                                                    
L  2 5   22     0    00    00               8                           
    0 5710  882 5595 1677 5375 1936 5275 2269 5215 2491 5135 2954 4975  
 2908 4646                                                              
L  2 4   23     0    00    00               7                           
 2908 4646 2591 4741 2314 4916 1670 5038 1326 4976  936 5228    0 5302  
L  2 5   24     0    00    00               2                           
  364 1003 2307    0                                                    
L  2 3   25     0    00    00               8                           
 3253    0 3362  198 3620  467 4525 1280 4639 1455 4880 1967 4996 2153  
 5705 3622                                                              
L  2 5   26     0    00    00              12                           
 4226    0 4267   41 5007  830 5303 1403 6006 1923 6247 2103 6302 2383  
 6321 2803 6265 3043 6191 3183 6191 3283 6300 3678                      
L  2 2   27     0    00    00               2                           
 9189    0 9168  282                                                    
L  2 5   28     0    00    00              13                           
 5761    0 5784   58 5988  258 6006  418 6228  558 6339 1079 6450 1119  
 6691  999 6857 1179 6894 1639 6987 1699 7153 1719 7264 1839            
L  2 2   29     0    00    00               4                           
10000 2812 8342 4418 7853 4623 7782 4635                                
L  2 2   30     0    00    00               4                           
 9168  282 9462  658 9893  91110000  952                                
H1 5    0    3    0    0    9 0507 0507                                 
L  5 2    1     0    00    00               7                           
    0 5434  568 5430  694 5474 1218 5472  668 5534  610 5630    0 5705  
L  5 1    2     0    00    00              24                           
 6809 4615 6558 4226 6450 4206 6348 4314 6176 4302 6076 4186 6224 3717  
 6122 3230 6208 2974 6126 2768 6164 2382 5920 2393 5674 2201 5403 1812  
 5271 2105 5048 1952 5000 1322 4846  993 4394  980 4154  764 3968  425  
 3749  282 3566  274 3632    0                                          
L  5 2    3     0    00    00               5                           
10000  780 9690  590 9420  500 9460  220 9367    0                      
H1 7    0    0    0    2    3 0507 0507                                 
P  7 4    1 6450 4206 0 1                                               
01 3 6450 4206              00  èÌòCêÏ                                  
P  753    2 6022 4200 0 0                                               
M 664411î\éÊñ¶                3    4   15    3    0   99                
H2 1    4    6    3    0   70 0507 0507                                 
N  1 1    1    0 3671 1 3   -1   -5    4    0    0    0    0    0    0  
N  1 1    2    0 3062 1 3   -2    5    6    0    0    0    0    0    0  
N  1 2    3  100 3620 0 3    1    2   -3    0    0    0    0    0    0  
N  1 1    410000 3182 1 3   -4    3   -6    0    0    0    0    0    0  
L  1 5    1     0    30    11 155399999     5                           
  100 3620   96 3622   63 3642   20 3665    0 3671                      
L  1 3    2     0    30    21 1211 1553     3                           
  100 3620    3 3065    0 3062                                          
L  1 5    3     0    41    30 121199999   339                           
10000 3182 9988 3176 9964 3194 9928 3206 9890 3216 9870 3227 9840 3232  
 9821 3254 9802 3278 9793 3312 9805 3343 9794 3365 9768 3371 9742 3364  
 9733 3358 9720 3344 9711 3338 9692 3333 9658 3327 9634 3322 9627 3315  
 9617 3296 9597 3254 9593 3246 9577 3235 9548 3218 9504 3197 9472 3179  
 9460 3162 9445 3128 9432 3098 9413 3057 9400 3032 9394 3012 9397 2993  
 9399 2983 9392 2930 9386 2907 9378 2868 9373 2817 9369 2788 9366 2762  
 9348 2714 9327 2682 9315 2664 9300 2649 9280 2631 9254 2603 9224 2578  
 9213 2570 9166 2549 9105 2528 9041 2502 9005 2481 8971 2464 8937 2444  
 8905 2430 8887 2421 8868 2418 8837 2416 8778 2411 8717 2405 8652 2399  
 8628 2395 8599 2389 8548 2364 8505 2343 8482 2331 8447 2317 8421 2308  
 8395 2288 8350 2259 8293 2232 8231 2199 8201 2185 8157 2159 8121 2140  
 8105 2132 8074 2118 8041 2100 7978 2074 7917 2054 7862 2037 7824 2023  
 7775 2011 7712 2003 7689 2000 7671 1994 7638 1988 7620 1984 7602 1993  
 7563 1995 7523 1987 7493 1979 7474 1976 7445 1982 7420 1987 7401 1995  
 7371 1990 7359 1985 7342 1988 7331 1992 7313 1992 7286 1991 7252 1987  
 7206 1978 7158 1976 7109 1979 7096 1979 7074 1979 7047 1985 7030 1991  
 7016 1996 6961 1984 6919 1977 6865 1983 6838 1994 6811 1991 6746 1984  
 6703 1981 6647 1989 6626 2003 6612 2016 6590 2033 6548 2045 6524 2050  
 6504 2052 6469 2051 6427 2057 6374 2067 6337 2076 6292 2088 6256 2094  
 6234 2089 6214 2088 6183 2105 6161 2130 6156 2137 6142 2141 6133 2142  
 6086 2149 6047 2157 6013 2168 5964 2183 5919 2197 5881 2206 5836 2213  
 5803 2218 5748 2230 5719 2242 5707 2251 5682 2269 5672 2275 5652 2284  
 5618 2294 5577 2304 5536 2323 5511 2349 5497 2357 5483 2356 5446 2186  
 5185 2240 5192 2245 5120 2380 5113 2380 5106 2379 5098 2383 5088 2381  
 5066 2382 5044 2373 5033 2370 5006 2360 4996 2360 4970 2362 4962 2365  
 4949 2353 4938 2353 4910 2353 4873 2349 4832 2353 4790 2360 4754 2369  
 4718 2381 4696 2385 4673 2380 4628 2383 4605 2388 4584 2395 4550 2405  
 4500 2417 4453 2426 4428 2429 4390 2437 4337 2446 4306 2454 4270 2460  
 4218 2468 4192 2473 4160 2485 4141 2493 4112 2507 4098 2517 4088 2514  
 4049 2512 4024 2513 4009 2516 4001 2519 3953 2528 3914 2539 3865 2554  
 3826 2564 3769 2579 3718 2587 3660 2593 3646 2595 3627 2609 3606 2617  
 3590 2620 3547 2632 3506 2648 3485 2653 3469 2653 3459 2654 3434 2648  
 3415 2649 3362 2654 3328 2664 3284 2678 3250 2695 3229 2713 3208 2720  
 3195 2713 3176 2703 3157 2697 3127 2700 3089 2711 3080 2722 3065 2739  
 3043 2755 3023 2766 3006 2769 2988 2774 2950 2780 2918 2786 2879 2794  
 2837 2803 2782 2816 2735 2829 2687 2845 2640 2860 2615 2873 2589 2891  
 2583 2901 2572 2905 2547 2906 2529 2900 2514 2905 2491 2914 2456 2924  
 2430 2933 2418 2935 2377 2941 2351 2951 2319 2964 2308 2970 2280 2974  
 2260 2978 2214 2979 2171 2993 2143 3007 2133 3015 2119 3031 2102 3042  
 2081 3049 2050 3053 2027 3048 2013 3046 1993 3052 1971 3058 1949 3064  
 1925 3075 1894 3082 1855 3087 1806 3098 1786 3115 1767 3129 1746 3141  
 1732 3148 1701 3151 1660 3155 1648 3161 1629 3167 1594 3177 1567 3182  
 1536 3186 1499 3189 1474 3193 1442 3201 1434 3208 1425 3212 1404 3223  
 1370 3238 1334 3254 1289 3269 1248 3279 1205 3287 1155 3294 1113 3308  
 1076 3324 1046 3338 1018 3350  980 3360  934 3371  900 3375  877 3375  
  850 3377  837 3381  804 3388  763 3403  730 3419  707 3429  676 3437  
  628 3443  613 3446  579 3461  554 3479  526 3491  501 3508  474 3521  
  454 3526  443 3527  387 3523  343 3528  290 3537  243 3550  202 3564  
  171 3582  132 3603  100 3620                                          
L  1 9    4     9    11    418888899999     4                           
    0 3671    010000100001000010000 3182                                
L  1 9    5     9    21    1188888 1553     2                           
    0 3062    0 3671                                                    
L  1 9    6     9    21    41 121188888     4                           
    0 3062    0    010000    010000 3182                                
A  1 1553    1   27 3355   3                                            
   -1    2    5                                                         
A  199999    2 6067 2822   3                                            
    4    3    1                                                         
A  1 1211    3 1457 2787   3                                            
   -2   -3   -6                                                         
H1 2    0    6    0    0   18 0507 0507                                 
L  2 5    1     0    00    00               9                           
 4696 1983 4141 1923 3938 1703 3383 1463 3142 1423 2032 1363 1052 1203  
  497 1023  355 1086                                                    
L  2 3    2     0    00    00              11                           
 5648    0 5757 1026 5863 1315 5929 1405 6191 1500 6338 1506 6545 1684  
 6572 1801 6639 1861 6684 1919 7642 1891                                
L  2 5    3     0    00    00              17                           
 7642 1891 7656 1503 7582 1283 7453 1243 7212 1243 7027  722 6898  482  
 6731  362 6861  142 6953  102 7027  362 7101  382 7157  322 7360  502  
 7638  382 7712  122 7802    0                                          
L  2 2    4     0    00    00               7                           
  355 1086  544 1689  703 2052  744 2463  687 2568  469 2797    0 2812  
L  2 2    5     0    00    00               2                           
    0  952  355 1086                                                    
L  2 3    6     0    00    00              16                           
 7642 1891 7870 1938 8069 1991 8186 2060 8333 2001 8382 1963 8556 1896  
 8636 1923 8798 2055 8925 2077 9025 2064 9191 2012 9493 1879 9549 1841  
 9882 122410000 1137                                                    
H1 5    0    3    0    0    8 0507 0507                                 
L  5 1    1     1    00    00               4                           
 5310 2214 5070 1528 4796 1070 3974    0                                
L  5 2    2     0    00    00              10                           
 5185 2240 5150 2040 5030 1900 4480 1800 3860 1400 3490 1330 3370 1420  
  480  880  190  870    0  780                                          
L  5 2    3     0    00    00              11                           
 5594    0 5720 1070 6030 1700 5900 1750 5910 1910 5750 1970 5640 1960  
 5570 1980 5500 1900 5380 1950 5446 2186                                
M 664412î\éÊ                  3    2    4    2    1   41                
H2 1    2    3    2    0   33 0507 0507                                 
N  1 1    1  882    0 1 3    1    3   -2    0    0    0    0    0    0  
N  1 1    2    0 3182 1 3    2   -3   -1    0    0    0    0    0    0  
L  1 5    1     0    11    21 121199999   152                           
  882    0  883   19  883   26  880   42  875   62  872   73  872   91  
  879  107  878  121  871  132  865  142  861  150  862  162  860  173  
  852  183  841  197  841  204  851  214  861  225  870  233  870  244  
  858  255  839  257  832  261  823  265  810  277  801  291  795  301  
  793  312  791  347  789  374  783  399  791  410  798  435  795  458  
  790  482  789  501  788  523  789  537  790  562  788  586  778  606  
  765  620  756  632  740  657  728  675  723  690  724  731  717  764  
  709  799  699  821  692  839  684  883  681  907  677  926  671  954  
  667  984  664 1012  662 1030  662 1054  664 1076  671 1106  676 1129  
  680 1151  680 1168  674 1190  672 1198  670 1216  669 1236  667 1250  
  665 1274  662 1296  659 1315  657 1346  655 1371  652 1394  650 1419  
  646 1440  647 1467  647 1496  647 1514  649 1522  657 1533  667 1546  
  673 1564  676 1579  678 1602  678 1614  679 1629  677 1642  673 1670  
  668 1685  649 1726  626 1766  613 1792  601 1811  591 1834  573 1874  
  561 1904  547 1936  535 1963  528 1981  520 2017  517 2031  515 2046  
  511 2067  505 2096  501 2107  494 2133  486 2156  477 2176  468 2199  
  463 2217  459 2228  454 2257  451 2275  442 2312  432 2352  424 2393  
  418 2435  410 2470  400 2505  394 2531  388 2552  382 2575  377 2604  
  372 2635  368 2658  359 2691  347 2722  336 2751  330 2780  328 2810  
  324 2829  315 2863  306 2890  291 2915  277 2937  262 2959  238 2983  
  216 3002  202 3013  184 3034  160 3056  119 3088  103 3104   91 3114  
   75 3132   60 3147   40 3161   14 3174    0 3182                      
L  1 9    2     9    21    118888899999     5                           
    0 3182    010000100001000010000    0  882    0                      
L  1 9    3     9    11    2188888 1211     3                           
  882    0    0    0    0 3182                                          
A  199999    1 5000 4767   2                                            
    1    2                                                              
A  1 1211    2  339 1596   2                                            
    3   -1                                                              
H1 2    0    1    0    0    3 0507 0507                                 
L  2 3    1     0    00    00               8                           
    0 1137  411  767  504  596  544  377  562  332  697  179  738   81  
  731    0                                                              
H1 7    0    0    0    1    2 0507 0507                                 
P  7 6    1    0 2000 0 1                                               
01 3    0 2000              00  î\éÊñ¶                                  
