M 684100óÁï∂äx                3    6   13    4    2  104                
H2 1    6    9    4    0   81 0506 0506                                 
N  1 1    1 4432    0 1 3   -6    7    9    0    0    0    0    0    0  
N  1 1    2    0 2676 1 3    4   -3    1    0    0    0    0    0    0  
N  1 1    3  613    0 1 3    6   -1    3    0    0    0    0    0    0  
N  1 1    4    0 2819 1 3    8   -5    2    0    0    0    0    0    0  
N  1 1    5    0 2777 1 3   -2    5   -4    0    0    0    0    0    0  
N  1 1    6 527510000 1 3   -9   -8   -7    0    0    0    0    0    0  
L  1 5    1     0    21    31 151799999    70                           
    0 2676   11 2671    2 2652   10 2635   23 2621   14 2523   19 2487  
   19 2420   43 2383   39 2358   29 2338   33 2311   47 2299   72 2300  
  100 2297  107 2264   98 2232   82 2211   96 2185  144 2197  171 2188  
  191 2159  205 2116  201 2048  197 2035  198 2009  235 1974  258 1932  
  265 1874  263 1816  244 1731  247 1678  267 1545  267 1491  262 1433  
  273 1394  333 1284  345 1222  345 1176  314 1164  352 1123  362 1081  
  356 1037  324 1013  312  994  295  976  284  949  280  922  297  892  
  312  884  321  849  321  808  324  802  361  785  371  735  371  684  
  364  647  387  568  410  519  440  474  501  417  539  392  566  359  
  580  327  583  296  581  183  588  124  616   55  614   21  613    0  
L  1 5    2     0    41    51 151799999     3                           
    0 2819    5 2790    0 2777                                          
L  1 9    3     9    31    218888899999     3                           
  613    0    0    0    0 2676                                          
L  1 9    4     9    21    5188888 1517     2                           
    0 2676    0 2777                                                    
L  1 9    5     9    51    418888899999     2                           
    0 2777    0 2819                                                    
L  1 9    6     9    31    11 151788888     2                           
  613    0 4432    0                                                    
L  1 5    7     0    11    61 151799999   281                           
 4432    0 4405  104 4387  113 4362  119 4327  133 4297  156 4289  175  
 4293  239 4347  234 4349  271 4292  280 4282  298 4278  331 4290  381  
 4256  434 4249  481 4254  584 4253  616 4257  630 4278  662 4314  699  
 4345  710 4382  734 4414  767 4518  815 4569  832 4656  867 4679  883  
 4683  890 4684  941 4689  960 4701 1070 4713 1140 4732 1187 4754 1219  
 4770 1223 4775 1235 4770 1237 4770 1263 4786 1298 4787 1336 4776 1380  
 4777 1417 4785 1439 4800 1454 4799 1461 4807 1499 4872 1649 4898 1651  
 4904 1670 4902 1699 4891 1714 4916 1764 5007 1877 5016 1887 5050 1898  
 5058 1907 5053 1929 5049 1932 5034 1929 5029 1987 5018 2037 5022 2063  
 5038 2076 5044 2105 5043 2128 5035 2133 5028 2162 5049 2185 5049 2202  
 5025 2208 5024 2240 5028 2268 5024 2308 5009 2346 5004 2351 5009 2379  
 5010 2420 5017 2452 5028 2462 5028 2497 5018 2532 4979 2567 4963 2572  
 4954 2585 4959 2597 4963 2624 4952 2643 4952 2676 4957 2684 4971 2693  
 4972 2712 4962 2734 4998 2784 5005 2826 4996 2845 5006 2865 5035 2868  
 5055 2898 5053 2942 5035 2950 5036 2976 5046 2999 5055 3003 5064 3032  
 5075 3049 5065 3071 5068 3117 5095 3264 5113 3285 5106 3316 5117 3332  
 5110 3345 5110 3360 5122 3387 5117 3400 5108 3396 5092 3373 5087 3370  
 5076 3400 5082 3421 5071 3435 5035 3440 4990 3532 4988 3611 4966 3707  
 5004 3773 5031 3877 5054 3979 5062 3983 5078 4004 5077 4053 5094 4067  
 5105 4071 5091 4117 5077 4148 5074 4222 5062 4302 5060 4337 5073 4366  
 5098 4391 5099 4416 5091 4454 5084 4463 5060 4474 5052 4493 5054 4535  
 5059 4555 5064 4560 5077 4548 5082 4555 5075 4582 5058 4596 5050 4635  
 5041 4647 5058 4688 5049 4690 5048 4780 5058 4822 5034 4903 5029 4981  
 5031 4999 5014 5071 5016 5095 5041 5106 5044 5126 5018 5144 5000 5241  
 4996 5311 4995 5367 4984 5382 4944 5467 4942 5582 4917 5586 4916 5655  
 4916 5723 4908 5777 4906 5815 4892 5859 4869 5912 4882 5923 4844 6019  
 4827 6100 4799 6096 4767 6147 4753 6196 4752 6230 4766 6246 4757 6291  
 4750 6299 4733 6304 4742 6331 4664 6356 4673 6408 4704 6399 4712 6425  
 4659 6441 4680 6528 4705 6552 4761 6583 4810 6597 4844 6610 4903 6622  
 4906 6622 4917 6697 4937 6802 4938 6856 4933 6909 4948 6984 4953 6994  
 4962 7068 4974 7100 4960 7135 4973 7200 4992 7241 5000 7284 4987 7341  
 4968 7400 4960 7505 4940 7603 4939 7656 4948 7693 4940 7724 4916 7774  
 4906 7818 4905 7889 4913 7933 4920 7947 4923 7977 4918 7981 4913 7997  
 4927 8025 4901 8059 4844 8184 4839 8261 4829 8269 4828 8295 4840 8347  
 4839 8392 4843 8420 4827 8516 4805 8521 4800 8542 4820 8626 4831 8645  
 4838 8649 4849 8695 4849 8737 4837 8764 4848 8806 4873 8863 4904 8958  
 4932 9019 4939 9052 4956 9081 4958 9109 4948 9148 4962 9188 4989 9205  
 4997 9242 5006 9254 5016 9351 5036 9399 5057 9430 5074 9472 5078 9506  
 5101 9592 5131 9625 5170 9648 5193 9684 5206 9728 5254 9785 5255 9821  
 5241 9822 5242 9852 5258 9854 5260 9893 5246 9897 5255 9924 5292 9920  
 527510000                                                              
L  1 9    8     9    41    6188888 1517     3                           
    0 2819    010000 527510000                                          
L  1 9    9     9    11    619999988888     4                           
 4432    010000    01000010000 527510000                                
A  1 1517    1 2507 5072   6                                            
   -6   -1    4   -2    8   -7                                          
A  199999    2 7509 5056   2                                            
    7   -9                                                              
A  199999    3  151 1340   2                                            
    1    3                                                              
A  199999    4    2 2796   2                                            
    2    5                                                              
H1 2    0    4    0    0   16 0506 0506                                 
L  2 5    1     0    00    00              11                           
 2524    0 2569  130 2588  340 2720  820 2848  927 3066  918 3456  792  
 3744  640 3957  798 4274  880 4432  813                                
L  2 3    2     0    00    00               8                           
 4432  813 4247  684 4201  558 4247  366 4245  171 4301   94 4366   60  
 4398    0                                                              
L  2 5    3     0    00    00               2                           
   57 9716   8510000                                                    
L  2 3    4     0    00    00              46                           
 518310000 5202 9752 5162 9656 5075 9613 4943 9188 4909 9066 4814 8763  
 4801 8648 4787 8528 4821 8398 4821 8168 4884 8024 4878 7790 4946 7417  
 4901 6739 4827 6631 4605 6529 4590 6406 4642 6302 4707 6250 4815 5978  
 4886 5771 4912 5515 4975 5347 5037 4831 5018 4494 5054 4417 5034 4264  
 5058 4194 5001 3804 4946 3704 4963 3551 5062 3358 5011 2940 4935 2689  
 4935 2582 4996 2510 4986 2174 4996 1921 4875 1724 4753 1431 4756 1295  
 4692 1149 4668  970 4646  888 4432  813                                
H1 7    0    0    0    2    4 0506 0506                                 
P  7 7    1 1333 4000 0 1                                               
01 3 1333 4000              00  óÁï∂ìá                                  
P  7 1    2 2667 8000 0 1                                               
01 3 2667 8000              00  óÁï∂í¨                                  
M 684105ítì‡                  5    4   37    3    1  129                
H2 1    4    6    3    0   45 0506 0506                                 
N  1 1    110000 9373 1 3    1   -4   -6    0    0    0    0    0    0  
N  1 1    2 482410000 1 3    6   -5   -1    0    0    0    0    0    0  
N  1 1    3 108610000 1 3    5    3    2    0    0    0    0    0    0  
N  1 1    4 1866    0 1 3    4   -2   -3    0    0    0    0    0    0  
L  1 5    1     0    11    21 121499999    75                           
10000 9373 9990 9352 9973 9259 9968 9209 9970 9156 9961 8954 9965 8915  
 9972 8903 9972 8873 9960 8757 9938 8659 9932 8560 9937 8439 9931 8369  
 9921 8313 9904 8261 9847 8147 9793 8057 9760 8019 9704 7970 9560 7859  
 9523 7841 9463 7820 9414 7796 9303 7730 9145 7658 8807 7553 8655 7511  
 8592 7488 8345 7426 8135 7381 7924 7360 7669 7313 7604 7308 7461 7308  
 7378 7296 6803 7286 6823 7899 6500 7912 6500 8087 6148 8090 6077 8379  
 5862 8379 5785 7974 5619 7949 5628 8550 5354 8525 5283 8254 5235 8152  
 5083 8274 5097 8297 4941 8419 4936 8678 5140 8678 5138 8898 5124 8910  
 4635 8897 4638 8474 4722 8349 4890 8223 4807 8095 4494 8332 4498 8978  
 4512 9014 4574 9017 4582 9490 4724 9490 4998 9429 5003 9631 4727 9685  
 4636 9877 4688 9895 4725 9929 4731 9952 482410000                      
L  1 5    2     0    31    41 121499999    94                           
 108610000 1085 9985 1097 9945 1123 9819 1123 9773 1112 9706 1074 9580  
 1045 9504 1014 9377 1004 9308 1001 9242 1020 9048 1034 8843 1049 8712  
 1051 8571 1044 8442 1050 8249 1057 8173 1069 8106 1105 7967 1163 7777  
 1191 7645 1206 7560 1214 7484 1265 7065 1280 6986 1381 6624 1364 6618  
 1390 6543 1406 6546 1447 6455 1498 6355 1584 6154 1615 6093 1698 5963  
 1724 5903 1812 5717 1864 5625 1947 5427 2023 5292 2144 5127 2266 4985  
 2322 4933 2458 4780 2502 4742 2541 4697 2582 4637 2642 4562 2652 4524  
 2653 4452 2663 4408 2689 4359 2726 4315 2768 4270 2800 4215 2821 4161  
 2841 4088 2865 3983 2875 3887 2885 3719 2883 3655 2886 3475 2872 3350  
 2875 3290 2879 3137 2871 3065 2853 2976 2844 2897 2834 2860 2814 2707  
 2786 2536 2736 2224 2734 2186 2705 2012 2678 1840 2631 1649 2579 1489  
 2522 1308 2483 1227 2456 1148 2404 1017 2350  908 2319  835 2282  757  
 2240  659 2166  517 2061  296 2024  238 2014  215 1984  174 1957  125  
 1924   81 1909   66 1866    0                                          
L  1 9    3     9    31    419999988888     4                           
 108610000    010000    0    0 1866    0                                
L  1 9    4     9    41    11 121488888     3                           
 1866    010000    010000 9373                                          
L  1 9    5     9    31    2188888 1214     2                           
 108610000 482410000                                                    
L  1 9    6     9    21    118888899999     3                           
 482410000100001000010000 9373                                          
A  199999    1 7437 8642   2                                            
    1    6                                                              
A  1 1214    2 6134 4984   4                                            
   -4   -2    5   -1                                                    
A  199999    3 1127 4998   2                                            
    2   -3                                                              
H1 2    0   29    0    0   62 0506 0506                                 
L  2 2    1     0    00    00               2                           
 6820 7130 6823 6958                                                    
L  2 3    2     0    00    00               8                           
 2334    0 2776  829 2936 1292 3138 2072 3275 3093 3242 3851 3062 4267  
 2825 4526                                                              
L  2 3    3     0    00    00              13                           
 2825 4526 2786 4687 2574 5350 3066 5590 3521 5660 3663 5770 4023 5790  
 4276 6115 4504 6385 4887 6779 5030 6961 5184 7094 5227 7199            
L  2 2    4     0    00    00               7                           
 4410 9793 4364 8484 4388 8306 4449 8174 4564 8038 4759 7870 4862 7799  
L  2 3    5     0    00    00               2                           
 4410 9793 4230 9790                                                    
L  2 2    6     0    00    00               2                           
 6820 7130 7713 7148                                                    
L  2 5    7     0    00    00               7                           
 7713 7148 7728 6921 7937 6627 7960 6395 7404 6297 7184 6407 6831 6407  
L  2 2    8     0    00    00              10                           
 6831 6407 6837 5975 7059 5409 7326 4799 8477 3963 8742 3044 9219 2106  
 9247 1915 9216 1730 8032    0                                          
L  2 5    9     0    00    00               2                           
 6247 6468 6432 6449                                                    
L  2 5   10     0    00    00               2                           
 6420 6212 6432 6449                                                    
L  2 5   11     0    00    00               2                           
 6432 6449 6831 6407                                                    
L  2 5   12     0    00    00               2                           
 6432 6449 6425 6970                                                    
L  2 2   13     0    00    00               3                           
 6422 7221 6773 7191 6820 7130                                          
L  2 3   14     0    00    00               4                           
 5227 7199 5096 7284 5004 7402 4814 7540                                
L  2 5   15     0    00    00               3                           
 5227 7199 5309 7251 5338 7319                                          
L  2 2   16     0    00    00               5                           
 5415 7500 5594 7418 5967 7296 6230 7237 6422 7221                      
L  2 5   17     0    00    00               2                           
 5338 7319 5415 7500                                                    
L  2 5   18     0    00    00               3                           
 5338 7319 6003 7006 6425 6970                                          
L  2 5   19     0    00    00               2                           
 6425 6970 6422 7221                                                    
L  2 5   20     0    00    00               2                           
 6425 6970 6823 6958                                                    
L  2 2   21     0    00    00               2                           
 6823 6958 6831 6407                                                    
L  2 5   22     0    00    00               2                           
 5332 7911 5206 7595                                                    
L  2 2   23     0    00    00               2                           
 5206 7595 5415 7500                                                    
L  2 3   24     0    00    00               7                           
 4814 7540 4701 7622 4577 7795 4352 8023 4186 8382 4236 8962 4230 9790  
L  2 5   25     0    00    00               2                           
 4814 7540 4862 7799                                                    
L  2 2   26     0    00    00               3                           
 4862 7799 5060 7661 5206 7595                                          
L  2 2   27     0    00    00               6                           
 7713 7148 8157 7206 8402 7266 9282 7534 9581 774510000 8164            
L  2 4   28     0    00    00               8                           
 2825 4526 2639 4816 2043 5456 1424 6945 1209 8337 1190 9317 1321 9822  
 130610000                                                              
L  2 4   29     0    00    00               2                           
 419010000 4230 9790                                                    
H1 3    0    1    0    0   14 0506 0506                                 
L  3 1    1     0    00    00              90                           
 3544    0 3656   88 3711  148 3727  193 3758  293 3753  464 3681  729  
 3678  781 3687  803 3749  965 3771 1025 3769 1081 3744 1143 3688 1219  
 3624 1285 3362 1511 3335 1569 3314 1649 3308 1816 3343 1942 3431 2085  
 3476 2181 3510 2296 3510 2361 3506 2403 3353 2677 3332 2747 3341 2882  
 3380 3014 3422 3066 3485 3116 3552 3148 3713 3192 3843 3251 4276 3617  
 4315 3691 4324 3768 4288 4013 4291 4119 4327 4216 4393 4296 4552 4386  
 4612 4397 4771 4458 4814 4478 4865 4513 4931 4600 4976 4706 4970 4870  
 4988 4925 5036 5018 5066 5053 5111 5095 5153 5124 5216 5140 5375 5153  
 5415 5160 5511 5240 5556 5327 5592 5455 5665 5758 5676 5854 5647 5983  
 5616 6083 5553 6239 5544 6322 5544 6367 5559 6448 5646 6692 5658 6766  
 5655 6830 5646 6901 5604 7001 5504 7124 5247 7296 4902 7507 4702 7673  
 4555 7871 4396 8131 4363 8199 4312 8344 4309 8386 4303 8466 4303 8611  
 4324 8723 4399 8884 4438 9035 4459 9276 4483 9563 4492 9762            
H1 5    0    1    0    0    2 0506 0506                                 
L  5 2    1     0    00    00               3                           
10000 5900 9780 516010000 4555                                          
H1 7    0    0    0    1    1 0506 0506                                 
P  752    1 4133 9633 0 0                                               
M 684106ê∫ñ‚                  4    2   26    2    2  100                
H2 1    2    3    2    0   33 0506 0506                                 
N  1 1    1    0 9373 1 3    1    2    3    0    0    0    0    0    0  
N  1 1    2 683910000 1 3   -2   -3   -1    0    0    0    0    0    0  
L  1 5    1     0    11    2199999 1214   151                           
    0 9373   23 9383   44 9369   64 9352   80 9329  103 9297  130 9265  
  166 9224  206 9176  250 9140  285 9116  325 9089  366 9057  401 9031  
  431 9006  472 8974  513 8944  549 8919  582 8896  595 8887  615 8877  
  688 9006  712 8989  656 8903  755 8831  746 8803  794 8773  732 8670  
  741 8664  754 8653  761 8646  779 8626  789 8611  802 8593  823 8575  
  844 8557  869 8538  895 8519  911 8507  927 8500  983 8472 1044 8440  
 1099 8414 1170 8388 1244 8369 1327 8340 1369 8327 1406 8317 1454 8307  
 1511 8293 1573 8281 1605 8274 1644 8272 1747 8268 1827 8254 1913 8237  
 2001 8230 2083 8229 2152 8229 2226 8228 2283 8230 2292 8231 2381 8239  
 2454 8244 2535 8255 2621 8261 2697 8269 2715 8270 2746 8272 2810 8284  
 2876 8290 2949 8304 3037 8318 3098 8330 3160 8343 3170 8343 3215 8346  
 3255 8353 3326 8375 3406 8392 3474 8409 3538 8421 3614 8443 3660 8459  
 3722 8476 3773 8491 3812 8505 3877 8527 3930 8548 3985 8569 4043 8586  
 4088 8598 4132 8611 4195 8628 4217 8638 4228 8642 4272 8653 4305 8666  
 4347 8692 4408 8708 4440 8723 4501 8737 4571 8764 4616 8786 4658 8803  
 4701 8829 4749 8854 4806 8881 4854 8902 4916 8930 4978 8959 5026 8982  
 5081 9012 5135 9037 5186 9061 5228 9083 5242 9084 5278 9098 5343 9138  
 5402 9174 5447 9207 5503 9241 5564 9271 5626 9299 5685 9333 5735 9358  
 5758 9370 5780 9385 5823 9411 5904 9454 5965 9483 6044 9531 6092 9559  
 6174 9609 6185 9614 6223 9636 6264 9656 6318 9687 6367 9712 6429 9742  
 6454 9753 6490 9781 6531 9823 6569 9850 6613 9878 6643 9894 6680 9916  
 6730 9941 6769 9968 6802 9997 683910000                                
L  1 9    2     9    11    21 121488888     5                           
    0 9373    0    010000    01000010000 683910000                      
L  1 9    3     9    11    218888899999     3                           
    0 9373    010000 683910000                                          
A  1 1214    1 7650 9112   2                                            
    1   -2                                                              
A  199999    2 2796 9116   2                                            
    3   -1                                                              
H1 2    0   20    0    0   43 0506 0506                                 
L  2 3    1     0    00    00               4                           
 2743 8133 2732 7953 2808 7803 3530 7165                                
L  2 4    2     0    00    00              10                           
 5509 4813 5552 4799 5530 4597 5666 4563 5802 4508 6102 4527 6309 4349  
 6471 4306 6916 4320 7077 4187                                          
L  2 3    3     0    00    00               9                           
 5509 4813 5455 4392 5330 4296 5243 3650 5100 3034 5036 2354 4568 1592  
 4642 1374 4316    0                                                    
L  2 4    4     0    00    00               3                           
 4307 7594 3680 7343 3530 7165                                          
L  2 3    5     0    00    00               8                           
 3530 7165 4400 6462 4801 6432 5016 6302 5432 5791 5515 5540 5535 5188  
 5509 4813                                                              
L  2 4    6     0    00    00               3                           
  850 7457  848 7632  782 8188                                          
L  2 2    7     0    00    00               5                           
  782 8188  896 8152 1250 8264 1348 8270 1956 8152                      
L  2 5    8     0    00    00               4                           
 8233 7587 8288 7302 7321 4541 7077 4187                                
L  2 4    9     0    00    00               7                           
 7077 4187 7163 3097 7456 1747 7817 1158 8112 1080 9058  356 9147    0  
L  2 5   10     0    00    00               4                           
  375 7206  527 7246  583 7466  850 7457                                
L  2 5   11     0    00    00               2                           
 1815 6586 1774 7488                                                    
L  2 2   12     0    00    00               2                           
 1956 8152 2743 8133                                                    
L  2 5   13     0    00    00               2                           
  850 7457 1774 7488                                                    
L  2 5   14     0    00    00               3                           
 1774 7488 1759 7826 1956 8152                                          
L  2 2   15     0    00    00               3                           
  278 8373  465 8356  782 8188                                          
L  2 5   16     0    00    00               6                           
  278 8373  223 8927  337 8927  659 8687  808 8363  782 8188            
L  2 2   17     0    00    00               3                           
    0 8164  131 8295  278 8373                                          
L  2 4   18     0    00    00               6                           
 8233 7587 8976 7355 9453 7359 9769 7511 9898 762910000 7781            
L  2 2   19     0    00    00               7                           
 2743 8133 3020 8125 3865 8339 4765 8689 5400 9005 6599 9703 706210000  
L  2 5   20     0    00    00               5                           
 811710000 8117 9803 7966 9563 8269 8823 8233 7587                      
H1 5    0    3    0    0   16 0506 0506                                 
L  5 1    1     0    00    00              19                           
 3384    0 3564  348 3564  586 3776 1950 3766 2714 3961 2829 3986 3531  
 3886 3688 3472 4514 2466 7073 2372 7299 2285 7407 1812 7633 1476 7902  
 1148 8074  916 8300  761 8484  744 8570  779 8626                      
L  5 2    2     0    00    00              29                           
    0 4555  260 3870  640 3770  980 3880 1240 4110 1280 4360 1830 4650  
 1920 4740 1980 4650 2130 4740 2300 5150 2150 5040 2150 5300 2350 5360  
 2590 5710 2820 5830 2670 6110 2560 5920 2640 5910 2550 5750 2500 5900  
 2450 6000 2230 6260 2180 6370 2090 6550 2100 6650 1420 6470  190 6420  
    0 5900                                                              
L  5 1    3     0    00    00              34                           
 840610000 8538 9868 8417 9429 8784 9103 8712 8899 8480 8702 8329 8072  
 7794 7627 7646 6712 7530 6482 7550 6128 7140 5444 7119 4975 7333 4212  
 7466 4007 7375 3822 7272 3592 7526 3074 7366 2698 7529 2174 7578 2226  
 7678 1976 7673 1789 7708 1714 7678 1568 7821 1482 7822 1342 7930 1354  
 7996 1016 8266  710 8440  652 9098  216 9244  202 9370    0            
H1 7    0    0    0    2    4 0506 0506                                 
P  7 4    1  744 8570 0 1                                               
01 3  744 8570              00  ê∫ñ‚êÏ                                  
P  7 1    2 6667    0 0 1                                               
01 3 6667    0              00  ítì‡és                                  
M 684107ÉÇÉCÉ}éR              3    4    8    2    0   46                
H2 1    4    5    2    0   21 0506 0506                                 
N  1 2    1 9374 2382 0 2    1   -2    0    0    0    0    0    0    0  
N  1 1    210000 2751 1 3    5   -1   -4    0    0    0    0    0    0  
N  1 2    3 7710 1369 0 2    2   -3    0    0    0    0    0    0    0  
N  1 1    4 7120    0 1 3    4    3   -5    0    0    0    0    0    0  
L  1 3    1     0    10    21 1214 1511    11                           
 9374 2382 9430 2413 9489 2435 9547 2476 9657 2480 9708 2499 9759 2494  
 9812 2525 9884 2710 9992 275910000 2751                                
L  1 3    2     1    30    10 1214 1511    10                           
 7710 1369 7865 1511 7910 1702 8104 1972 8451 2221 8645 2235 8795 2206  
 8879 2143 8968 2150 9374 2382                                          
L  1 3    3     0    41    30 1214 1511    14                           
 7120    0 7064   55 7270  234 7340  309 7367  358 7367  438 7340  612  
 7321  786 7270  940 7274 1020 7332 1099 7426 1159 7546 1214 7710 1369  
L  1 9    4     9    41    21 151188888     3                           
 7120    010000    010000 2751                                          
L  1 9    5     9    21    41 121488888     5                           
10000 27511000010000    010000    0    0 7120    0                      
A  1 1511    1 8857 1372   4                                            
    1   -4    3    2                                                    
A  1 1214    2 5000 4344   4                                            
   -2   -3   -5   -1                                                    
H1 2    0    1    0    0   17 0506 0506                                 
L  2 4    1     0    00    00             112                           
    0 7781   85 7907  241 8093  308 8306  510 8425  619 8420  686 8377  
  765 8377  849 8447  937 8452  993 8422 1027 8342 1002 8242 1091 8150  
 1128 8001 1189 7942 1202 7811 1251 7781 1467 7726 1606 7658 1873 7738  
 2093 7600 2202 7631 2254 7734 2382 7681 2479 7709 2553 7649 2644 7461  
 2889 7379 3151 7400 3288 7474 3482 7603 3631 7689 3717 7729 3786 7743  
 3841 7740 3912 7728 4054 7701 4179 7678 4301 7644 4362 7645 4432 7678  
 4504 7739 4587 7781 4632 7799 4670 7805 5004 7854 5059 7868 5151 7897  
 5238 7930 5283 7930 5332 7914 5463 7829 5516 7795 5574 7777 5640 7777  
 5732 7779 5811 7787 5878 7781 5936 7757 5989 7709 6054 7635 6127 7534  
 6176 7495 6229 7478 6266 7478 6300 7482 6345 7506 6384 7537 6423 7593  
 6454 7627 6491 7662 6548 7703 6607 7749 6643 7787 6662 7821 6671 7860  
 6671 7916 6671 8004 6665 8251 6668 8298 6686 8352 6722 8407 6750 8430  
 6948 8574 7004 8612 7041 8651 7052 8699 7079 8741 7128 8775 7227 8835  
 7278 8887 7337 8984 7352 9047 7347 9113 7315 9174 7254 9230 7221 9276  
 7207 9325 7212 9388 7251 9444 7297 9480 7358 9525 7386 9569 7392 9618  
 7377 9679 7345 9722 7258 9780 7222 9809 7192 9856 7178 9921 718210000  
H1 5    0    2    0    0    5 0506 0506                                 
L  5 1    1     0    00    00               3                           
 2029    0 2364  148 2396    0                                          
L  5 1    2     0    00    00              11                           
 2558    0 2706  103 2655  362 2978  368 3114  454 3098  869 3204  932  
 3380  788 3606  855 3750 1002 3892  935                                
M 684110ëDîë                  3    2   15    2    1   78                
H2 1    2    3    2    0   44 0506 0506                                 
N  1 1    1 5275    0 1 3    1    2   -3    0    0    0    0    0    0  
N  1 1    2    0 2067 1 3    3   -2   -1    0    0    0    0    0    0  
L  1 5    1     0    11    21 151799999   230                           
 5275    0 5278   46 5257   69 5243  117 5228  122 5219  149 5220  173  
 5228  196 5223  226 5235  256 5254  291 5291  346 5297  378 5312  400  
 5342  422 5376  423 5440  434 5467  428 5494  434 5527  431 5597  399  
 5632  403 5642  409 5660  434 5673  494 5708  580 5708  611 5700  639  
 5687  656 5649  669 5572  732 5545  767 5527  825 5538  839 5499  895  
 5461  942 5431 1021 5406 1050 5387 1080 5341 1166 5313 1230 5292 1269  
 5251 1312 5214 1362 5200 1370 5194 1370 5179 1382 5137 1451 5112 1508  
 5085 1645 5038 1790 4999 1880 4976 1954 4907 2043 4878 2093 4824 2197  
 4790 2274 4728 2470 4728 2510 4723 2533 4734 2549 4735 2559 4721 2595  
 4706 2684 4716 2779 4711 2829 4702 2865 4721 2895 4688 2926 4666 2957  
 4627 3063 4575 3178 4504 3281 4487 3314 4481 3339 4496 3384 4495 3421  
 4467 3418 4428 3495 4400 3534 4389 3545 4368 3581 4340 3618 4312 3641  
 4293 3670 4280 3801 4176 3928 4160 3955 4155 3978 4143 3998 4066 4043  
 4006 4090 3984 4122 3977 4156 3972 4213 3958 4230 3915 4252 3863 4268  
 3808 4280 3742 4304 3756 4329 3676 4385 3665 4366 3628 4435 3609 4410  
 3447 4575 3432 4585 3420 4584 3406 4600 3354 4679 3274 4783 3244 4830  
 3206 4880 3137 4953 3078 4999 2964 5064 2941 5062 2932 5042 2925 4958  
 2915 4925 2893 4898 2885 4873 2897 4832 2876 4826 2892 4771 2882 4767  
 2887 4744 2899 4748 2903 4717 2922 4662 2951 4608 2939 4599 2949 4574  
 2961 4577 2976 4525 3004 4423 2994 4407 2988 4407 2986 4376 2998 4376  
 2989 4246 2976 4246 2972 4216 2986 4210 2987 4146 2992 4107 2948 4071  
 2942 4034 3004 4088 3050 4038 3041 4015 3117 3929 3123 3863 3127 3862  
 3127 3828 3004 3822 3001 3789 3099 3794 3104 3778 3128 3779 3136 3632  
 3207 3636 3234 3585 3265 3558 3282 3538 3301 3291 3302 3172 3326 2878  
 3319 2875 3276 2832 3250 2837 3225 2832 3212 2798 3208 2767 3209 2736  
 3219 2716 3192 2658 3166 2613 3137 2577 3082 2520 3040 2484 3014 2466  
 2968 2403 2933 2366 2839 2299 2748 2225 2616 2132 2576 2117 2455 2104  
 2418 2087 2387 2053 2264 1953 2207 1914 2167 1906 2141 1909 2068 1906  
 2034 1888 1998 1853 1972 1841 1897 1845 1860 1838 1826 1822 1756 1771  
 1704 1756 1626 1743 1521 1733 1379 1709 1332 1709 1270 1724 1209 1729  
 1160 1737 1102 1737 1052 1733 1010 1737  764 1788  631 1802  569 1812  
  534 1825  479 1853  445 1881  409 1904  293 1949  254 1954  211 1947  
  169 1950  153 1961  143 1982  115 1998   66 2008    0 2067            
L  1 9    2     9    11    2188888 1517     3                           
 5275    0    0    0    0 2067                                          
L  1 9    3     9    21    118888899999     5                           
    0 2067    010000100001000010000    0 5275    0                      
A  199999    1 6569 4952   2                                            
    1    3                                                              
A  1 1517    2 3925 2555   2                                            
    2   -1                                                              
H1 2    0   12    0    0   29 0506 0506                                 
L  2 3    1     0    00    00               4                           
 3188 2410 3228 2376 3193 2122 3248 2003                                
L  2 4    2     0    00    00               5                           
 3188 2410 3357 2891 3310 3509 3157 3778 3169 3919                      
L  2 4    3     0    00    00              10                           
 3169 3919 3151 4020 3071 4146 3106 4396 3145 4392 3161 4295 3249 4186  
 3369 4151 3449 4116 3608 3962                                          
L  2 4    4     0    00    00               5                           
 2967 5029 2911 4808 3028 4456 3020 4138 3169 3919                      
L  2 4    5     0    00    00               6                           
    0 1987  189 1879  297 1879  510 1775 1014 1668 1265 1543            
L  2 4    6     0    00    00               9                           
 1265 1543 1360 1538 1669 1616 2036 1815 2222 1850 2354 1952 2474 1983  
 2627 1938 2811 1989                                                    
L  2 5    7     0    00    00              16                           
 3608 3962 3782 4036 3914 4137 3990 3996 4123 3876 4350 3316 4653 2756  
 4672 2336 4862 1876 5032 1416 5203 1195 5393  735 5582  595 5582  455  
 5222  455 5168  190                                                    
L  2 4    8     0    00    00               3                           
 2811 1989 3123 2287 3188 2410                                          
L  2 5    9     0    00    00               3                           
 2811 1989 2986 1856 3248 2003                                          
L  2 3   10     0    00    00              10                           
 3248 2003 3327 1834 3535 1694 3843 1120 3977  790 4211  589 4311  475  
 4665  312 5074  305 5168  190                                          
L  2 5   11     0    00    00               6                           
   85    0  103  191  484  803  597  863  977 1003 1265 1543            
L  2 3   12     0    00    00               2                           
 5168  190 5183    0                                                    
H1 7    0    0    0    1    2 0506 0506                                 
P  7 6    1 3111 4767 0 1                                               
01 4 3111 4767              00  ã‡ìcÉmñ¶                                
M 684115ñÏä¶ïzñ¶              3    2    4    2    1   35                
H2 1    2    3    2    0   25 0506 0506                                 
N  1 1    1 4824    0 1 3    1   -3   -2    0    0    0    0    0    0  
N  1 1    2 1086    0 1 3    3   -1    2    0    0    0    0    0    0  
L  1 5    1     0    11    21 121499999    92                           
 4824    0 4826    1 4826   55 4854   55 4861   90 5007   68 5014  111  
 4352  248 4316  310 4277  403 4236  562 4212  643 4129  817 4030 1055  
 3966 1225 3863 1459 3806 1533 3764 1576 3736 1615 3711 1662 3609 1859  
 3590 1890 3552 1933 3499 1979 3590 2068 3552 2098 3500 2086 3422 2171  
 3436 2207 3408 2225 3365 2201 3231 2388 3278 2454 3236 2490 3137 2406  
 3047 2460 2882 2605 2707 2870 2622 2943 2518 3178 2220 3498 2089 3625  
 2058 3654 1997 3692 1967 3699 1929 3700 1893 3690 1854 3597 1767 3582  
 1762 3543 1835 3501 1810 3401 1755 3401 1863 3347 1815 3112 1801 2876  
 1768 2756 1731 2673 1715 2635 1631 2516 1556 2430 1515 2377 1474 2311  
 1451 2237 1440 2168 1395 1991 1388 1918 1399 1707 1396 1631 1358 1531  
 1324 1462 1289 1402 1282 1396 1260 1350 1248 1296 1238 1197 1231  970  
 1213  895 1193  844 1141  739 1107  665 1098  653 1077  598 1065  535  
 1059  416 1059  275 1056  222 1048  180 1047  126 1071   32 1089    1  
 1086    0                                                              
L  1 9    2     9    21    118888899999     6                           
 1086    0    0    0    010000100001000010000    0 4824    0            
L  1 9    3     9    21    11 121488888     2                           
 1086    0 4824    0                                                    
A  199999    1 5000 4403   2                                            
    1    2                                                              
A  1 1214    2 2504 1845   2                                            
   -3   -1                                                              
H1 2    0    1    0    0    5 0506 0506                                 
L  2 4    1     0    00    00              24                           
 1306    0 1249  704 1363  946 1366 1306 1494 1586 1541 1986 1653 2265  
 1953 2704 1963 3074 2046 3320 2179 3334 2700 2670 2795 2549 2899 2437  
 3161 2156 3400 1900 3437 1843 3688 1457 3718 1411 3920  928 4083  537  
 4100  496 4150  213 4190    0                                          
H1 7    0    0    0    1    2 0506 0506                                 
P  7 6    1 1978 3503 0 1                                               
01 4 1978 3503              00  ñÏä¶ïzñ¶                                
M 684116ïxàÈ                  4    2    7    2    1   32                
H2 1    2    3    2    0   17 0506 0506                                 
N  1 1    110000 3671 1 3    1   -3   -2    0    0    0    0    0    0  
N  1 1    2 6839    0 1 3    3   -1    2    0    0    0    0    0    0  
L  1 5    1     0    11    21 121499999    40                           
10000 3671 9993 3667 9964 3638 9904 3554 9830 3423 9786 3335 9739 3228  
 9682 3081 9649 3009 9572 2860 9500 2711 9461 2644 9432 2584 9329 2430  
 9157 2185 9021 2002 8873 1833 8792 1731 8698 1616 8636 1537 8592 1493  
 8479 1405 8354 1294 8268 1212 8194 1128 8067 1030 7962  911 7917  868  
 7855  820 7800  772 7648  616 7544  535 7478  482 7435  444 7305  362  
 7261  324 7009  145 6860   28 6836    4 6839    0                      
L  1 9    2     9    21    118888899999     5                           
 6839    0    0    0    010000100001000010000 3671                      
L  1 9    3     9    21    11 121488888     3                           
 6839    010000    010000 3671                                          
A  199999    1 5000 4424   2                                            
    1    2                                                              
A  1 1214    2 9435 1830   2                                            
   -3   -1                                                              
H1 2    0    3    0    0    6 0506 0506                                 
L  2 2    1     0    00    00               2                           
 7062    0 8067  794                                                    
L  2 5    2     0    00    00               3                           
 8067  794 8117  543 8117    0                                          
L  2 2    3     0    00    00               4                           
 8067  794 9190 2065 9593 272110000 3619                                
H1 5    0    1    0    0    3 0506 0506                                 
L  5 1    1     0    00    00               9                           
 9203 2216 9189 1808 8952 1528 8783 1418 8764 1252 8410  891 8496  320  
 8370  111 8406    0                                                    
H1 7    0    0    0    1    2 0506 0506                                 
P  7 9    1 1333 4000 0 1                                               
01 3 1333 4000              00  è@íJòp                                  
M 684117è@íJ                  2    5   11    4    0   78                
H2 1    5    7    4    0   55 0506 0506                                 
N  1 2    1 7773 9525 0 2    1   -1    0    0    0    0    0    0    0  
N  1 1    210000 5073 1 3    2   -4   -5    0    0    0    0    0    0  
N  1 1    3 746710000 1 3    4   -7   -2    0    0    0    0    0    0  
N  1 1    4 169710000 1 3    7   -6    3    0    0    0    0    0    0  
N  1 1    5    0 3671 1 3    6    5   -3    0    0    0    0    0    0  
L  1 5    1     0    10    10 121499999    12                           
 7773 9525 7763 9543 7740 9542 7729 9514 7740 9504 7741 9486 7746 9478  
 7758 9482 7771 9482 7775 9498 7771 9508 7773 9525                      
L  1 5    2     0    21    31 121499999    78                           
10000 5073 9998 5086 9967 5091 9938 5108 9755 5241 9704 5304 9683 5326  
 9601 5417 9560 5474 9457 5644 9375 5779 9324 5847 9195 6039 9165 6099  
 9133 6212 9120 6239 9098 6262 9076 6275 8997 6288 8967 6299 8924 6326  
 8853 6400 8790 6479 8661 6625 8578 6690 8557 6714 8477 6848 8443 6917  
 8384 7010 8349 7058 8293 7103 8245 7142 8217 7188 8191 7216 8160 7239  
 8146 7257 8133 7281 8111 7308 8066 7382 8011 7498 7963 7575 7819 7764  
 7810 7791 7804 7820 7797 7842 7785 7860 7777 7877 7777 7917 7784 8010  
 7761 8108 7757 8169 7746 8217 7724 8278 7698 8431 7695 8483 7696 8588  
 7745 8824 7741 8883 7703 9063 7704 9095 7700 9153 7690 9230 7675 9348  
 7647 9445 7581 9522 7519 9580 7506 9598 7500 9617 7501 9657 7494 9675  
 7443 9744 7431 9774 7425 9802 7424 9847 7436 9898 7456 9942 7462 9997  
 746710000                                                              
L  1 5    3     0    41    51 121499999   118                           
 169710000 1677 9966 1661 9950 1649 9942 1598 9884 1530 9835 1502 9808  
 1447 9745 1424 9713 1396 9684 1336 9615 1237 9469 1167 9370 1140 9348  
 1093 9318 1057 9301  951 9275  869 9250  828 9242  738 9231  701 9225  
  678 9210  665 9195  658 9165  657 9137  661 9027  668 8940  665 8798  
  651 8731  637 8699  628 8655  625 8532  606 8448  571 8343  569 8313  
  497 8249  533 8205  523 8192  589 8106  639 8151  696 8033  698 8022  
  684 7828  669 7545  660 7519  595 7406  541 7329  506 7299  387 7241  
  373 7222  346 7135  319 7067  299 7009  298 6986  302 6936  278 6773  
  243 6599  228 6538  205 6413  194 6314  194 6203  210 6108  228 6041  
  266 5940  278 5897  329 5690  238 5627  290 5538  312 5552  336 5506  
  317 5491  356 5419  325 5398  337 5371  368 5387  405 5315  376 5293  
  389 5267  417 5282  453 5276  457 5293  485 5288  483 5279  519 5269  
  527 5295  554 5283  573 5264  602 5214  616 5141  613 5094  600 5056  
  583 5027  558 4993  530 4966  483 4929  471 4915  473 4887  490 4811  
  486 4792  476 4776  451 4685  431 4626  407 4575  385 4541  306 4459  
  297 4438  297 4410  302 4388  303 4353  273 4190  244 4099  200 3995  
  150 3914  106 3835   78 3751   58 3717    3 3670    0 3671            
L  1 9    4     9    31    218888899999     3                           
 746710000100001000010000 5073                                          
L  1 9    5     9    51    21 121488888     4                           
    0 3671    0    010000    010000 5073                                
L  1 9    6     9    51    418888899999     3                           
    0 3671    010000 169710000                                          
L  1 9    7     9    41    3188888 1214     2                           
 169710000 746710000                                                    
A  1 1214    1 7752 9510   1                                            
   -1                                                                   
A  199999    2 9383 7540   4                                            
    2    4    0    1                                                    
A  1 1214    3 4383 6848   4                                            
   -5   -3    7   -2                                                    
A  199999    4  143 6832   2                                            
    3    6                                                              
H1 2    0    4    0    0   21 0506 0506                                 
L  2 4    1     0    00    00              68                           
 7182    0 7187  145 7170  199 7138  244 7088  278 7033  286 6991  280  
 6872  232 6689  255 6615  246 6549  247 6489  276 6200  470 6163  762  
 6305  942 6292 1128 6079 1413 5964 1502 5632 1432 5490 1552 5344 2068  
 5347 2184 5566 2632 5543 2890 5684 3183 5731 3382 5750 3779 5859 3948  
 5953 4043 6191 4199 6232 4282 6250 4404 6320 4492 6504 4603 6494 4917  
 6398 5102 6227 5157 5867 5517 5867 5678 5999 5847 6020 5936 6025 6123  
 6173 6305 6138 6408 6059 6475 5694 6585 5452 6810 5518 6972 5526 7163  
 5604 7500 5352 7776 5316 7967 5366 8135 5356 8276 5255 8669 5279 8944  
 4817 9105 4101 8891 3913 8967 3616 9471 3309 9494 3119 9627 2976 9567  
 2768 9283 2457 9350 2126 9277 1953 9377 1261 9447                      
L  2 2    2     0    00    00              18                           
    0 3619    1 3621  124 3721  569 4911  636 5201  586 5335  433 5471  
  220 6089  227 6496  352 7046  588 7326  702 7606  731 8076  598 8236  
  655 8637  683 9097 1174 9310 1261 9447                                
L  2 2    3     0    00    00               4                           
 1261 9447 1361 9601 1721 9961 172510000                                
L  2 2    4     0    00    00              20                           
 742010000 7400 9778 7521 9563 7668 9414 7653 9070 7731 8845 7676 8474  
 7764 8067 7797 7592 8216 7008 8251 6862 8205 6527 8252 6345 8493 5905  
 8597 5822 8923 5901 9045 5851 9459 5532 9884 477310000 4690            
M 684127è@íJñ¶                3    5    7    5    1   58                
H2 1    5    6    5    0   48 0506 0506                                 
N  1 2    1 3854 2918 0 2    1   -1    0    0    0    0    0    0    0  
N  1 2    2 4244 2489 0 2    2   -2    0    0    0    0    0    0    0  
N  1 2    3 6298 2378 0 2    3   -3    0    0    0    0    0    0    0  
N  1 1    4 7467    0 1 3    4   -6   -5    0    0    0    0    0    0  
N  1 1    5 1697    0 1 3    6   -4    5    0    0    0    0    0    0  
L  1 5    1     0    10    10 121499999    22                           
 3854 2918 3816 2889 3820 2876 3834 2857 3822 2830 3830 2807 3829 2786  
 3852 2786 3854 2790 3873 2774 3883 2782 3894 2790 3890 2805 3915 2821  
 3908 2852 3911 2853 3904 2864 3890 2894 3881 2901 3867 2903 3867 2907  
 3854 2918                                                              
L  1 5    2     0    20    2099999 1214     8                           
 4244 2489 4273 2482 4277 2466 4285 2425 4252 2407 4235 2450 4235 2473  
 4244 2489                                                              
L  1 5    3     0    30    30 121499999     7                           
 6298 2378 6171 2350 6148 2360 6146 2349 6169 2340 6296 2363 6298 2378  
L  1 5    4     0    41    51 121499999   125                           
 7467    0 7480   29 7485   72 7471  161 7459  190 7462  282 7454  310  
 7435  349 7417  449 7400  497 7362  554 7343  598 7309  701 7275  759  
 7257  840 7246  929 7225  977 7198 1035 7161 1079 7101 1144 7007 1209  
 6902 1275 6873 1292 6853 1324 6816 1397 6816 1525 6766 1603 6660 1695  
 6558 1639 6478 1631 6462 1628 6406 1635 6372 1683 6316 1978 6266 1960  
 6275 1875 6089 1836 6089 1818 5991 1800 5989 1719 5905 1711 5831 2002  
 5798 2021 5786 1973 5710 1962 5692 2086 5780 2095 5783 2127 5708 2123  
 5697 2233 5800 2258 5791 2329 5636 2297 5531 2367 5483 2395 5425 2424  
 5364 2432 5303 2464 5242 2482 5148 2433 5087 2412 5066 2401 5034 2374  
 5005 2333 4953 2221 4792 2112 4751 2089 4707 2037 4676 1986 4639 1933  
 4603 1894 4565 1872 4438 1815 4326 1841 4267 1809 4223 1841 4165 1848  
 4126 1823 4095 1816 3979 1860 3906 1886 3851 1889 3676 1875 3532 1856  
 3501 1868 3466 1877 3376 1875 3341 1866 3318 1836 3259 1793 3211 1751  
 3167 1704 3139 1682 3093 1660 3035 1612 2994 1595 2957 1586 2813 1578  
 2726 1579 2637 1574 2627 1570 2596 1535 2491 1393 2441 1310 2398 1249  
 2311 1112 2276 1085 2265 1080 2159 1054 2091 1033 2064 1048 2024 1134  
 1857 1009 1796 1091 2017 1325 1993 1351 1701 1035 1816  887 1762  748  
 1735  553 1716  370 1733   97 1682   58 1702   25 1697    0            
L  1 9    5     9    51    418888899999     6                           
 1697    0    0    0    010000100001000010000    0 7467    0            
L  1 9    6     9    51    41 121488888     2                           
 1697    0 7467    0                                                    
A  1 1214    1 3869 2846   1                                            
   -1                                                                   
A  1 1214    2 4258 2448   1                                            
    2                                                                   
A  1 1214    3 6238 2358   1                                            
   -3                                                                   
A  199999    4 5000 4956   8                                            
    4    5    0    1    0   -2    0    3                                
A  1 1214    5 4669 1252   2                                            
   -6   -4                                                              
H1 2    0    1    0    0    5 0506 0506                                 
L  2 2    1     0    00    00              28                           
 1725    0 1791  734 1870  920 2304 1069 2620 1508 3014 1550 3280 1810  
 3898 1876 4274 1731 4592 1861 4758 2073 4954 2204 5104 2370 5252 2410  
 5410 2348 5517 2262 5612 2105 5746 1771 5826 1696 6099 1619 6276 1616  
 6602 1565 6683 1524 6835 1276 6994 1072 7338  528 7416  242 7420    0  
H1 7    0    0    0    1    2 0506 0506                                 
P  7 6    1 5244 2294 0 1                                               
01 3 5244 2294              00  è@íJñ¶                                  
