M 684200’m—ˆ•Ê                2    4    7    3    0   60                
H2 1    4    6    3    0   55 0506 0506                                 
N  1 2    1 4321 7996 0 3   -1   -2    3    0    0    0    0    0    0  
N  1 1    2    0 2751 1 3    1    5   -4    0    0    0    0    0    0  
N  1 1    310000 3432 1 3   -6    2    4    0    0    0    0    0    0  
N  1 1    4 302310000 1 3    6   -5   -3    0    0    0    0    0    0  
L  1 3    1     0    21    10 1214 1511   147                           
    0 2751   16 2757   91 2824  146 2867  276 2954  351 2994  403 2999  
  581 3007  653 3015  701 3004  758 3006  826 3022  896 3046  978 3092  
 1238 3167 1296 3178 1343 3199 1388 3207 1438 3196 1506 3199 1611 3214  
 1653 3228 1728 3271 1888 3333 2006 3397 2101 3445 2161 3499 2241 3561  
 2286 3585 2316 3618 2334 3664 2346 3720 2371 3807 2382 3877 2384 3931  
 2379 3974 2380 4077 2390 4182 2407 4234 2430 4282 2473 4353 2500 4415  
 2505 4469 2536 4515 2566 4550 2573 4582 2588 4623 2626 4658 2653 4674  
 2711 4687 2826 4673 2916 4651 3036 4675 3086 4680 3128 4691 3263 4756  
 3326 4780 3473 4793 3543 4803 3581 4828 3618 4833 3696 4881 3738 4903  
 3773 4916 3811 4938 3836 4957 3858 4992 3906 5100 3904 5113 3879 5146  
 3866 5167 3874 5208 3886 5246 3939 5351 3994 5416 3989 5445 3977 5470  
 3965 5486 3970 5513 3997 5540 4025 5575 4020 5618 4018 5718 4080 5745  
 4093 5775 4105 5872 4128 5923 4136 5967 4133 5996 4146 6007 4181 6012  
 4196 6029 4216 6066 4226 6099 4219 6123 4199 6145 4209 6172 4231 6164  
 4246 6177 4254 6207 4254 6247 4264 6364 4287 6472 4282 6534 4260 6577  
 4230 6615 4190 6685 4203 6718 4208 6756 4198 6783 4208 6821 4243 6864  
 4283 6893 4308 6936 4298 6969 4281 6996 4273 7018 4286 7037 4296 7039  
 4286 7066 4261 7083 4251 7110 4249 7139 4274 7193 4324 7239 4361 7231  
 4421 7225 4441 7233 4469 7271 4489 7290 4576 7325 4599 7352 4614 7398  
 4619 7446 4607 7506 4590 7557 4567 7595 4540 7628 4497 7658 4467 7690  
 4453 7739 4428 7771 4338 7828 4318 7850 4321 7918 4316 7964 4321 7996  
L  1 5    2     0    31    10 151199999    76                           
10000 3432 9982 3448 9883 3508 9828 3546 9770 3592 9633 3693 9534 3752  
 9394 3880 9354 3904 9307 3926 9252 3964 9187 4016 9140 4043 9110 4067  
 8975 4203 8871 4300 8793 4344 8709 4404 8649 4460 8459 4629 8352 4729  
 8258 4802 8220 4856 8131 4973 8088 5011 7999 5130 7892 5230 7827 5279  
 7764 5320 7744 5342 7709 5345 7677 5337 7659 5323 7632 5320 7587 5323  
 7547 5348 7378 5489 7313 5538 7196 5646 7163 5700 7126 5749 7069 5795  
 6994 5839 6874 5877 6802 5907 6744 5950 6642 6015 6552 6078 6482 6138  
 6380 6203 6340 6233 6295 6300 6118 6471 6071 6504 6019 6534 5969 6569  
 5919 6599 5867 6640 5854 6653 5769 6707 5704 6764 5665 6786 5472 6914  
 5270 7066 5186 7123 5093 7212 4966 7310 4944 7332 4832 7419 4719 7535  
 4645 7625 4595 7676 4572 7692 4438 7861 4331 7991 4321 7996            
L  1 5    3     0    10    41 121499999    25                           
 4321 7996 4283 8045 4229 8102 4176 8148 4124 8205 4082 8264 3977 8397  
 3895 8484 3850 8541 3795 8625 3720 8720 3591 8915 3576 8931 3544 8980  
 3509 9050 3486 9080 3412 9210 3310 9427 3262 9500 3208 9597 3165 9662  
 3121 9746 3046 9936 3039 9968 302310000                                
L  1 9    4     9    31    2188888 1511     4                           
10000 343210000    0    0    0    0 2751                                
L  1 9    5     9    21    4188888 1214     3                           
    0 2751    010000 302310000                                          
L  1 9    6     9    41    318888899999     3                           
 302310000100001000010000 3432                                          
A  1 1214    1 2132 6358   3                                            
   -1    5   -3                                                         
A  1 1511    2 5737 5374   3                                            
   -2    4    1                                                         
A  199999    3 7884 6708   3                                            
    3    6    2                                                         
H1 2    0    1    0    0    3 0506 0506                                 
L  2 2    1     0    00    00              12                           
 296210000 3732 8519 4293 7819 4600 7502 6024 6449 6416 6099 6797 5851  
 7040 5733 7512 5271 7900 5161 8417 457410000 3334                      
M 684201                      3    3   10    3    0   41                
H2 1    3    4    3    0   25 0506 0506                                 
N  1 2    1 3613 2984 0 2    1   -1    0    0    0    0    0    0    0  
N  1 1    2 4188    0 1 3    2    3   -4    0    0    0    0    0    0  
N  1 1    3    0 3432 1 3    4   -3   -2    0    0    0    0    0    0  
L  1 5    1     0    10    10 151199999    14                           
 3613 2984 3588 2976 3528 2938 3521 2930 3516 2914 3518 2890 3526 2881  
 3553 2889 3596 2919 3613 2935 3621 2957 3623 2976 3621 2981 3613 2984  
L  1 5    2     0    21    31 151199999    52                           
 4188    0 4160   25 3982  218 3845  470 3826  540 3971  694 3957  712  
 3782  533 3690  638 3736  688 3722  702 3674  652 3633  697 3613  678  
 3555  742 3562  749 3506  778 3424  810 3303  915 3175 1002 3106 1082  
 2942 1218 2905 1264 2738 1459 2334 1769 2254 1836 2192 1880 2157 1891  
 2077 1924 2015 1962 1935 2027 1738 2162 1683 2206 1631 2263 1566 2317  
 1379 2453 1309 2496 1167 2608 1092 2648 1035 2689  977 2741  858 2838  
  778 2890  721 2917  671 2947  553 3053  474 3118  386 3172  244 3297  
  142 3368   62 3408    0 3432                                          
L  1 9    3     9    21    3188888 1511     3                           
 4188    0    0    0    0 3432                                          
L  1 9    4     9    31    218888899999     5                           
    0 3432    010000100001000010000    0 4188    0                      
A  1 1511    1 3566 2932   1                                            
   -1                                                                   
A  199999    2 5000 4592   4                                            
    2    4    0    1                                                    
A  1 1511    3 1205 1710   2                                            
    3   -2                                                              
H1 2    0    5    0    0   10 0506 0506                                 
L  2 2    1     0    00    00               2                           
 3107  934 3334  689                                                    
L  2 3    2     0    00    00               4                           
 1648    0 2335  503 2729  589 3107  934                                
L  2 4    3     0    00    00               3                           
 3334  689 3405  763 3690  550                                          
L  2 2    4     0    00    00               5                           
 3334  689 3398  626 3545  576 3704  434 4032    0                      
L  2 2    5     0    00    00               6                           
    0 3334 1339 2354 1655 2048 2308 1662 2697 1371 3107  934            
H1 5    0    1    0    0    3 0506 0506                                 
L  5 1    1     0    00    00              14                           
 2942 1218 3238  835 3259  684 3206  522 3129  472 2994  391 2751  328  
 2669  285 2556  303 2159  390 1954  435 1789  400 1286  147  952    0  
M 684210•ô‰ª                  2    2    4    2    0   32                
H2 1    2    3    2    0   26 0506 0506                                 
N  1 1    1 3023    0 1 3    1    2   -3    0    0    0    0    0    0  
N  1 1    2    0 5073 1 3    3   -2   -1    0    0    0    0    0    0  
L  1 5    1     0    11    21 121499999   104                           
 3023    0 3024   11 3024   24 3021   44 3013   88 2995  126 2981  157  
 2960  187 2948  206 2939  245 2926  300 2909  370 2897  431 2889  485  
 2887  537 2888  589 2885  621 2876  675 2873  709 2882  713 2911  716  
 2926  792 2926  817 2953  869 3000  912 3000  963 3011 1006 3085 1099  
 3104 1226 3116 1259 3133 1283 3135 1310 3128 1332 3128 1350 3159 1376  
 3161 1398 3127 1390 3096 1376 3067 1369 3040 1395 2949 1512 2908 1554  
 2843 1578 2701 1604 2630 1652 2338 1974 2278 2052 2235 2127 2210 2194  
 2180 2291 2123 2606 2126 2663 2149 2724 2213 2806 2231 2844 2207 3045  
 2208 3109 2226 3189 2219 3280 2183 3414 2154 3468 2110 3513 2012 3602  
 1987 3662 1980 3718 1981 3741 1970 3803 1882 3975 1834 4090 1813 4162  
 1786 4213 1749 4236 1675 4256 1651 4268 1546 4336 1479 4364 1404 4371  
 1225 4366 1165 4375 1102 4402 1063 4432 1050 4447 1013 4476  939 4506  
  908 4541  870 4646  854 4666  805 4710  765 4765  740 4792  720 4806  
  682 4859  656 4913  640 4933  597 4966  529 4980  477 4971  341 4921  
  328 4920  249 4932  120 5005   55 5038    8 5070    0 5073            
L  1 9    2     9    11    2188888 1214     3                           
 3023    0    0    0    0 5073                                          
L  1 9    3     9    21    118888899999     5                           
    0 5073    010000100001000010000    0 3023    0                      
A  199999    1 6062 2606   2                                            
    1    3                                                              
A  1 1214    2 1062 2606   2                                            
    2   -1                                                              
H1 2    0    1    0    0    4 0506 0506                                 
L  2 2    1     0    00    00              20                           
    0 4690  278 4449  542 4099 1134 3692 1130 3449 1251 3331 1208 3182  
 1272 3074 1231 2782 1408 2508 1454 2245 1642 1685 1701 1040 1852  853  
 2038  848 2219  774 2623  813 2750  625 2958    8 2962    0            
