M 523676            2    0    2    0    0   12                
H1 1    0    1    0    0    3 0101 0101                                 
L  1 9    1     9    52    02               5                           
10000    01000010000    010000    0    010000    0                      
H1 2    0    1    0    0    8 0101 0101                                 
L  2 2    1     0   420    00              42                           
 2564  262 2576  655 2576  754 2595 1038 2706 2443 2722 2674 2726 3496  
 2716 3861 2713 3977 2633 4450 2616 4541 2535 4965 2421 5251 2242 5743  
 2186 5893 2147 6034 2134 6155 2130 6313 2127 6463 2119 6504 2092 6554  
 2121 6573 2129 6598 2166 6857 2183 6889 2214 7011 2254 7152 2311 7293  
 2436 7622 2474 7697 2498 7776 2534 7882 2572 8070 2583 8218 2586 8382  
 2592 9294 2597 9478 2612 9602 2642 9702 2702 9811 2768 9896 2841 9956  
