M 533677            2    0    2    0    0   14                
H1 1    0    1    0    0    3 0101 0101                                 
L  1 9    1     9    52    02               5                           
10000    01000010000    010000    0    010000    0                      
H1 2    0    1    0    0   10 0101 0101                                 
L  2 2    1     0   530    02              53                           
   56  551  107  652  178  729  364  904  454 1032  527 1209  547 1354  
  562 1654  573 1783  599 1886  635 1962  654 2003  676 1994  709 1957  
  714 1912  692 1882  659 1892  592 1963  565 2001  551 2042  562 2069  
  587 2099  642 2147  739 2228  745 2242  748 2300  770 2378  773 2456  
  753 2500  712 2524  656 2524  612 2476  545 2368  506 2344  431 2330  
  334 2354  293 2408  293 2493  315 2541  351 2568  420 2588  477 2603  
  535 2648  633 2812  658 2919  647 3118  622 3229  522 3351  361 3167  
  263 3118  118 3145   71 3114    0 3149  
