M 533900            2    0    3    0    0   19                
H1 1    0    1    0    0    3 0101 0101                                 
L  1 9    1     9    52    02               5                           
10000    01000010000    010000    0    010000    0                      
H1 2    0    2    0    0   15 0101 0101                                 
L  2 2    1     0   692    02              69                           
 369610000 3693 9972 3653 9770 3601 9745 3480 9761 3458 9631 3425 9530  
 3433 9462 3662 9343 3697 9298 3703 9124 3749 9077 3865 8898 3954 8863  
 3993 8813 4195 8516 4236 8452 4270 8335 4244 8293 4140 8307 4080 8307  
 4007 8204 3993 8099 4035 7974 3951 7848 3933 7714 3957 7603 3903 7350  
 3866 7278 3718 7218 3470 6838 3196 6658 3162 6449 3285 6410 3343 6190  
 3192 6052 3088 5822 3064 5558 3018 5436 2842 5350 2758 5184 2754 4982  
 2860 4790 2864 4541 2802 4457 2799 4303 2814 4215 2792 4122 2518 4257  
 2382 4241 2131 4163 2010 4039 1985 3875 1951 3838 1817 3693 1729 3599  
 1693 3503 1682 3366 1708 3165 1635 3075 1019 2605  861 2545  838 2566  
  786 2563  653 2732  510 2848  416 2975  251 3038    0 2998            
L  2 2    2     0    82    02               8                           
    0  536   74  464  106  353  151  298  163  227  231  196  282   54  
  330    0                                                              
M 533903            2    0    2    0    0   11                
H1 1    0    1    0    0    3 0101 0101                                 
L  1 9    1     9    52    02               5                           
10000    01000010000    010000    0    010000    0                      
H1 2    0    1    0    0    7 0101 0101                                 
L  2 2    1     0   302    02              30                           
 778110000 7829 9462 7834 8540 7816 7830 7814 7738 7854 7375 7866 7271  
 7991 6717 8141 6054 8171 5924 8356 5112 8552 4119 8565 3240 8566 3166  
 8559 3070 8492 2129 8524 1992 8531 1703 8526 1320 8563 1112 8652  862  
 8822  686 9003  515 9062  493 9197  442 9235  436 9360  418 9473  416  
 9497  260 9463    0                                                    
M 533907            2    0    2    0    0   14                
H1 1    0    1    0    0    3 0101 0101                                 
L  1 9    1     9    52    02               5                           
10000    01000010000    010000    0    010000    0                      
H1 2    0    1    0    0   10 0101 0101                                 
L  2 2    1     0   522    02              52                           
 556310000 6371 9458 6732 9192 6980 8976 7156 8768 7251 8622 7523 8058  
 7598 7832 7684 7435 7650 7396 7544 7083 7501 7025 7354 6921 7338 6876  
 7331 6775 7406 6548 7419 6361 7372 6204 7220 6032 7185 5846 7091 5388  
 6974 4945 6648 4653 6883 4497 7003 4418 6688 3901 6697 3346 6970 2924  
 7161 2820 7503 2207 7628 2013 7838 1791 8006 1751 8187 1626 8288 1441  
 8355 1342 8342 1314 8373 1071 8464  914 8509  883 8727  844 8997  536  
 9121  370 9189  358 9319  399 9465  353 9507  306 9644   85 9688   55  
 9884   27 9953    4 9960    0                                          
M 533910            2    0    2    0    0   16                
H1 1    0    1    0    0    3 0101 0101                                 
L  1 9    1     9    52    02               5                           
10000    01000010000    010000    0    010000    0                      
H1 2    0    1    0    0   12 0101 0101                                 
L  2 2    1     0   652    02              65                           
 736110000 7343 9971 7180 9916 7136 9752 6869 9641 6661 9424 6617 9279  
 6380 9169 6454 8914 6454 8696 6394 8641 6365 8368 6216 8240 6142 8313  
 6039 8240 5816 8167 5742 8258 5579 8240 5579 8167 5452 8029 5329 7894  
 5373 7657 5534 7511 5593 7132 5598 7037 5608 6869 5465 6394 5300 6270  
 5254 6112 5372 5486 5149 5173 5278 4629 4855 4480 4784 4440 4633 4402  
 4549 4247 4473 4198 4431 4184 4310 4056 4326 4009 4418 3891 4413 3849  
 4279 3876 4187 3790 4170 3748 4199 3659 4190 3617 4007 3322 4054 3174  
 4162 3152 4198 3050 4198 2921 4156 2812 3993 2716 3965 2577 3768 2113  
 3814 1716 3726 1445 3785 1244 3770  971 3679  752 3616  170 3671   49  
 3697   10 3696    0                                                    
M 533913            2    0    2    0    0   10                
H1 1    0    1    0    0    3 0101 0101                                 
L  1 9    1     9    52    02               5                           
10000    01000010000    010000    0    010000    0                      
H1 2    0    1    0    0    6 0101 0101                                 
L  2 2    1     0   222    02              22                           
 786510000 7658 9646 7547 9253 7499 9106 7424 8873 7319 8498 7349 8164  
 7355 8092 7523 6198 7534 5792 7566 5568 7620 5186 7645 5043 7603 4054  
 7616 3903 7672 3788 7660 3546 7603 1764 7688 1380 7701 1260 7700  918  
 7781    0                                                              
M 533916            2    0    2    0    0    7                
H1 1    0    1    0    0    3 0101 0101                                 
L  1 9    1     9    52    02               5                           
10000    01000010000    010000    0    010000    0                      
H1 2    0    1    0    0    3 0101 0101                                 
L  2 2    1     0    52    02               5                           
 562110000 7029 8561 8644 6904 9441 608910000 5534                      
M 533917            2    0    2    0    0    9                
H1 1    0    1    0    0    3 0101 0101                                 
L  1 9    1     9    52    02               5                           
10000    01000010000    010000    0    010000    0                      
H1 2    0    1    0    0    5 0101 0101                                 
L  2 2    1     0   152    02              15                           
    0 5534  344 5193  608 4931 3176 2312 3648 1966 3690 1982 3749 1969  
 3819 1925 3900 1825 4066 1668 4244 1443 4687  825 5018  425 5201  243  
 5563    0                                                              
M 533920            2    0    2    0    0   15                
H1 1    0    1    0    0    3 0101 0101                                 
L  1 9    1     9    52    02               5                           
10000    01000010000    010000    0    010000    0                      
H1 2    0    1    0    0   11 0101 0101                                 
L  2 2    1     0   612    02              61                           
10000 4304 9964 4303 9879 4256 9791 4313 9769 4392 9732 4385 9656 4338  
 9623 4247 9522 4322 9484 4290 9444 3984 9378 4040 9314 3943 9308 3828  
 9218 3730 9276 3668 9218 3634 9281 3515 9212 3546 9153 3465 9108 3314  
 9081 3368 9056 3382 8948 3367 8865 3443 8820 3307 8841 3228 8838 3102  
 8932 3027 8894 2996 8878 2900 8822 2810 8730 2708 8747 2662 8792 2642  
 8804 2605 8790 2576 8726 2596 8622 2570 8526 2572 8479 2484 8408 2453  
 8385 2376 8314 2319 8273 2265 8127 1962 7889 1645 7904 1514 8008 1518  
 7970 1422 8044 1110 8025  875 8173  790 8167  637 7848  255 7646  143  
 7604  210 7514  222 7485  144 7444  130 7361    0                      
M 533921            2    0    2    0    0   21                
H1 1    0    1    0    0    3 0101 0101                                 
L  1 9    1     9    52    02               5                           
10000    01000010000    010000    0    010000    0                      
H1 2    0    1    0    0   17 0101 0101                                 
L  2 2    1     0   992    02              99                           
 879210000 8645 9609 8773 9356 8653 9306 8436 8921 8349 8911 8226 8840  
 7827 7675 7465 7449 7237 7403 7182 7375 6950 7327 6900 7182 6842 7144  
 6814 7149 6778 7260 6648 7276 6286 7388 5522 7339 5086 7087 5039 7044  
 4957 6952 4913 6924 4680 6907 4430 6852 4225 6624 3986 6463 3677 6384  
 3661 6289 3478 6203 3407 6087 3259 6029 2898 6029 2770 5885 2590 5752  
 2578 5631 2506 5666 2444 5464 2391 5528 2266 5530 2183 5413 2142 5420  
 2068 5491 1955 5518 1667 5313 1646 5279 1649 5249 1611 5173 1579 5057  
 1532 4997 1478 4968 1424 4989 1379 4959 1371 4906 1342 4883 1295 4877  
 1263 4740 1281 4673 1255 4647 1163 4673 1102 4787  889 4855  850 4918  
  780 4917  787 5059  701 5008  696 5058  715 5090  698 5107  571 5048  
  531 4982  519 4933  528 4885  556 4832  543 4711  602 4587  586 4540  
  566 4544  556 4589  527 4576  462 4595  411 4526  356 4521  310 4469  
  314 4307  283 4317  253 4397  234 4381  207 4298  209 4193  184 4138  
  184 4053  164 4049  134 4083   98 4099   83 4289   58 4323   27 4305  
    0 4304                                                              
M 533922            2    0    2    0    0    8                
H1 1    0    1    0    0    3 0101 0101                                 
L  1 9    1     9    52    02               5                           
10000    01000010000    010000    0    010000    0                      
H1 2    0    1    0    0    4 0101 0101                                 
L  2 2    1     0   132    02              13                           
 305010000 2824 9870 2753 9950 2668 9992 2354 9936 2155 9797 1877 9876  
 1218 9554 1103 9590  911 9651  814 9709  704 9818  55610000            
M 533923            2    0    2    0    0   13                
H1 1    0    1    0    0    3 0101 0101                                 
L  1 9    1     9    52    02               5                           
10000    01000010000    010000    0    010000    0                      
H1 2    0    1    0    0    9 0101 0101                                 
L  2 2    1     0   432    02              43                           
 185410000 1832 9913 2194 9785 2486 9655 2642 9348 2828 9205 3059 9026  
 3139 8993 3243 8957 3352 8860 3566 8682 3778 8535 3812 8489 4086 7745  
 4202 7545 4651 6770 4904 6574 5460 5860 5626 5554 5744 5338 5840 5160  
 5989 4886 6046 4817 6124 4711 6243 4548 6281 4502 6330 4442 6399 4366  
 6495 4281 6548 4234 6685 4059 6825 3883 6896 3811 6994 3711 7126 3557  
 7254 3164 7924 2157 7988 2060 8075 1742 8334 1045 8422  950 8299  742  
 7865    0                                                              
M 533925            2    0    2    0    0   14                
H1 1    0    1    0    0    3 0101 0101                                 
L  1 9    1     9    52    02               5                           
10000    01000010000    010000    0    010000    0                      
H1 2    0    1    0    0   10 0101 0101                                 
L  2 2    1     0   532    02              53                           
  81610000  870 9942 1213 9751 1353 9571 1549 9431 1659 9243 2100 8897  
 2305 8857 2607 8841 2705 8623 2932 8422 3066 8180 3501 7435 3671 7203  
 3725 7112 3826 6940 3984 6616 4009 6565 4081 6178 4131 6137 4603 5969  
 4664 5947 4752 5738 4849 5508 4970 5329 5072 5180 5156 5131 5401 4990  
 5556 4900 5743 4766 6015 4437 6079 4208 6215 4107 6642 3789 6879 3710  
 7310 3715 7359 3709 7460 3672 7566 3569 7654 3531 7752 3537 7882 3608  
 7999 3753 8105 3817 8241 3855 8334 3844 8379 3860 8475 4006 8524 4033  
 8860 4050 9545 4087 9821 406610000 4084                                
M 533926            2    0    2    0    0    8                
H1 1    0    1    0    0    3 0101 0101                                 
L  1 9    1     9    52    02               5                           
10000    01000010000    010000    0    010000    0                      
H1 2    0    1    0    0    4 0101 0101                                 
L  2 2    1     0   142    02              14                           
    0 4084  336 4117  792 4179  938 4142 1100 4025 1257 3875 2509 2764  
 3538 1870 3637 1804 3719 1765 3836 1697 4017 1592 4228 1423 5621    0  
M 533930            2    0    2    0    0   18                
H1 1    0    1    0    0    3 0101 0101                                 
L  1 9    1     9    52    02               5                           
10000    01000010000    010000    0    010000    0                      
H1 2    0    1    0    0   14 0101 0101                                 
L  2 2    1     0   782    02              78                           
10000 4253 9990 4251 9683 4186 9680 4151 9661 4120 9581 4057 9408 3919  
 9355 3865 9439 3872 9499 3930 9539 3941 9713 4052 9785 4068 9803 4004  
 9689 3937 9719 3776 9397 3622 9250 3597 9143 3607 9048 3648 9005 3759  
 9001 3872 8980 4022 8925 4089 8828 4099 8856 3825 8716 3499 8713 3414  
 8672 3385 8590 3394 8391 3522 8200 3600 8121 3666 8039 3696 7993 3747  
 7886 3761 7775 3763 7698 3693 7598 3704 7555 3607 7206 3315 6968 3203  
 6738 3177 6297 3366 6124 3380 5863 3296 5818 3233 5606 3151 5466 3124  
 5234 2853 4812 2423 4430 2356 3770 1888 3402 2023 3224 2328 3030 2551  
 2872 2586 2658 2474 2644 2358 2364 2118 2256 2135 2182 2123 2161 2085  
 2182 1994 2097 1920 1982 1903 1831 2104 1650 2152 1474 2298 1342 2481  
 1259 2518 1194 2615  780 2694  619 2657  512 2657  193 2685   56 2830  
    0 2844                                                              
M 533931            2    0    3    0    0   27                
H1 1    0    1    0    0    3 0101 0101                                 
L  1 9    1     9    52    02               5                           
10000    01000010000    010000    0    010000    0                      
H1 2    0    2    0    0   23 0101 0101                                 
L  2 2    1     0    52    02               5                           
10000  341 9738  215 9591  109 8851  213 8792    0                      
L  2 2    2     0  1272    02             127                           
10000 3577 9536 3538 9457 3701 9454 3842 9276 3924 9227 4053 9138 4096  
 8979 3996 8765 3914 8696 3982 8631 4110 8534 4139 8491 4124 8450 4055  
 8307 4047 8280 4119 8243 4129 8204 4051 8089 4073 8006 4164 7974 4151  
 8011 3999 7967 3921 7984 3783 7965 3759 7945 3764 7906 3853 7867 3895  
 7843 3850 7852 3762 7836 3626 7889 3420 7865 3402 7778 3434 7746 3577  
 7728 3647 7693 3690 7637 3691 7634 3490 7606 3423 7562 3421 7523 3509  
 7477 3551 7467 3652 7414 3735 7279 3676 7151 3913 7082 3980 6833 4036  
 6709 4127 6681 4129 6591 4258 6533 4457 6542 4553 6522 4612 6441 4562  
 6411 4353 6398 4337 6306 4203 6050 4033 5968 3864 5985 3870 6001 3883  
 6009 3902 6004 3941 5993 3957 5977 3967 5954 3967 5933 3948 5901 3909  
 5869 3870 5837 3863 5816 3876 5800 3909 5790 3941 5779 3993 5793 4032  
 5824 4100 5957 4250 5854 4164 5808 4103 5736 4001 5679 3935 5597 3866  
 5517 3815 5369 3784 5261 3772 5159 3779 5067 3815 4863 3961 4556 4153  
 4067 4351 3978 4363 3896 4357 3785 4314 3732 4272 3677 4220 3632 4146  
 3484 3868 3452 3808 3344 3650 3273 3581 3191 3532 3085 3503 2913 3512  
 2829 3532 2660 3594 2533 3626 2402 3617 2346 3604 2211 3594 2124 3614  
 1952 3685 1773 3730 1730 3754 1688 3787 1553 4010 1493 4063 1414 4099  
 1107 4134 1017 4157  843 4232  751 4271  583 4314  436 4322  307 4306  
    0 4253                                                              
M 533932            2    0    5    0    0   32                
H1 1    0    1    0    0    3 0101 0101                                 
L  1 9    1     9    52    02               5                           
10000    01000010000    010000    0    010000    0                      
H1 2    0    4    0    0   28 0101 0101                                 
L  2 2    1     0   782    02              78                           
10000 9512 9628 9443 9384 9546 8816 9225 8683 9155 8584 9116 8508 9113  
 8524 8974 8573 8882 8759 8618 8787 8516 8791 8432 8773 8340 8512 7913  
 8391 7714 8417 7433 8465 7162 8531 6882 8532 6813 8526 6789 8470 6617  
 8436 6498 8418 6425 8376 6236 8339 6140 8106 5696 8093 5654 8083 5610  
 8080 5568 8083 5523 8159 5205 8164 5156 8167 5083 8161 5027 8140 4954  
 8012 4633 8004 4609 7977 4531 7931 4356 7877 3960 7858 3901 7823 3838  
 7772 3778 7653 3630 7616 3580 7573 3502 7546 3401 7501 3100 7471 2943  
 7356 2544 7333 2447 7324 2382 7320 2314 7228 2321 6915 2159 6875 2152  
 6523 2146 6420 2175 5906 2399 5514 2287 5461 2022 5478 1842 5372 1756  
 5310 1338 4664 1152 4493  920 4459  898 4324  908 4293  829 4281  747  
 4248  687 4195  646 3817  601 3595  537 3513  531 3341  517 3131  174  
 3050    0                                                              
L  2 2    2     0    62    02               6                           
  556    0  408  153  159  322  118  383   57  368    0  341            
L  2 2    3     0    82    02               8                           
10000 9512 9628 9443 9384 9546 8816 9225 8848 9481 8564 9467 8564 9657  
 851210000                                                              
L  2 2    4     0   552    02              55                           
10000 9512 9628 9443 9384 9546 8816 9225 8683 9155 8584 9116 8508 9113  
 8268 9083 8126 9070 8054 8958 7972 8830 7926 8760 7722 8764 7406 8790  
 7223 8803 7098 8799 6937 8808 6862 8817 6558 8856 6306 8880 6117 8904  
 5854 8917 5760 8917 5726 8917 5314 8620 4923 8317 4754 8186 4351 7874  
 3910 7441 3665 7325 3058 7005 2981 6955 2773 6756 2662 6708 2186 6590  
 2088 6470 1959 6285 1900 5968 1901 5801 1927 5560 1908 5487 1824 5324  
 1779 5106 1604 4935 1401 4856 1361 4786 1366 4374 1254 4124 1249 3784  
 1205 3758 1075 3869  606 3932  540 3894  371 3638    0 3577            
M 533933            2    0    4    0    0   25                
H1 1    0    1    0    0    3 0101 0101                                 
L  1 9    1     9    52    02               5                           
10000    01000010000    010000    0    010000    0                      
H1 2    0    3    0    0   21 0101 0101                                 
L  2 2    1     0   500    02              50                           
  442 9687  566 9399  644 9003  686 8940  462 8639  346 8617  604 8142  
  706 7800  911 7535  992 7253 1076 7026 1477 7101 1864 6861 1833 6739  
 1775 6642 1754 6440 1781 6238 1754 6167 1627 6050 1602 5838 1707 5710  
 2183 5209 2169 4998 2089 4974 2140 4771 2176 4587 2171 4381 1980 3672  
 2144 3127 2184 3046 2290 2928 2395 2744 2348 2564 2267 2495 2288 2304  
 2302 2249 2260 2188 2268 2117 2229 2038 2286 1974 2290 1672 2242 1627  
 2262 1566 2147 1354 2065 1097 1995  796 2007  596 1937  224 1878   95  
 1854    0                                                              
L  2 2    2     0    20    02               2                           
  442 9687  28210000                                                    
L  2 2    3     0   510    02              51                           
  442 9687  566 9399  644 9003  686 8940  462 8639  626 8600  722 8652  
  806 8438  875 8418 1117 8548 1272 8659 1322 8778 1459 8976 1654 9067  
 2008 9370 2541 9560 2864 9464 2795 9280 2795 9198 2872 9248 3124 9151  
 3201 8917 3380 8738 3477 8702 3641 8703 3972 8728 4068 8701 4495 8468  
 4725 8463 4920 8345 5048 8180 5153 7941 5260 7815 5972 7644 6272 7563  
 6532 7466 6879 7056 7156 6896 7298 6526 7384 6486 7462 6503 7616 6630  
 7668 6820 8137 7186 8299 7189 8512 7146 8663 7280 8852 7242 9595 7458  
 9648 742810000 7100                                                    
M 533934            2    0    2    0    0   12                
H1 1    0    1    0    0    3 0101 0101                                 
L  1 9    1     9    52    02               5                           
10000    01000010000    010000    0    010000    0                      
H1 2    0    1    0    0    8 0101 0101                                 
L  2 2    1     0   362    02              36                           
    0 7100  577 6728  958 6702 1620 6656 1845 6505 2120 6240 2266 6039  
 2575 5797 2664 5705 2698 5643 2998 5457 3457 5006 3522 4943 3892 4474  
 4407 4144 4428 4111 4539 4001 4910 3758 5214 3578 5816 3134 6112 2856  
 6369 2825 6869 2764 7160 2754 7742 2926 7916 2654 8162 2273 8456 2023  
 8604 1872 8725 1782 8866 1752 8996 1737 9152 1692 9234 1602 9331 1464  
10000  690                                                              
M 533935            2    0    2    0    0    7                
H1 1    0    1    0    0    3 0101 0101                                 
L  1 9    1     9    52    02               5                           
10000    01000010000    010000    0    010000    0                      
H1 2    0    1    0    0    3 0101 0101                                 
L  2 2    1     0    52    02               5                           
    0  690   92  583  411  332  731   92  816    0                      
M 533942            2    0    2    0    0   12                
H1 1    0    1    0    0    3 0101 0101                                 
L  1 9    1     9    52    02               5                           
10000    01000010000    010000    0    010000    0                      
H1 2    0    1    0    0    8 0101 0101                                 
L  2 2    1     0   382    02              38                           
 8512    0 8499   87 8522  340 8603  616 8642  792 8555 1278 8504 1335  
 8206 1592 8071 1810 8018 1883 8077 1988 8059 2339 8125 2605 8123 2675  
 8096 2743 7906 2939 7883 3007 8167 4076 8238 4316 7781 4650 7647 4745  
 7564 4846 7328 5300 7118 5717 7098 5791 7087 5997 7032 6961 6978 7280  
 6728 7586 6631 7704 6523 7992 6396 8316 6365 8394 6278 8540 6168 9003  
 6147 9089 5896 9441 559710000                                          
M 533943            2    0    4    0    0   26                
H1 1    0    1    0    0    3 0101 0101                                 
L  1 9    1     9    52    02               5                           
10000    01000010000    010000    0    010000    0                      
H1 2    0    3    0    0   22 0101 0101                                 
L  2 2    1     0   362    02              36                           
  282    0  244   74  868  396  955  441 1098  546 1141  661 1190  793  
 1259  908 1624 1149 1746 1168 2312 1010 2492  908 2625  915 3097 1201  
 3164 1352 3452 2026 3578 1891 3778 1754 4232 1619 4522 1532 4904 1486  
 5323 1435 5676 1376 5829 1266 5980 1546 6017 1534 6339 1519 6445 1852  
 7005 1767 7020 1919 7349 2054 7631 2124 7827 2155 8632 2272 9542 2164  
10000 2360                                                              
L  2 2    2     0   392    02              39                           
  282    0  244   74  868  396  955  441 1098  546 1141  661 1190  793  
 1259  908 1624 1149 1746 1168 2312 1010 2492  908 2625  915 3097 1201  
 3164 1352 3452 2026 3623 2502 3676 2648 3811 3023 3793 3166 3713 3468  
 3699 3521 3669 3634 3907 3948 3764 4207 3951 4409 4018 4481 3998 5352  
 3700 6200 3712 6364 3700 7176 3636 7890 3613 8082 3553 8594 3538 8718  
 3527 9040 3398 9290 3272 9509 329910000                                
L  2 2    3     0   402    02              40                           
  282    0  244   74  868  396  955  441 1098  546 1141  661 1190  793  
 1259  908 1624 1149 1746 1168 2312 1010 2492  908 2625  915 3097 1201  
 3164 1352 3452 2026 3623 2502 3676 2648 3811 3023 4157 3023 4336 3023  
 4628 3044 4634 3174 4597 3769 4590 3890 4848 3871 5222 4043 5515 4229  
 5697 4285 6001 4456 6141 4628 6726 5100 7053 5258 7560 5384 7464 5689  
 8114 5756 8532 5636 9289 5418 9983 525210000 5248                      
M 533944            2    0    3    0    0   18                
H1 1    0    1    0    0    3 0101 0101                                 
L  1 9    1     9    52    02               5                           
10000    01000010000    010000    0    010000    0                      
H1 2    0    2    0    0   14 0101 0101                                 
L  2 2    1     0   332    02              33                           
    0 2360  127 2362  320 2347  903 2336 1794 2097 2048 1934 2605 1473  
 2715 1427 2952 1402 3347 1572 4206 1678 4916 1680 5712 1563 5926 1515  
 5964 1622 6215 1834 6387 1921 6614 2132 6780 2174 6822 2081 6975 1900  
 7173 1882 7311 1921 7470 1869 7539 1921 7899 2045 8294 2134 8604 2204  
 8934 2198 9340 2035 9525 1994 9776 197410000 1901                      
L  2 2    2     0   372    02              37                           
    0 5248  352 5159  900 5156 1980 5159 2325 5132 2511 5129 2838 5110  
 3229 4947 3263 4958 3567 5189 3585 5203 3775 5328 4188 5612 4210 5591  
 4277 5643 4644 6078 4846 6176 5132 6242 5477 6369 5747 6379 6091 6379  
 6787 6399 7057 6333 7251 6240 7290 6307 7401 6333 7545 6397 7952 6578  
 8226 6643 8223 6691 8397 6702 8623 6840 8953 6989 9023 7041 9484 7224  
 9658 731110000 7434                                                    
M 533945            2    0    3    0    0   19                
H1 1    0    1    0    0    3 0101 0101                                 
L  1 9    1     9    52    02               5                           
10000    01000010000    010000    0    010000    0                      
H1 2    0    2    0    0   15 0101 0101                                 
L  2 2    1     0   532    02              53                           
    0 1901  480 1746  642 1627 1160 1244 1725 1430 1765 1445 2082 1550  
 2328 1510 2428 1510 2536 1554 2810 1612 2896 1627 3639 1959 3794 1958  
 4078 1988 4227 2004 4523 2119 4844 2280 5244 2539 5370 2618 5487 2645  
 5601 2670 5707 2697 5817 2724 5867 2858 6024 2793 6050 2816 6111 2839  
 6191 2852 6283 2853 6375 2842 6728 2700 6825 2656 7073 2589 7376 2556  
 7425 2567 7516 2577 7631 2557 7928 2669 8004 2698 8154 2694 8281 2677  
 8360 2665 8482 2580 8710 2554 8863 2567 8968 2620 9044 2658 9092 2641  
 9134 2548 9359 2651 9975 293110000 2943                                
L  2 2    2     0   252    02              25                           
    0 7434  272 7532  501 7647  567 7673  648 7705  697 7772 1322 7958  
 1628 8023 1787 8023 1882 7984 2210 8010 2262 8038 2365 8057 2724 8121  
 2839 8160 2936 8193 2999 8178 3121 8188 3566 8225 3706 8480 3730 8524  
 4043 8864 4242 9080 4661 9537 508610000                                
M 533946            2    0    2    0    0   12                
H1 1    0    1    0    0    3 0101 0101                                 
L  1 9    1     9    52    02               5                           
10000    01000010000    010000    0    010000    0                      
H1 2    0    1    0    0    8 0101 0101                                 
L  2 2    1     0   372    02              37                           
    0 2943  123 3000  183 3027  373 3072  552 3115  914 3134 1098 3143  
 1121 3121 1296 2951 1357 2934 1485 2974 1657 3065 1762 3121 1894 3110  
 2271 3083 2385 3079 2654 3068 2828 3045 2865 3037 3016 3006 3401 2920  
 4071 2957 4700 3020 5461 3092 5659 3121 5793 3159 6308 3211 6976 3259  
 7687 3314 7891 3380 8022 3437 8192 3511 8555 3670 9158 3818 9478 3931  
 9693 400610000 3997                                                    
M 533947            2    0    3    0    0   14                
H1 1    0    1    0    0    3 0101 0101                                 
L  1 9    1     9    52    02               5                           
10000    01000010000    010000    0    010000    0                      
H1 2    0    2    0    0   10 0101 0101                                 
L  2 2    1     0   372    02              37                           
    0 3997  171 3980  616 3936  782 3919 1737 3830 1968 3808 2037 3808  
 2106 3766 2243 3838 2550 3989 2765 4103 2940 4197 2966 4213 2999 4254  
 3169 4387 3229 4459 3267 4492 3494 4678 3705 4866 3798 4914 3822 5252  
 4094 5784 4204 5999 4388 6359 4474 6321 4562 6442 4622 6896 4905 6935  
 5157 7158 5244 7236 5735 7536 6308 8023 6436 8259 6811 9111 6892 9317  
 7162 9740 744010000                                                    
L  2 2    2     0    52    02               5                           
 934710000 9383 9984 9547 9783 9746 976910000 9565                      
M 533951            2    0    4    0    0   12                
H1 1    0    1    0    0    3 0101 0101                                 
L  1 9    1     9    52    02               5                           
10000    01000010000    010000    0    010000    0                      
H1 2    0    3    0    0    8 0101 0101                                 
L  2 2    1     0    62    02               6                           
10000 7665 9864 7794 9830 7828 9841 7888 9928 793710000 8058            
L  2 2    2     0   142    02              14                           
10000 8609 9999 8610 9772 8737 9747 8836 9662 8953 9511 8997 9344 9192  
 8990 9409 8942 9589 8564 9357 8340 9451 8245 9586 8036 9591 766110000  
L  2 2    3     0    72    02               7                           
 708110000 6977 9906 6887 9896 6678 9956 6613 9940 6563 9960 654910000  
M 533952            2    0    3    0    0   14                
H1 1    0    1    0    0    3 0101 0101                                 
L  1 9    1     9    52    02               5                           
10000    01000010000    010000    0    010000    0                      
H1 2    0    2    0    0   10 0101 0101                                 
L  2 2    1     0   422    02              42                           
 5597    0 5510  197 5383  398 5082  968 4933 1600 4814 1725 4456 2348  
 4350 2509 4270 2589 3968 2871 3887 2912 3650 2994 3324 3272 2915 3620  
 2666 3831 2447 4017 2365 4090 2246 4136 2212 4163 1936 4275 1861 4382  
 1794 4366 1779 4500 1919 4534 1904 4913 1862 5095 1757 5248 1533 5572  
 1499 5648 1467 5845 1502 6045 1422 6341 1004 6835  983 6911  961 6985  
  902 7029  723 7097  686 7176  495 7268  339 7370  274 7405    0 7665  
L  2 2    2     0    52    02               5                           
    0 8058   19 8255  135 8431   54 8559    0 8609                      
M 533953            2    0    2    0    0   12                
H1 1    0    1    0    0    3 0101 0101                                 
L  1 9    1     9    52    02               5                           
10000    01000010000    010000    0    010000    0                      
H1 2    0    1    0    0    8 0101 0101                                 
L  2 2    1     0   402    02              40                           
 3299    0 3258  261 3289  346 3458  280 3495  458 3410  596 3453  717  
 3530  751 3594  811 3615 1053 3636 1364 3643 1504 3574 1771 3696 2080  
 4068 2630 4185 2714 4276 2848 4344 2948 4334 3591 4498 4107 4471 4289  
 4510 4588 4592 4888 4733 5105 4767 5158 5036 5690 5188 6177 5247 6305  
 5331 6438 5387 6634 5352 7064 5422 7178 5434 7507 5516 7779 5615 7940  
 5166 8718 4839 9283 5071 9511 5247 9969 527010000                      
M 533955            2    0    2    0    0    9                
H1 1    0    1    0    0    3 0101 0101                                 
L  1 9    1     9    52    02               5                           
10000    01000010000    010000    0    010000    0                      
H1 2    0    1    0    0    5 0101 0101                                 
L  2 2    1     0   172    02              17                           
 5086    0 5296  229 5626  549 5681  589 5990  709 6442  875 6712  979  
 7331 1241 7458 1295 7790 1438 7934 1565 8162 1604 8438 1723 8998 1964  
 9456 2420 9654 261810000 2983                                          
M 533956            2    0    2    0    0   13                
H1 1    0    1    0    0    3 0101 0101                                 
L  1 9    1     9    52    02               5                           
10000    01000010000    010000    0    010000    0                      
H1 2    0    1    0    0    9 0101 0101                                 
L  2 2    1     0   492    02              49                           
    0 2983    9 2993  104 3070  341 3054  753 3017 1103 3006 1874 2994  
 2139 2987 2539 2976 2607 2978 2888 2984 3051 2988 3612 3013 4068 3034  
 4510 3054 5167 3048 5508 3045 5854 3001 6278 3476 6307 3639 6445 4419  
 6458 4530 6475 4678 6532 4678 6506 4911 6844 5301 7141 5680 7471 5776  
 7492 6128 7512 6383 7656 6931 7749 7065 7857 7256 7852 7236 7766 7083  
 7763 7060 7891 7270 7948 7376 8025 7524 8105 7729 8159 7902 8236 8137  
 8396 8644 8448 8782 8547 9092 8657 9365 8766 9584 8861 9756 901310000  
M 533957            2    0    2    0    0    8                
H1 1    0    1    0    0    3 0101 0101                                 
L  1 9    1     9    52    02               5                           
10000    01000010000    010000    0    010000    0                      
H1 2    0    1    0    0    4 0101 0101                                 
L  2 2    1     0   122    02              12                           
 7440    0 7606  155 7781  241 7863  341 8027  227 8167  327 8436  313  
 8483  284 8658  313 8728  213 8904  198 9347    0                      
M 533961            2    0    4    0    0   20                
H1 1    0    1    0    0    3 0101 0101                                 
L  1 9    1     9    52    02               5                           
10000    01000010000    010000    0    010000    0                      
H1 2    0    3    0    0   16 0101 0101                                 
L  2 2    1     0    62    02               6                           
 7661    0 7588   39 7489  390 7335  392 7319  214 7081    0            
L  2 2    2     0   702    02              70                           
 6549    0 6541   22 6478   87 6195  254 6155  291 5968  670 5945  814  
 5916  866 5921  970 5957 1052 6002 1419 5902 1415 5882 1434 5951 1493  
 6090 1468 6171 1589 6158 1866 6151 2009 6190 2050 6151 2105 5877 2244  
 5730 2367 5580 2692 5364 2892 5281 3181 5306 3367 5254 3528 5222 3625  
 5218 4191 5217 4270 5289 4422 5193 4616 5131 4858 5130 5123 4794 6090  
 4605 6412 4344 7102 4137 7141 4137 7207 4073 7274 4181 7523 4064 7824  
 4102 8026 4309 8280 4324 8484 4279 8502 4255 8718 4215 8736 4186 8682  
 4122 8766 4225 8833 4234 8946 4276 8959 4361 8920 4348 9001 4373 9037  
 4343 9092 4397 9242 4383 9362 4466 9320 4452 9507 4489 9586 4501 9675  
 4481 9718 4417 9669 4402 9730 4457 9795 4574 9814 4614 9922 474610000  
L  2 2    3     0    42    02               4                           
 502310000 5040 9983 5120 9987 512710000                                
M 533963            2    0    2    0    0   10                
H1 1    0    1    0    0    3 0101 0101                                 
L  1 9    1     9    52    02               5                           
10000    01000010000    010000    0    010000    0                      
H1 2    0    1    0    0    6 0101 0101                                 
L  2 2    1     0   262    02              26                           
 5270    0 5966  952 5912 1369 5837 1940 5745 2075 6233 2878 6669 3595  
 6972 4816 7860 6076 7977 6133 8082 6505 8059 6934 8141 7149 8425 7913  
 8597 8357 8592 8485 8533 8474 8565 8619 8706 8872 8756 8928 8810 9075  
 8842 9162 8832 9360 8854 9453 8879 9835 888510000                      
M 533966            2    0    2    0    0    7                
H1 1    0    1    0    0    3 0101 0101                                 
L  1 9    1     9    52    02               5                           
10000    01000010000    010000    0    010000    0                      
H1 2    0    1    0    0    3 0101 0101                                 
L  2 2    1     0    62    02               6                           
 9013    0 9368  382 9599  570 9764  702 9899  86110000 1047            
M 533967            2    0    2    0    0   11                
H1 1    0    1    0    0    3 0101 0101                                 
L  1 9    1     9    52    02               5                           
10000    01000010000    010000    0    010000    0                      
H1 2    0    1    0    0    7 0101 0101                                 
L  2 2    1     0   312    02              31                           
    0 1047  115 1264  300 1663  406 1928  801 3169 1024 3722 1116 3904  
 1320 4210 1441 4355 1600 4503 2217 4960 2508 5176 2656 5325 2852 5534  
 3191 6048 3459 6465 3969 7190 4156 7411 4259 7540 4406 7739 4798 8339  
 4933 8521 5054 8664 5075 8689 5231 8852 5449 9047 5974 9387 6219 9541  
 6327 9629 6472 9762 666510000                                          
M 533970            2    0    2    0    0   15                
H1 1    0    1    0    0    3 0101 0101                                 
L  1 9    1     9    52    02               5                           
10000    01000010000    010000    0    010000    0                      
H1 2    0    1    0    0   11 0101 0101                                 
L  2 2    1     0   622    02              62                           
10000 6531 9924 6397 9783 6408 9580 6466 9527 6507 9431 6684 9279 6802  
 9025 7110 8925 7231 8932 7404 8917 7468 8819 7662 8772 7694 8752 7832  
 8708 7879 8449 7986 8360 8064 8328 8110 8280 8180 8225 8219 8069 8299  
 7692 8592 7511 8670 7181 8769 7072 8299 6758 7743 6573 7560 5865 6728  
 5703 6533 5182 5902 5199 5698 5169 5681 5079 5673 5060 5650 5030 5489  
 5009 5453 4945 5448 4831 5514 4805 5511 4575 5277 4466 5200 4376 5105  
 3855 4797 3379 4797 3216 4774 2777 4620 2714 4560 2644 4323 2507 4189  
 2400 4002 2304 4116 1846 4122 1646 4250 1540 4339 1220 4457  906 4612  
  701 4672  544 4785  371 4975  289 5042   71 5095    0 5060            
M 533971            2    0    3    0    0   19                
H1 1    0    1    0    0    3 0101 0101                                 
L  1 9    1     9    52    02               5                           
10000    01000010000    010000    0    010000    0                      
H1 2    0    2    0    0   15 0101 0101                                 
L  2 2    1     0    52    02               5                           
 4746    0 4776   18 4894   22 4968   57 5023    0                      
L  2 2    2     0   742    02              74                           
 5127    0 5144   31 5196   41 5240  139 5280  168 5367  178 5418  208  
 5476  214 5504  319 5466  403 5460  506 5413  643 5466  748 5487  826  
 5620  932 5628 1015 5589 1058 5561 1296 5633 1266 5798 1307 5724 1361  
 5604 1382 5505 1451 5402 1570 5275 1818 5138 1836 5098 1868 5096 1926  
 5149 2058 5146 2101 5022 2080 4950 2135 4879 2308 4736 2329 4644 2409  
 4673 2584 4790 2632 4826 2666 4827 2786 4756 2944 4674 3250 4595 3306  
 4511 3482 4474 3561 4442 3598 3198 4991 3154 5090 3186 5446 3143 5776  
 3166 6027 3098 6169 3048 6229 2992 6433 2950 6471 2866 6489 2668 6482  
 2560 6563 2467 6610 2350 6746 2046 6624 1789 6836 1582 6944 1489 6908  
 1181 6984  999 6952  876 6972  732 6930  586 6814  368 7118  170 6992  
  103 6798   76 6633    2 6535    0 6531                                
M 533973            2    0    2    0    0    9                
H1 1    0    1    0    0    3 0101 0101                                 
L  1 9    1     9    52    02               5                           
10000    01000010000    010000    0    010000    0                      
H1 2    0    1    0    0    5 0101 0101                                 
L  2 2    1     0   202    02              20                           
 8885    0 8886   23 8896  307 8903  491 8908  628 8913  757 8922  995  
 8689 1379 8837 1496 9119 1753 9168 1844 9192 1970 9218 2849 9322 4950  
 9344 5106 9417 5205 9624 5348 9800 5480 9851 572510000 6009            
M 533974            2    0    2    0    0    8                
H1 1    0    1    0    0    3 0101 0101                                 
L  1 9    1     9    52    02               5                           
10000    01000010000    010000    0    010000    0                      
H1 2    0    1    0    0    4 0101 0101                                 
L  2 2    1     0   112    02              11                           
    0 6009  142 6324  185 6467  246 6810  270 6942  233 7319  338 7547  
  227 7957  338 8295  218 8583    0 8824                                
M 533977            2    0    2    0    0   10                
H1 1    0    1    0    0    3 0101 0101                                 
L  1 9    1     9    52    02               5                           
10000    01000010000    010000    0    010000    0                      
H1 2    0    1    0    0    6 0101 0101                                 
L  2 2    1     0   242    02              24                           
 6665    0 6902  366 7426 1588 7760 2423 8003 3184 8239 4027 8538 5435  
 8691 5827 8771 6001 8731 6040 8709 6101 8709 6164 8723 6218 8855 6460  
 8920 6529 8800 7404 8764 7664 8681 8331 8661 8737 8974 8721 8986 8836  
 9044 8893 9652 872110000 8721                                          
