M 563803            2    0    2    0    0    7                
H1 1    0    1    0    0    3 0101 0101                                 
L  1 9    1     9    52    02               5                           
10000    01000010000    010000    0    010000    0                      
H1 2    0    1    0    0    3 0101 0101                                 
L  2 2    1     0    70    02               7                           
 9248 1124 9301 1179 9395 1306 9502 1534 9629 1583 9883 153610000 1637  
M 563804            2    0    2    0    0   12                
H1 1    0    1    0    0    3 0101 0101                                 
L  1 9    1     9    52    02               5                           
10000    01000010000    010000    0    010000    0                      
H1 2    0    1    0    0    8 0101 0101                                 
L  2 2    1     0   382    02              38                           
    0 1637  146 1764  546 1906  890 1982 1075 1847 1204 1835 1526 2043  
 1750 2204 2044 2416 2119 2463 2223 2496 2836 2636 3288 2405 3783 2485  
 4127 2816 4260 2852 4377 2876 4432 2887 4598 2921 5368 2941 5509 2968  
 5627 3042 6262 3739 6143 3946 6065 4172 6169 4195 6470 4336 6543 4342  
 6633 4342 6936 4268 7009 4221 7094 4167 7298 4040 7964 4199 9124 4476  
 9246 4471 9629 443510000 4312  
M 563805            2    0    2    0    0   17                
H1 1    0    1    0    0    3 0101 0101                                 
L  1 9    1     9    52    02               5                           
10000    01000010000    010000    0    010000    0                      
H1 2    0    1    0    0   13 0101 0101                                 
L  2 2    1     0   742    02              74                           
    0 4312  584 4119  832 4282  895 4351 1033 4566 1062 4588 1083 4576  
 1051 4454 1097 4394 1029 4314 1008 4244 1107 4184 1136 4111 1243 4100  
 1439 4054 1522 4090 1561 4084 1882 3844 2185 3916 2515 3498 2634 3407  
 2814 3384 3027 3174 3226 3181 3267 3352 3361 3383 3422 3519 3517 3529  
 3590 3646 3714 3506 3988 3832 4460 4760 4528 4980 4616 5011 4614 5162  
 4677 5272 4680 5460 4485 5606 4478 5867 4852 6112 4858 6202 5012 6288  
 5217 6243 5346 6122 5417 6190 5600 6152 5722 6052 5988 6028 6176 6295  
 6324 6211 6332 5888 6385 5846 6481 5867 6481 6013 6560 6266 6646 6430  
 6711 6412 7192 6637 7208 6503 7269 6587 7330 6524 7513 6514 7487 6373  
 7724 6288 7855 6082 8128 6008 8248 6036 9082 5637 9478 5414 9570 5352  
 9628 5236 9680 5206 9904 516710000 5453  
M 563806            2    0    2    0    0   12                
H1 1    0    1    0    0    3 0101 0101                                 
L  1 9    1     9    52    02               5                           
10000    01000010000    010000    0    010000    0                      
H1 2    0    1    0    0    8 0101 0101                                 
L  2 2    1     0   372    00              37                           
    0 5453  285 6161  415 6363  671 6140  781 6159  896 6363  870 6397  
  970 6482 1314 6785 1684 7050 1800 7310 1976 7449 2271 7673 2471 7325  
 2597 7212 2714 7081 2758 7036 2933 6983 3208 6994 3320 6998 3488 6977  
 3930 6916 4343 6849 4702 6760 4759 6760 5739 6890 5997 6854 5990 6634  
 6015 6533 6039 6480 6279 5963 6281 5922 6296 5835 6308 5226 6302 4890  
 6179 4217 5947 3620  
