M 523600            2    0    2    0    0   19                
H1 1    0    1    0    0    3 0101 0101                                 
L  1 9    1     9    52    02               5                           
10000    01000010000    010000    0    010000    0                      
H1 2    0    1    0    0   15 0101 0101                                 
L  2 2    1     0   880    02              88                           
 1021 4507 1118 4506 1157 4466 1168 4332 1306 4347 1403 4335 1535 4429  
 1645 4452 1697 4515 1722 4523 1747 4530 1816 4503 1836 4469 1827 4377  
 1845 4346 1874 4344 1941 4434 2112 4357 2244 4319 2297 4235 2356 4080  
 2385 4075 2542 4184 2579 4203 2623 4213 2673 4238 2810 4232 3016 4191  
 3133 4211 3353 4198 3547 4212 3570 4110 3580 3843 3628 3661 3694 3596  
 3732 3475 3738 3403 3808 3267 3850 3240 3898 3174 3983 3181 4037 3220  
 4192 3451 4377 3479 4472 3585 4500 3655 4596 3754 4611 3839 4697 3925  
 4770 3921 4830 3856 4912 3586 5027 3522 5044 3638 4952 3928 4992 4054  
 5299 4176 5603 4276 5783 4280 5891 4411 5965 4436 6006 4581 6252 4405  
 6264 4376 6334 4453 6351 4465 6707 5665 6798 5942 6886 6164 6935 6260  
 7000 6350 7114 6478 7222 6571 7520 6790 7761 7001 7860 7109 8272 7593  
 8352 7693 8539 7869 8707 8004 8993 8211 9104 8291 9293 8455 9444 8612  
 9578 8776 9759 9017 9991 934010000 9352  
M 523601            2    0    2    0    0    7                
H1 1    0    1    0    0    3 0101 0101                                 
L  1 9    1     9    52    02               5                           
10000    01000010000    010000    0    010000    0                      
H1 2    0    1    0    0    3 0101 0101                                 
L  2 2    1     0    42    02               4                           
    0 9352  138 9536   30 9574   5810000                                
M 523611            2    0    2    0    0   12                
H1 1    0    1    0    0    3 0101 0101                                 
L  1 9    1     9    52    02               5                           
10000    01000010000    010000    0    010000    0                      
H1 2    0    1    0    0    8 0101 0101                                 
L  2 2    1     0   372    02              37                           
   58    0   65  106  144  405  138 1064  126 1138   95 1334   76 1450  
   94 1688  125 2062  140 2618  412 2611  580 2703  625 2773 1619 4306  
 1728 4387 2698 4966 2948 5222 3342 5602 3444 5671 3852 5945 4106 6115  
 4430 6209 4483 6259 4689 6556 4791 6716 4879 6772 5058 6887 6524 7883  
 6821 8120 7062 8369 7159 8469 7635 8959 8028 9364 8321 9472 8392 9498  
 8649 9799 903210000  
M 523612            2    0    3    0    0   10                
H1 1    0    1    0    0    3 0101 0101                                 
L  1 9    1     9    52    02               5                           
10000    01000010000    010000    0    010000    0                      
H1 2    0    2    0    0    6 0101 0101                                 
L  2 2    1     0   132    02              13                           
 203610000 2181 9876 2245 9846 2316 9847 2759 9885 2951 9892 3257 9856  
 3796 9737 4083 9818 4441 9866 4740 9903 4980 9941 511210000  
L  2 2    2     0    42    02               4                           
 700610000 7142 9954 7264 9973 732210000                                
M 523621            2    0    2    0    0    7                
H1 1    0    1    0    0    3 0101 0101                                 
L  1 9    1     9    52    02               5                           
10000    01000010000    010000    0    010000    0                      
H1 2    0    1    0    0    3 0101 0101                                 
L  2 2    1     0    72    02               7                           
 9032    0 9074   22 9307  186 9783  327 9787  467 9965  53010000  533  
M 523622            2    0    4    0    0   15                
H1 1    0    1    0    0    3 0101 0101                                 
L  1 9    1     9    52    02               5                           
10000    01000010000    010000    0    010000    0                      
H1 2    0    3    0    0   11 0101 0101                                 
L  2 2    1     0   132    02              13                           
    0  533  607  588  599  519  685  410  753  349  837  313  934  328  
 1137  334 1362  336 1527  312 1661  274 1897  123 2036    0  
L  2 2    2     0   112    02              11                           
 5112    0 5205   56 5454  205 5703  339 5773  371 5845  387 5971  385  
 5984  383 6052  371 6192  326 7006    0  
L  2 2    3     0   212    02              21                           
 7322    0 7326    2 7378   51 7463  124 7507  149 7536  166 7593  188  
 7625  188 7756  192 8756  144 8864  156 8955  198 9012  243 9055  314  
 9132  458 9164  518 9213  564 9265  590 9578  600 9899  60710000  596  
M 523623            2    0    2    0    0   17                
H1 1    0    1    0    0    3 0101 0101                                 
L  1 9    1     9    52    02               5                           
10000    01000010000    010000    0    010000    0                      
H1 2    0    1    0    0   13 0101 0101                                 
L  2 2    1     0   742    02              74                           
    0  596    1  596   43  581  214  478  469  221  524  190  573  176  
 1140  208 1189  227 1435  394 1518  432 1637  468 2011  477 2135  488  
 2157  499 2270  554 2920  968 3080 1090 3416 1421 3492 1508 3552 1592  
 3587 1683 3606 1803 3601 1910 3579 2008 3429 2445 3373 2607 3305 2785  
 3273 2881 3267 2936 3278 3048 3311 3221 3366 3388 3425 3548 3568 3844  
 3733 4062 3823 4150 3929 4246 4118 4375 4312 4445 4496 4519 4708 4574  
 5110 4760 5321 4893 5404 4967 5546 5182 5737 5522 5801 5613 5924 5729  
 6043 5792 6289 5928 6374 6011 6533 6215 6589 6303 6620 6396 6688 6823  
 6708 6945 6746 7104 6792 7232 6868 7393 6930 7499 7007 7588 7109 7690  
 7227 7784 7300 7823 7409 7868 7564 7936 7649 8002 7714 8067 7851 8233  
 8014 8477 8264 8951 8831 9998 883210000  
M 523633            2    0    2    0    0    8                
H1 1    0    1    0    0    3 0101 0101                                 
L  1 9    1     9    52    02               5                           
10000    01000010000    010000    0    010000    0                      
H1 2    0    1    0    0    4 0101 0101                                 
L  2 2    1     0   142    02              14                           
 8832    0 9116  548 9190  712 9257  944 9288 1142 9297 1243 9308 1410  
 9321 1574 9359 1834 9414 2066 9502 2337 9618 2593 9729 280810000 3215  
M 523634            2    0    2    0    0   11                
H1 1    0    1    0    0    3 0101 0101                                 
L  1 9    1     9    52    02               5                           
10000    01000010000    010000    0    010000    0                      
H1 2    0    1    0    0    7 0101 0101                                 
L  2 2    1     0   322    02              32                           
    0 3215    1 3217  301 3727  471 4059  593 4367  787 5036 1180 6386  
 1265 6662 1320 6845 1369 6967 1457 7159 1537 7291 1653 7438 1772 7555  
 1891 7649 2074 7755 2223 7804 2452 7831 2628 7815 2745 7799 2975 7745  
 3063 7738 3195 7741 3291 7758 3372 7788 3547 7879 3677 8001 4082 8508  
 4231 8698 4343 8841 4843 9380 548910000  
M 523644            2    0    2    0    0   10                
H1 1    0    1    0    0    3 0101 0101                                 
L  1 9    1     9    52    02               5                           
10000    01000010000    010000    0    010000    0                      
H1 2    0    1    0    0    6 0101 0101                                 
L  2 2    1     0   242    02              24                           
 5489    0 5759  212 6082  398 6649  630 6869  764 6978  858 7119 1010  
 7243 1196 7414 1530 7462 1638 7655 1892 7782 1995 7954 2129 8243 2325  
 8501 2601 8618 2720 8678 2775 8736 2828 8852 2892 9160 3020 9292 3097  
 9507 3293 9805 367510000 3857  
M 523645            2    0    2    0    0   10                
H1 1    0    1    0    0    3 0101 0101                                 
L  1 9    1     9    52    02               5                           
10000    01000010000    010000    0    010000    0                      
H1 2    0    1    0    0    6 0101 0101                                 
L  2 2    1     0   262    02              26                           
    0 3857  482 4171  587 4291  668 4408  749 4626  832 4912  899 5178  
  940 5322 1111 5693 1690 6731 1837 7036 1894 7203 1925 7383 1927 7419  
 1936 7604 1902 7829 1869 8008 1853 8195 1872 8334 1898 8442 1979 8594  
 2139 8803 2328 9043 2401 9201 2465 9314 302010000  
M 523655            2    0    2    0    0   12                
H1 1    0    1    0    0    3 0101 0101                                 
L  1 9    1     9    52    02               5                           
10000    01000010000    010000    0    010000    0                      
H1 2    0    1    0    0    8 0101 0101                                 
L  2 2    1     0   362    02              36                           
 3020    0 3026    8 3145  178 3215  242 3339  309 3785  537 3804  546  
 3992  672 4208  913 4951 1848 5091 2044 5282 2384 5321 2454 5419 2589  
 5448 2615 5633 2763 5851 2945 6840 3773 6909 3836 6908 3884 7529 4370  
 8161 4593 8270 4650 8385 4743 8280 4878 8137 5096 7171 6780 7023 7037  
 6947 7233 6936 7424 6982 7660 7161 8580 7222 8861 7202 9346 7222 9611  
 729010000  
M 523665            2    0    2    0    0    9                
H1 1    0    1    0    0    3 0101 0101                                 
L  1 9    1     9    52    02               5                           
10000    01000010000    010000    0    010000    0                      
H1 2    0    1    0    0    5 0101 0101                                 
L  2 2    1     0   192    02              19                           
 7290    0 7310  117 7452  905 7565 1640 7653 1907 7721 1865 7711 2009  
 7661 2340 7893 2329 8206 2858 8332 3074 8831 4014 8918 4178 9211 4739  
 9340 5361 9515 6201 9761 7386 9964 821510000 8339  
M 523666            2    0    2    0    0    7                
H1 1    0    1    0    0    3 0101 0101                                 
L  1 9    1     9    52    02               5                           
10000    01000010000    010000    0    010000    0                      
H1 2    0    1    0    0    3 0101 0101                                 
L  2 2    1     0    62    02               6                           
    0 8339   94 8662  157 8890  256 9250  308 9391  53510000            
M 523676            2    0    2    0    0   11                
H1 1    0    1    0    0    3 0101 0101                                 
L  1 9    1     9    52    02               5                           
10000    01000010000    010000    0    010000    0                      
H1 2    0    1    0    0    7 0101 0101                                 
L  2 2    1     0   292    00              29                           
  535    0  590  149  920  991 1130 1501 1115 2800 1112 3037 1026 3662  
 1958 4049 2117 4272 2152 4298 2633 4450 2764 4534 3110 4727 3438 4910  
 3435 5314 3420 5665 3409 5921 3429 6048 3443 6140 3486 6619 4084 6465  
 4086 6705 4088 7019 4085 7102 4040 7251 4383 7398 4503 7409 4619 7777  
 4824 8576  
