M 523973            2    0    2    0    0    7                
H1 1    0    1    0    0    3 0101 0101                                 
L  1 9    1     9    52    02               5                           
10000    01000010000    010000    0    010000    0                      
H1 2    0    1    0    0    3 0101 0101                                 
L  2 2    1     0    42    02               4                           
 946310000 9461 9990 9700 982110000 9652                                
M 523974            2    0    1    0    0    5                
H1 1    0    1    0    0    3 0101 0101                                 
L  1 9    1     9    52    02               5                           
10000    01000010000    010000    0    010000    0                      
H1 2    0    0    0    0    1 0101 0101                                 
M 523977            2    0    2    0    0    7                
H1 1    0    1    0    0    3 0101 0101                                 
L  1 9    1     9    52    02               5                           
10000    01000010000    010000    0    010000    0                      
H1 2    0    1    0    0    3 0101 0101                                 
L  2 2    1     0    22    02               2                           
 99601000010000 9968                                                    
