M 533807            2    0    2    0    0   11                
H1 1    0    1    0    0    3 0101 0101                                 
L  1 9    1     9    52    02               5                           
10000    01000010000    010000    0    010000    0                      
H1 2    0    1    0    0    7 0101 0101                                 
L  2 2    1     0   342    02              34                           
10000 2998 9600 2974 9410 2996 9206 2838 9223 2697 9212 2571 9035 2291  
 8910 2047 8802 1732 8764 1577 8852 1548 8876 1488 8793 1198 8878 1124  
 8916 1026 8933 1040 8910 1284 8927 1313 8967 1306 9018 1145 9056 1130  
 9124 1177 9212  977 9314  998 9586  850 9653  844 9686  824 9744  737  
 9781  632 9758  600 9758  544 9846  535 9934  55610000  536            
M 533837            2    0    2    0    0   13                
H1 1    0    1    0    0    3 0101 0101                                 
L  1 9    1     9    52    02               5                           
10000    01000010000    010000    0    010000    0                      
H1 2    0    1    0    0    9 0101 0101                                 
L  2 2    1     0   472    00              47                           
10000 2844 9925 2901 9805 3155 9756 3429 9705 3525 9452 3726 9304 3719  
 9162 3840 9026 3800 8783 3465 8658 3345 8665 3406 8630 3539 8534 3542  
 8415 3568 8307 3622 8009 3622 7554 4104 7132 4460 7020 4780 6873 5027  
 6788 5432 6614 5636 6526 6104 6585 6275 6682 6369 6776 6362 6750 6480  
 6662 6664 6676 6898 6729 6980 6978 7016 7075 7102 7258 7353 7270 7486  
 7315 7578 7320 7701 7457 7758 7525 7874 7716 8080 8278 8222 8419 8195  
 8514 8248 8630 8168 9169 8151 9452 8082 9664 7860                      
