M 533606            2    0    2    0    0   17                
H1 1    0    1    0    0    3 0101 0101                                 
L  1 9    1     9    52    02               5                           
10000    01000010000    010000    0    010000    0                      
H1 2    0    1    0    0   13 0101 0101                                 
L  2 2    1     0   722    02              72                           
 2891    0 2909   14 2948   29 3041   55 3256   80 3414  125 3510  186  
 3593  254 3671  349 3734  461 3758  510 3777  569 3793  626 3807  726  
 3809  787 3809  802 3805  936 3796 1051 3781 1163 3747 1380 3741 1493  
 3742 1642 3747 1759 3761 1863 3801 2015 3867 2202 3907 2285 4021 2481  
 4135 2642 4315 2918 4483 3212 4607 3466 4666 3598 4756 3754 4836 3853  
 4903 3915 4965 3955 5058 4008 5135 4054 5219 4130 5279 4207 5327 4289  
 5382 4427 5404 4508 5419 4599 5429 4739 5446 5128 5468 5295 5509 5476  
 5582 5775 5639 6052 5653 6134 5677 6357 5680 6511 5672 6682 5646 6868  
 5613 7073 5588 7297 5569 7498 5569 7620 5580 7784 5629 8230 5671 8482  
 5700 8597 5731 8716 5809 8902 5869 9011 5963 9149 6078 9297 6206 9444  
 6493 9749 680310000  
M 533616            2    0    2    0    0    9                
H1 1    0    1    0    0    3 0101 0101                                 
L  1 9    1     9    52    02               5                           
10000    01000010000    010000    0    010000    0                      
H1 2    0    1    0    0    5 0101 0101                                 
L  2 2    1     0   182    02              18                           
 6803    0 6968  134 7147  267 7335  392 7578  513 7654  554 7748  596  
 7870  622 8335  670 8488  699 8589  728 8683  773 8751  808 8806  856  
 8960 1033 9132 1260 9867 226310000 2435  
M 533617            2    0    2    0    0   10                
H1 1    0    1    0    0    3 0101 0101                                 
L  1 9    1     9    52    02               5                           
10000    01000010000    010000    0    010000    0                      
H1 2    0    1    0    0    6 0101 0101                                 
L  2 2    1     0   262    02              26                           
    0 2435    6 2443  917 3667 1102 3943 1212 4132 1282 4306 1496 5249  
 1573 5541 1646 5767 1706 5943 1777 6185 1813 6359 1832 6544 1837 6772  
 1824 7577 1824 8127 1845 8378 1889 8769 1920 8901 1988 9145 2038 9299  
 2098 9549 2137 9745 2140 9801 2140 9827 213610000  
M 533627            2    0    2    0    0   16                
H1 1    0    1    0    0    3 0101 0101                                 
L  1 9    1     9    52    02               5                           
10000    01000010000    010000    0    010000    0                      
H1 2    0    1    0    0   12 0101 0101                                 
L  2 2    1     0   682    02              68                           
 2136    0 2132  196 2103  321 2064  642 2074  760 2095  847 2134  948  
 2249 1192 2296 1311 2327 1410 2350 1512 2358 1545 2398 1811 2440 2151  
 2465 2290 2515 2458 2553 2564 2592 2663 2639 2779 2662 2830 2745 2978  
 2831 3103 2932 3215 3088 3354 3218 3452 3299 3517 3358 3579 3447 3701  
 3490 3777 3535 3902 3632 4234 3692 4352 3747 4428 3830 4490 3905 4511  
 4152 4505 4279 4517 4409 4585 4517 4683 4597 4809 4709 5081 4820 5503  
 4860 5683 4875 5885 4873 6065 4860 6206 4841 6350 4815 6540 4807 6836  
 4826 7106 4839 7228 4896 7517 4927 7722 4947 7961 4961 8144 4972 8216  
 4987 8269 5032 8388 5069 8463 5137 8574 5225 8722 5265 8829 5288 9000  
 5306 9142 5361 9463 5387 9586 5450 9872 548310000  
M 533637            2    0    2    0    0   15                
H1 1    0    1    0    0    3 0101 0101                                 
L  1 9    1     9    52    02               5                           
10000    01000010000    010000    0    010000    0                      
H1 2    0    1    0    0   11 0101 0101                                 
L  2 2    1     0   602    02              60                           
 5483    0 5515  122 5776 1231 5827 1336 5917 1478 6029 1642 6058 1684  
 6113 1799 6136 1886 6139 1966 6131 2136 6110 2311 6006 2739 5943 2959  
 5899 3068 5872 3171 5865 3270 5867 3395 5870 3469 5891 3556 5946 3687  
 5979 3736 6020 3792 6101 3875 6176 3950 6333 4132 6374 4217 6448 4376  
 6506 4522 6858 5334 6923 5494 6981 5683 7020 5850 7096 6315 7158 6572  
 7210 6725 7252 6805 7369 7007 7435 7184 7450 7283 7461 7366 7463 7511  
 7456 7598 7430 7726 7265 8249 7242 8326 7226 8409 7200 8526 7125 8688  
 7093 8743 7024 8843 6867 9019 6672 9248 6618 9350 6558 9504 6522 9630  
 6508 9719 6505 9808 6513 9898 652710000  
M 533647            2    0    2    0    0   15                
H1 1    0    1    0    0    3 0101 0101                                 
L  1 9    1     9    52    02               5                           
10000    01000010000    010000    0    010000    0                      
H1 2    0    1    0    0   11 0101 0101                                 
L  2 2    1     0   622    02              62                           
 6527    0 6544   96 6554  204 6551  393 6531  526 6498  738 6490  849  
 6492  910 6501 1009 6558 1284 6562 1395 6561 1514 6542 1734 6522 1963  
 6500 2101 6437 2490 6398 2704 6352 2873 6346 2896 6321 2989 6247 3182  
 6184 3323 6119 3450 5971 3680 5856 3827 5783 3943 5693 4141 5657 4223  
 5601 4405 5522 4738 5449 5004 5360 5324 5338 5453 5329 5564 5325 5752  
 5327 6372 5335 6515 5350 6629 5376 6721 5427 6892 5456 7040 5465 7129  
 5465 7165 5466 7233 5463 7272 5451 7428 5443 7539 5442 7650 5456 7766  
 5486 7885 5527 7993 5697 8358 5711 8387 5758 8517 5784 8631 5824 8856  
 5844 9053 5848 9222 5837 9317 5808 9431 5705 9742 562610000  
M 533657            2    0    2    0    0   13                
H1 1    0    1    0    0    3 0101 0101                                 
L  1 9    1     9    52    02               5                           
10000    01000010000    010000    0    010000    0                      
H1 2    0    1    0    0    9 0101 0101                                 
L  2 2    1     0   482    02              48                           
 5626    0 5557  185 5475  325 5276  615 5218  766 5185  905 5182 1106  
 5198 1566 5188 1756 5163 1946 5122 2079 5113 2109 4982 2440 4848 2702  
 4592 3087 4412 3358 4250 3570 4052 3758 3957 3836 3893 3888 3423 4125  
 2906 4329 2819 4374 2681 4469 2569 4576 2429 4758 2211 5157 1937 5603  
 1540 6166 1382 6501 1279 6778 1227 6977 1186 7182 1162 7469 1164 7553  
 1167 7616 1173 7756 1177 7994 1151 8165 1064 8485  985 8707  895 8908  
  726 9255  697 9355  678 9453  649 9736  615 9886  57710000  
M 533666            2    0    4    0    0   13                
H1 1    0    1    0    0    3 0101 0101                                 
L  1 9    1     9    52    02               5                           
10000    01000010000    010000    0    010000    0                      
H1 2    0    3    0    0    9 0101 0101                                 
L  2 2    1     0    42    02               4                           
10000 1286 9984 1418 9982 148810000 1616                                
L  2 2    2     0    82    02               8                           
10000 2098 9856 2721 9800 3036 9793 3228 9800 3380 9838 3567 9910 3779  
10000 3945  
L  2 2    3     0   102    02              10                           
10000 8117 9965 8159 9880 8312 9806 8536 9791 8700 9796 9083 9825 9435  
 9865 9735 9907 9982 991110000  
M 533667            2    0    4    0    0   14                
H1 1    0    1    0    0    3 0101 0101                                 
L  1 9    1     9    52    02               5                           
10000    01000010000    010000    0    010000    0                      
H1 2    0    3    0    0   10 0101 0101                                 
L  2 2    1     0    72    02               7                           
  577    0  540   88  427  335  144  915   45 1128    7 1255    0 1286  
L  2 2    2     0    52    02               5                           
    0 1616   10 1682   20 1841   16 2004    0 2098                      
L  2 2    3     0   232    02              23                           
    0 3945  130 4133  325 4375  445 4543  528 4687  580 4802  667 5002  
  838 5334  998 5607 1067 5764 1094 5861 1120 6001 1121 6179 1084 6370  
  977 6629  818 6927  619 7245  518 7435  436 7624  392 7704  297 7820  
   84 8017    0 8117  
M 533676            2    0    3    0    0   10                
H1 1    0    1    0    0    3 0101 0101                                 
L  1 9    1     9    52    02               5                           
10000    01000010000    010000    0    010000    0                      
H1 2    0    2    0    0    6 0101 0101                                 
L  2 2    1     0    32    02               3                           
 9911    0 9974  26010000  352                                          
L  2 2    2     0    82    02               8                           
10000 3149 9993 3152 9843 3163 9696 3103 9570 2967 9515 2963 9675 3137  
10000 3379  
M 533677            2    0    3    0    0   16                
H1 1    0    1    0    0    3 0101 0101                                 
L  1 9    1     9    52    02               5                           
10000    01000010000    010000    0    010000    0                      
H1 2    0    2    0    0   12 0101 0101                                 
L  2 2    1     0   542    02              54                           
    0  352   56  551  107  652  178  729  364  904  454 1032  527 1209  
  547 1354  562 1654  573 1783  599 1886  635 1962  654 2003  676 1994  
  709 1957  714 1912  692 1882  659 1892  592 1963  565 2001  551 2042  
  562 2069  587 2099  642 2147  739 2228  745 2242  748 2300  770 2378  
  773 2456  753 2500  712 2524  656 2524  612 2476  545 2368  506 2344  
  431 2330  334 2354  293 2408  293 2493  315 2541  351 2568  420 2588  
  477 2603  535 2648  633 2812  658 2919  647 3118  622 3229  522 3351  
  361 3167  263 3118  118 3145   71 3114    0 3149  
L  2 2    2     0    22    00               2                           
    0 3379    1 3380                                                    
