M 533900            2    0    3    0    0   20                
H1 1    0    1    0    0    3 0101 0101                                 
L  1 9    1     9    52    02               5                           
10000    01000010000    010000    0    010000    0                      
H1 2    0    2    0    0   16 0101 0101                                 
L  2 2    1     0   762    02              76                           
10000 1886 9228 2229 9144 2284 9102 2365 8865 2640 8668 2801 8322 3215  
 8156 3263 7788 3219 7711 3163 7526 2917 7395 2854 7212 2845 7084 2808  
 6894 2728 6410 2689 6183 2623 6008 2617 5785 2592 5686 2582 5623 2581  
 5579 2593 5564 2597 5512 2626 5467 2626 5403 2610 5300 2600 5182 2618  
 5052 2663 4981 2714 4899 2801 4860 2819 4831 2821 4743 2823 4654 2815  
 4580 2813 4498 2831 4374 2890 4245 2955 4176 2978 4113 2961 4054 2953  
 3984 2961 3941 2987 3865 3050 3806 3107 3691 3156 3590 3216 3436 3359  
 3324 3699 3276 3797 3030 4055 2987 4066 2846 4085 2792 4122 2518 4257  
 2382 4241 2131 4163 2010 4039 1985 3875 1951 3838 1817 3693 1729 3599  
 1693 3503 1682 3366 1708 3165 1635 3075 1019 2605  861 2545  838 2566  
  786 2563  653 2732  510 2848  416 2975  251 3038    0 2998            
L  2 2    2     0    82    02               8                           
    0  536   74  464  106  353  151  298  163  227  231  196  282   54  
  330    0                                                              
M 533901            2    0    2    0    0   14                
H1 1    0    1    0    0    3 0101 0101                                 
L  1 9    1     9    52    02               5                           
10000    01000010000    010000    0    010000    0                      
H1 2    0    1    0    0   10 0101 0101                                 
L  2 2    1     0   532    02              53                           
10000 5664 9777 5637 9541 5513 9184 5188 9126 5159 9082 5153 9028 5165  
 8897 5230 8831 5257 8628 5350 8551 5355 8327 5306 7800 5202 7571 5158  
 6384 4430 6010 4203 5912 4175 5793 4212 5496 4432 5336 4550 5211 4620  
 5073 4687 4962 4753 4833 4829 4765 4837 4632 4894 4467 4965 4156 5032  
 4004 5036 3845 4993 3367 4479 3161 3535 3065 3491 2960 3287 2924 3098  
 2914 2872 3011 2665 3008 2564 2889 2444 2844 2231 2790 2172 2594 2136  
 2401 1890 2228 1706 2127 1372 1924 1383 1629 1486 1475 1478 1367 1501  
  963 1633  475 1724  242 1778    0 1886                                
M 533902            2    0    2    0    0    9                
H1 1    0    1    0    0    3 0101 0101                                 
L  1 9    1     9    52    02               5                           
10000    01000010000    010000    0    010000    0                      
H1 2    0    1    0    0    5 0101 0101                                 
L  2 2    1     0   202    02              20                           
 789310000 7822 9904 7752 9792 7627 9593 7050 9203 5729 8358 5232 8040  
 4626 7700 4166 7476 3828 7350 3545 7145 2906 6596 2747 6498 1550 6328  
 1069 6064  842 5833  735 5760  574 5739  364 5708    0 5664            
M 533903            2    0    2    0    0   11                
H1 1    0    1    0    0    3 0101 0101                                 
L  1 9    1     9    52    02               5                           
10000    01000010000    010000    0    010000    0                      
H1 2    0    1    0    0    7 0101 0101                                 
L  2 2    1     0   292    02              29                           
 778110000 7829 9462 7834 8540 7816 7830 7814 7738 7854 7375 7866 7271  
 7991 6717 8141 6054 8171 5924 8356 5112 8552 4119 8565 3240 8566 3166  
 8559 3070 8492 2129 8524 1992 8531 1703 8526 1320 8563 1112 8652  862  
 8822  686 8962  865 9081  979 9188 1080 9340  677 9473  416 9497  260  
 9463    0                                                              
M 533907            2    0    2    0    0   13                
H1 1    0    1    0    0    3 0101 0101                                 
L  1 9    1     9    52    02               5                           
10000    01000010000    010000    0    010000    0                      
H1 2    0    1    0    0    9 0101 0101                                 
L  2 2    1     0   472    02              47                           
 556310000 6371 9458 6732 9192 6657 8996 6544 8858 6419 8770 6078 8634  
 5937 8501 5711 8180 5610 7933 5573 7364 5549 6989 5522 6575 5574 6042  
 5587 5931 6144 5703 6036 4811 6004 4321 6554 4329 6635 4229 6688 3901  
 6697 3346 6970 2924 7161 2820 7503 2207 7628 2013 7838 1791 8006 1751  
 8187 1626 8288 1441 8355 1342 8342 1314 8373 1071 8464  914 8509  883  
 8727  844 8997  536 9121  370 9189  358 9319  399 9465  353 9507  306  
 9644   85 9688   55 9884   27 9953    4 9960    0                      
M 533912            2    0    2    0    0   10                
H1 1    0    1    0    0    3 0101 0101                                 
L  1 9    1     9    52    02               5                           
10000    01000010000    010000    0    010000    0                      
H1 2    0    1    0    0    6 0101 0101                                 
L  2 2    1     0   282    02              28                           
 914810000 9200 9690 9365 8736 9450 8026 9570 6878 9634 6542 9671 6249  
 9707 5419 9568 5434 9346 5424 9216 5356 9070 5190 9012 4956 9008 4885  
 8976 4370 9109 3475 9140 3255 9102 2831 8893 2872 8717 2755 8575 2496  
 8500 2261 8408 1970 8480 1395 8402  971 8279  712 8133  325 7893    0  
M 533913            2    0    2    0    0   11                
H1 1    0    1    0    0    3 0101 0101                                 
L  1 9    1     9    52    02               5                           
10000    01000010000    010000    0    010000    0                      
H1 2    0    1    0    0    7 0101 0101                                 
L  2 2    1     0   302    02              30                           
 437010000 4413 9825 4459 9659 4465 9351 4708 8680 4739 8411 5112 8447  
 5513 8682 5751 8850 6023 8347 6105 8076 6341 7361 6696 6416 6691 6128  
 7009 6116 7326 6175 7523 6198 7534 5792 7566 5568 7620 5186 7645 5043  
 7603 4054 7616 3903 7672 3788 7660 3546 7603 1764 7688 1380 7701 1260  
 7700  918 7781    0                                                    
M 533916            2    0    2    0    0    7                
H1 1    0    1    0    0    3 0101 0101                                 
L  1 9    1     9    52    02               5                           
10000    01000010000    010000    0    010000    0                      
H1 2    0    1    0    0    3 0101 0101                                 
L  2 2    1     0    52    02               5                           
 562110000 7029 8561 8644 6904 9441 608910000 5534                      
M 533917            2    0    2    0    0    9                
H1 1    0    1    0    0    3 0101 0101                                 
L  1 9    1     9    52    02               5                           
10000    01000010000    010000    0    010000    0                      
H1 2    0    1    0    0    5 0101 0101                                 
L  2 2    1     0   152    02              15                           
    0 5534  344 5193  608 4931 3176 2312 3648 1966 3690 1982 3749 1969  
 3819 1925 3900 1825 4066 1668 4244 1443 4687  825 5018  425 5201  243  
 5563    0                                                              
M 533922            2    0    3    0    0   13                
H1 1    0    1    0    0    3 0101 0101                                 
L  1 9    1     9    52    02               5                           
10000    01000010000    010000    0    010000    0                      
H1 2    0    2    0    0    9 0101 0101                                 
L  2 2    1     0   282    02              28                           
 779810000 7824 9940 8124 8723 8287 8060 8306 7856 8191 7500 8206 7485  
 8231 7373 8570 6796 8773 6567 8878 6419 8949 6226 8987 5994 9026 5869  
 8954 5575 8993 5448 9012 5312 9082 4945 9126 4584 9193 4102 9250 3252  
 9224 2946 9156 2534 9076 2080 8979 1464 8970 1078 9035  677 9148    0  
L  2 2    2     0    92    02               9                           
 866110000 8651 9960 8615 9566 9149 9117 9004 8489 9361 8235 9113 7761  
 9816 731810000 7200                                                    
M 533923            2    0    2    0    0    9                
H1 1    0    1    0    0    3 0101 0101                                 
L  1 9    1     9    52    02               5                           
10000    01000010000    010000    0    010000    0                      
H1 2    0    1    0    0    5 0101 0101                                 
L  2 2    1     0   172    02              17                           
    0 7200  136 7112  241 6604  327 6176  604 5463  641 5369  923 4642  
 1080 4390 1492 3994 2354 2279 2774 1443 2910 1172 3409  608 3848 1211  
 3936 1084 4357   54 4370    0                                          
M 533925            2    0    2    0    0   11                
H1 1    0    1    0    0    3 0101 0101                                 
L  1 9    1     9    52    02               5                           
10000    01000010000    010000    0    010000    0                      
H1 2    0    1    0    0    7 0101 0101                                 
L  2 2    1     0   302    02              30                           
 578810000 5848 9904 5962 9747 6043 9636 6153 9420 6224 9143 6281 8991  
 6225 8831 6300 8711 6372 8346 6405 7753 6838 7803 7118 7925 7229 7953  
 8124 7732 7972 7134 7890 6930 8090 6677 8151 6800 8422 6773 8656 6823  
 9071 6851 9293 6867 9395 6370 9497 5872 9541 5138 9548 4235 9545 4087  
 9821 406610000 4084                                                    
M 533926            2    0    2    0    0    8                
H1 1    0    1    0    0    3 0101 0101                                 
L  1 9    1     9    52    02               5                           
10000    01000010000    010000    0    010000    0                      
H1 2    0    1    0    0    4 0101 0101                                 
L  2 2    1     0   142    02              14                           
    0 4084  336 4117  792 4179  938 4142 1100 4025 1257 3875 2509 2764  
 3538 1870 3637 1804 3719 1765 3836 1697 4017 1592 4228 1423 5621    0  
M 533930            2    0    2    0    0   18                
H1 1    0    1    0    0    3 0101 0101                                 
L  1 9    1     9    52    02               5                           
10000    01000010000    010000    0    010000    0                      
H1 2    0    1    0    0   14 0101 0101                                 
L  2 2    1     0   782    02              78                           
10000 4253 9990 4251 9683 4186 9680 4151 9661 4120 9581 4057 9408 3919  
 9355 3865 9439 3872 9499 3930 9539 3941 9713 4052 9785 4068 9803 4004  
 9689 3937 9719 3776 9397 3622 9250 3597 9143 3607 9048 3648 9005 3759  
 9001 3872 8980 4022 8925 4089 8828 4099 8856 3825 8716 3499 8713 3414  
 8672 3385 8590 3394 8391 3522 8200 3600 8121 3666 8039 3696 7993 3747  
 7886 3761 7775 3763 7698 3693 7598 3704 7555 3607 7206 3315 6968 3203  
 6738 3177 6297 3366 6124 3380 5863 3296 5818 3233 5606 3151 5466 3124  
 5234 2853 4812 2423 4430 2356 3770 1888 3402 2023 3224 2328 3030 2551  
 2872 2586 2658 2474 2644 2358 2364 2118 2256 2135 2182 2123 2161 2085  
 2182 1994 2097 1920 1982 1903 1831 2104 1650 2152 1474 2298 1342 2481  
 1259 2518 1194 2615  780 2694  619 2657  512 2657  193 2685   56 2830  
    0 2844                                                              
M 533931            2    0    2    0    0   17                
H1 1    0    1    0    0    3 0101 0101                                 
L  1 9    1     9    52    02               5                           
10000    01000010000    010000    0    010000    0                      
H1 2    0    1    0    0   13 0101 0101                                 
L  2 2    1     0   752    02              75                           
10000 6493 9992 6491 9717 6507 9626 6495 9398 6442 9366 6439 9300 6445  
 9038 6507 8941 6504 8764 6478 8666 6474 8516 6495 8311 6461 7881 6347  
 7483 6184 7235 6044 6984 5853 6910 5781 6754 5616 6630 5450 6580 5338  
 6500 5000 6458 4806 6400 4673 6300 4498 6204 4400 5957 4250 5854 4164  
 5808 4103 5736 4001 5679 3935 5597 3866 5517 3815 5369 3784 5261 3772  
 5159 3779 5067 3815 4863 3961 4556 4153 4067 4351 3978 4363 3896 4357  
 3785 4314 3732 4272 3677 4220 3632 4146 3484 3868 3452 3808 3344 3650  
 3273 3581 3191 3532 3085 3503 2913 3512 2829 3532 2660 3594 2533 3626  
 2402 3617 2346 3604 2211 3594 2124 3614 1952 3685 1773 3730 1730 3754  
 1688 3787 1553 4010 1493 4063 1414 4099 1107 4134 1017 4157  843 4232  
  751 4271  583 4314  436 4322  307 4306    0 4253                      
M 533932            2    0    6    0    0   32                
H1 1    0    1    0    0    3 0101 0101                                 
L  1 9    1     9    52    02               5                           
10000    01000010000    010000    0    010000    0                      
H1 2    0    5    0    0   28 0101 0101                                 
L  2 2    1     0   482    02              48                           
10000 9512 9628 9443 9384 9546 8816 9225 8683 9155 8584 9116 8508 9113  
 8268 9083 8126 9070 8054 8958 7972 8830 8289 8493 8137 8278 8020 8235  
 7798 8178 7713 7846 7832 7736 7707 7739 7389 7745 7382 7154 7362 6772  
 7404 6349 7402 6154 7367 5893 7336 5418 7255 5155 7186 4930 7224 4826  
 7513 4290 7529 4241 7526 3828 7537 3550 7547 3530 7654 3289 7845 2754  
 7849 2592 7734 2321 7636 2229 7491 2286 7320 2314 7319 2249 7369 1790  
 7367 1610 7341 1347 7342 1249 7358 1134 7527  622 7798    0            
L  2 2    2     0    82    02               8                           
10000 9512 9628 9443 9384 9546 8816 9225 8848 9481 8564 9467 8564 9657  
 851210000                                                              
L  2 2    3     0   352    02              35                           
 464010000 4457 9818 4234 9650 4066 9570 3569 9385 3404 9292 3264 9172  
 2924 8811 2811 8721 2630 8598 1939 8264 1764 8086 1674 7988 1614 7881  
 1561 7774 1514 7645 1497 7518 1494 7356 1504 7155 1495 7031 1466 6856  
 1398 6733 1307 6646 1243 6612 1202 6585 1120 6575  951 6572  896 6556  
  710 6466  623 6458  565 6465  433 6500  293 6546  234 6552    0 6493  
L  2 2    4     0    72    02               7                           
10000 9512 9628 9443 9384 9546 8816 9225 8848 9481 8859 9569 907210000  
L  2 2    5     0   452    02              45                           
10000 9512 9628 9443 9384 9546 8816 9225 8683 9155 8584 9116 8508 9113  
 8268 9083 8126 9070 8054 8958 7972 8830 8289 8493 8137 8278 8020 8235  
 7798 8178 7713 7846 7832 7736 7707 7739 7389 7745 7382 7154 7362 6772  
 7404 6349 7402 6154 7367 5893 7336 5418 7255 5155 7186 4930 7224 4826  
 7513 4290 7529 4241 7526 3828 7537 3550 7547 3530 7654 3289 7845 2754  
 7849 2592 7734 2321 7636 2229 7610 2188 7477 1726 7991 1341 7876 1136  
 8225  892 8788  487 8661    0                                          
M 533933            2    0    2    0    0    7                
H1 1    0    1    0    0    3 0101 0101                                 
L  1 9    1     9    52    02               5                           
10000    01000010000    010000    0    010000    0                      
H1 2    0    1    0    0    3 0101 0101                                 
L  2 2    1     0    20    02               2                           
  442 9687  28210000                                                    
M 533934            2    0    2    0    0    9                
H1 1    0    1    0    0    3 0101 0101                                 
L  1 9    1     9    52    02               5                           
10000    01000010000    010000    0    010000    0                      
H1 2    0    1    0    0    5 0101 0101                                 
L  2 2    1     0   172    02              17                           
 746310000 7603 9906 7666 9783 7744 9520 7859 9340 8088 9120 8325 8839  
 8459 8553 8512 8620 8915 8669 9435 8732 9510 8200 9629 7481 9647 7373  
 9852 6286 9938 606210000 5938                                          
M 533935            2    0    2    0    0   12                
H1 1    0    1    0    0    3 0101 0101                                 
L  1 9    1     9    52    02               5                           
10000    01000010000    010000    0    010000    0                      
H1 2    0    1    0    0    8 0101 0101                                 
L  2 2    1     0   392    02              39                           
    0 5938  238 5463  471 5517  827 5654  943 5698 1058 5788 1140 5874  
 1312 5474 1390 5187 1591 4693 2050 4989 2374 4164 2553 4223 2627 4247  
 3007 4391 3521 4593 3996 4747 4130 4791 4392 4914 4470 4773 4536 4592  
 4585 4457 4609 4377 4695 4084 4921 3515 4920 3333 4932 3119 5072 2575  
 5072 2317 5079 1915 5081 1799 5084 1659 5124 1500 5259 1258 5450  999  
 5258  733 5362  580 5710  123 5788    0                                
M 533942            2    0    4    0    0   21                
H1 1    0    1    0    0    3 0101 0101                                 
L  1 9    1     9    52    02               5                           
10000    01000010000    010000    0    010000    0                      
H1 2    0    3    0    0   17 0101 0101                                 
L  2 2    1     0   452    02              45                           
 8512    0 8499   87 8522  340 8603  616 8642  792 8555 1278 8504 1335  
 8206 1592 7918 1738 7843 1606 7710 1269 7666 1221 7557 1167 7399 1115  
 7405 1175 7432 1238 7469 1267 7523 1271 7569 1249 7651 1124 7714 1071  
 7792 1047 7932 1023 8014 1000 8081  952 8120  885 8172  711 8208  648  
 8256  596 8308  596 8350  641 8368  722 8103  793 7944  845 7593  871  
 6963  827 6821  838 6294  903 5904  911 5784  901 5592  842 5365  725  
 5174  590 5002  424 4640    0                                          
L  2 2    2     0    92    02               9                           
 9072    0 9295  453 9409  577 9606 1360 9877 1756 9901 1898 9890 2286  
 9902 238010000 2566                                                    
L  2 2    3     0   252    02              25                           
10000 3716 9865 3674 9753 3692 9678 3676 9575 3579 9432 3643 9062 3788  
 9132 4057 9142 4494 8945 4610 8255 5016 7371 5459 7424 5653 7486 6098  
 7595 6353 7701 6488 7742 6615 7555 7614 7300 8385 7281 8699 7230 9332  
 7264 9441 7026 9309 6994 9533 692710000                                
M 533943            2    0    5    0    0   28                
H1 1    0    1    0    0    3 0101 0101                                 
L  1 9    1     9    52    02               5                           
10000    01000010000    010000    0    010000    0                      
H1 2    0    4    0    0   24 0101 0101                                 
L  2 2    1     0   382    02              38                           
  282    0  244   74  868  396  955  441 1098  546 1141  661 1190  793  
 1259  908 1624 1149 1746 1168 2312 1010 2492  908 2625  915 3097 1201  
 3164 1352 3452 2026 3623 2502 3676 2648 3811 3023 3793 3166 4342 3171  
 4634 3174 4791 3180 4966 3187 5489 3208 5499 2974 5529 2318 6018 2338  
 6452 2338 6445 1852 7005 1767 7020 1919 7349 2054 7631 2124 7827 2155  
 8632 2272 9542 216410000 2360                                          
L  2 2    2     0   392    02              39                           
  282    0  244   74  868  396  955  441 1098  546 1141  661 1190  793  
 1259  908 1624 1149 1746 1168 2312 1010 2492  908 2577 1253 2731 1416  
 2932 2112 3074 2612 3125 2752 3379 2640 3450 2788 3617 3214 3713 3468  
 3699 3521 3669 3634 3907 3948 3764 4207 3951 4409 4018 4481 3998 5352  
 3700 6200 3712 6364 3700 7176 3636 7890 3613 8082 3553 8594 3538 8718  
 3527 9040 3398 9290 3272 9509 329910000                                
L  2 2    3     0   412    02              41                           
  282    0  244   74  868  396  955  441 1098  546 1141  661 1190  793  
 1259  908 1624 1149 1746 1168 2312 1010 2492  908 2625  915 3097 1201  
 3164 1352 3452 2026 3623 2502 3676 2648 3811 3023 3793 3166 4342 3171  
 4634 3174 4791 3180 4966 3187 5489 3208 5480 3456 5386 3700 5222 4043  
 5515 4229 5697 4285 6001 4456 6141 4628 6726 5100 7053 5258 7560 5384  
 7464 5689 8114 5756 8532 5636 9289 5418 9983 525210000 5487            
L  2 2    4     0    62    02               6                           
    0 2566  352 3235  423 3562  450 3775  192 3775    0 3716            
M 533944            2    0    3    0    0   15                
H1 1    0    1    0    0    3 0101 0101                                 
L  1 9    1     9    52    02               5                           
10000    01000010000    010000    0    010000    0                      
H1 2    0    2    0    0   11 0101 0101                                 
L  2 2    1     0   222    02              22                           
    0 2360  127 2362  320 2347  903 2336 1794 2097 2048 1934 2605 1473  
 2715 1427 2952 1402 3347 1572 4206 1678 4916 1680 5712 1563 5714 1496  
 5821 1352 5865 1352 6174  997 6430  866 6472  840 6707  553 6796  446  
 7463    0                                                              
L  2 2    2     0   272    02              27                           
    0 5487   62 6342  984 6435 1070 6406 1081 6468 1352 6564 1440 6595  
 2688 7130 2726 7242 3120 7294 3576 7120 3651 7366 3718 7307 3918 7133  
 4086 7410 4619 7432 5210 7456 5820 7710 6629 8051 6989 8202 7258 8315  
 8005 8628 8746 8993 9266 9249 9737 9545 9999 943810000 9437            
M 533945            2    0    2    0    0    9                
H1 1    0    1    0    0    3 0101 0101                                 
L  1 9    1     9    52    02               5                           
10000    01000010000    010000    0    010000    0                      
H1 2    0    1    0    0    5 0101 0101                                 
L  2 2    1     0   182    02              18                           
    0 9437  320 9188  577 8988 1203 8499 1322 7958 1403 7433 1406 7380  
 1837 7377 2613 7371 2958 7382 3268 7790 3566 8225 3706 8480 3730 8524  
 4043 8864 4242 9080 4661 9537 508610000                                
M 533946            2    0    2    0    0    8                
H1 1    0    1    0    0    3 0101 0101                                 
L  1 9    1     9    52    02               5                           
10000    01000010000    010000    0    010000    0                      
H1 2    0    1    0    0    4 0101 0101                                 
L  2 2    1     0   102    02              10                           
 873310000 8761 9880 8870 9423 9254 8505 9364 8242 9379 8196 9464 7940  
 9565 7729 9804 770010000 7733                                          
M 533947            2    0    3    0    0   13                
H1 1    0    1    0    0    3 0101 0101                                 
L  1 9    1     9    52    02               5                           
10000    01000010000    010000    0    010000    0                      
H1 2    0    2    0    0    9 0101 0101                                 
L  2 2    1     0   302    02              30                           
    0 7733  310 7740  570 7746  661 7786  715 7810 1038 7954 1059 7868  
 1130 7586 1433 7595 1663 7602 1739 7704 1847 7902 1917 7866 2369 7635  
 2466 7532 2434 7664 2980 7718 3455 7598 3443 7497 3934 7264 4604 7242  
 5157 7158 5244 7236 5735 7536 6308 8023 6436 8259 6811 9111 6892 9317  
 7162 9740 744010000                                                    
L  2 2    2     0    52    02               5                           
 934710000 9383 9984 9547 9783 9746 976910000 9565                      
M 533952            2    0    2    0    0   12                
H1 1    0    1    0    0    3 0101 0101                                 
L  1 9    1     9    52    02               5                           
10000    01000010000    010000    0    010000    0                      
H1 2    0    1    0    0    8 0101 0101                                 
L  2 2    1     0   372    02              37                           
 6927    0 6894  233 6794  907 6646 1276 6388 1746 6283 2103 6108 2576  
 5687 3019 5523 3162 4878 3425 5035 3870 5067 4116 5056 4214 4977 4769  
 4860 5599 4835 5671 5070 5833 4802 6148 4622 6467 4506 6638 4385 6675  
 4268 6861 4256 7008 4094 7362 4013 7620 3847 7848 3697 7996 3494 8196  
 3419 8570 3460 8695 3429 8794 3887 9289 4006 9514 4019 9613 4031 9778  
 4023 9882 398510000                                                    
M 533953            2    0    2    0    0   12                
H1 1    0    1    0    0    3 0101 0101                                 
L  1 9    1     9    52    02               5                           
10000    01000010000    010000    0    010000    0                      
H1 2    0    1    0    0    8 0101 0101                                 
L  2 2    1     0   402    02              40                           
 3299    0 3258  261 3289  346 3458  280 3495  458 3410  596 3453  717  
 3530  751 3594  811 3615 1053 3636 1364 3643 1504 3574 1771 3696 2080  
 4068 2630 4185 2714 4276 2848 4344 2948 4334 3591 4498 4107 4471 4289  
 4510 4588 4592 4888 4733 5105 4767 5158 5036 5690 5188 6177 5247 6305  
 5331 6438 5387 6634 5352 7064 5422 7178 5434 7507 5516 7779 5615 7940  
 5166 8718 4839 9283 5071 9511 5247 9969 527010000                      
M 533955            2    0    2    0    0    9                
H1 1    0    1    0    0    3 0101 0101                                 
L  1 9    1     9    52    02               5                           
10000    01000010000    010000    0    010000    0                      
H1 2    0    1    0    0    5 0101 0101                                 
L  2 2    1     0   172    02              17                           
 5086    0 5296  229 5626  549 5681  589 5990  709 6442  875 6712  979  
 7331 1241 7458 1295 7790 1438 7934 1565 8162 1604 8438 1723 8998 1964  
 9456 2420 9654 261810000 2983                                          
M 533956            2    0    3    0    0   20                
H1 1    0    1    0    0    3 0101 0101                                 
L  1 9    1     9    52    02               5                           
10000    01000010000    010000    0    010000    0                      
H1 2    0    2    0    0   16 0101 0101                                 
L  2 2    1     0   392    02              39                           
    0 2983    9 2993  104 3070  341 3054  753 3017 1103 3006 1874 2994  
 2139 2987 2539 2976 2607 2978 2888 2984 3051 2988 3612 3013 4068 3034  
 4072 2835 4077 2576 4086 2104 4097 1904 4121 1496 4131 1432 4160 1240  
 4560 1248 4647 1245 4958 1233 5260 1221 6599 1368 6616 1719 7144 1735  
 7478 2017 7671 2017 7894 2035 8119 2057 8152 1971 8321 1435 8398 1191  
 8507  842 8612  507 8662  297 8733    0                                
L  2 2    2     0   492    02              49                           
    0 2983    9 2993  104 3070  341 3054  753 3017 1103 3006 1874 2994  
 2139 2987 2539 2976 2607 2978 2888 2984 3051 2988 3612 3013 4068 3034  
 4075 4257 4463 4257 5097 4271 5110 4466 5619 4505 6388 4551 6458 4530  
 6475 4678 6532 4678 6506 4911 6844 5301 6833 5712 6723 6074 7153 6412  
 7403 6634 7592 6839 7656 6931 7749 7065 7857 7256 7852 7236 7766 7083  
 7763 7060 7891 7270 7948 7376 8025 7524 8105 7729 8159 7902 8236 8137  
 8396 8644 8448 8782 8547 9092 8657 9365 8766 9584 8861 9756 901310000  
M 533957            2    0    2    0    0    8                
H1 1    0    1    0    0    3 0101 0101                                 
L  1 9    1     9    52    02               5                           
10000    01000010000    010000    0    010000    0                      
H1 2    0    1    0    0    4 0101 0101                                 
L  2 2    1     0   122    02              12                           
 7440    0 7606  155 7781  241 7863  341 8027  227 8167  327 8436  313  
 8483  284 8658  313 8728  213 8904  198 9347    0                      
M 533961            2    0    2    0    0   17                
H1 1    0    1    0    0    3 0101 0101                                 
L  1 9    1     9    52    02               5                           
10000    01000010000    010000    0    010000    0                      
H1 2    0    1    0    0   13 0101 0101                                 
L  2 2    1     0   722    02              72                           
10000 2312 9678 2588 9597 2701 9447 2736 9291 2935 9215 2991 9025 3262  
 8892 3083 8812 2859 8735 2829 8620 2864 8556 3098 8454 3194 8206 3193  
 7905 2940 7733 2702 7532 2635 7352 2764 7209 2779 7145 2715 7139 2482  
 7053 2376 6989 2354 6914 2417 6891 2538 6815 2552 6546 2220 6576 1961  
 6550 1804 6397 1750 6361 1757 6190 2050 6151 2105 5877 2244 5730 2367  
 5580 2692 5364 2892 5281 3181 5306 3367 5254 3528 5222 3625 5218 4191  
 5217 4270 5289 4422 5193 4616 5131 4858 5130 5123 4794 6090 4605 6412  
 4344 7102 4137 7141 3834 7305 3805 7505 3566 7502 3409 7623 3276 7626  
 3208 7702 3227 7845 3170 7999 3044 8249 2902 8213 2873 8291 2839 8398  
 2715 8411 2398 8593 2332 8803 2135 8966 2160 9085 2253 9146 2342 9435  
 2255 9739 232210000                                                    
M 533962            2    0    2    0    0   10                
H1 1    0    1    0    0    3 0101 0101                                 
L  1 9    1     9    52    02               5                           
10000    01000010000    010000    0    010000    0                      
H1 2    0    1    0    0    6 0101 0101                                 
L  2 2    1     0   222    02              22                           
 3985    0 3969   50 3907  103 3714  190 3581  228 3492  253 3351  217  
 3065  158 2939  156 2735  154 2720  349 2107  815 1564  866 1442 1034  
 1144 1064  762 1225  729 1403  691 1485  500 1674  373 1863  236 1965  
    0 2312                                                              
M 533963            2    0    2    0    0   10                
H1 1    0    1    0    0    3 0101 0101                                 
L  1 9    1     9    52    02               5                           
10000    01000010000    010000    0    010000    0                      
H1 2    0    1    0    0    6 0101 0101                                 
L  2 2    1     0   232    02              23                           
 5270    0 5966  952 5912 1369 5837 1940 5745 2075 6233 2878 6669 3595  
 6972 4816 7860 6076 7977 6133 8082 6505 8059 6934 8141 7149 8425 7913  
 8123 8308 8038 8521 8179 8736 8297 9464 8347 9570 8432 9620 8522 9699  
 8588 9816 862110000                                                    
M 533966            2    0    2    0    0    7                
H1 1    0    1    0    0    3 0101 0101                                 
L  1 9    1     9    52    02               5                           
10000    01000010000    010000    0    010000    0                      
H1 2    0    1    0    0    3 0101 0101                                 
L  2 2    1     0    62    02               6                           
 9013    0 9368  382 9599  570 9764  702 9899  86110000 1047            
M 533967            2    0    2    0    0   11                
H1 1    0    1    0    0    3 0101 0101                                 
L  1 9    1     9    52    02               5                           
10000    01000010000    010000    0    010000    0                      
H1 2    0    1    0    0    7 0101 0101                                 
L  2 2    1     0   312    02              31                           
    0 1047  115 1264  300 1663  406 1928  801 3169 1024 3722 1116 3904  
 1320 4210 1441 4355 1600 4503 2217 4960 2508 5176 2656 5325 2852 5534  
 3191 6048 3459 6465 3969 7190 4156 7411 4259 7540 4406 7739 4798 8339  
 4933 8521 5054 8664 5075 8689 5231 8852 5449 9047 5974 9387 6219 9541  
 6327 9629 6472 9762 666510000                                          
M 533970            2    0    2    0    0   15                
H1 1    0    1    0    0    3 0101 0101                                 
L  1 9    1     9    52    02               5                           
10000    01000010000    010000    0    010000    0                      
H1 2    0    1    0    0   11 0101 0101                                 
L  2 2    1     0   622    02              62                           
10000 6531 9924 6397 9783 6408 9580 6466 9527 6507 9431 6684 9279 6802  
 9025 7110 8925 7231 8932 7404 8917 7468 8819 7662 8772 7694 8752 7832  
 8708 7879 8449 7986 8360 8064 8328 8110 8280 8180 8225 8219 8069 8299  
 7692 8592 7511 8670 7181 8769 7072 8299 6758 7743 6573 7560 5865 6728  
 5703 6533 5182 5902 5199 5698 5169 5681 5079 5673 5060 5650 5030 5489  
 5009 5453 4945 5448 4831 5514 4805 5511 4575 5277 4466 5200 4376 5105  
 3855 4797 3379 4797 3216 4774 2777 4620 2714 4560 2644 4323 2507 4189  
 2400 4002 2304 4116 1846 4122 1646 4250 1540 4339 1220 4457  906 4612  
  701 4672  544 4785  371 4975  289 5042   71 5095    0 5060            
M 533971            2    0    2    0    0   19                
H1 1    0    1    0    0    3 0101 0101                                 
L  1 9    1     9    52    02               5                           
10000    01000010000    010000    0    010000    0                      
H1 2    0    1    0    0   15 0101 0101                                 
L  2 2    1     0   902    02              90                           
 2322    0 2342   79 2322  243 2360  249 2407  203 2393  417 2346  470  
 2369  516 2457  448 2440  522 2376  568 2412  632 2346  690 2338  592  
 2274  609 2146  719 2156  749 2255  696 2328  802 2241  789 2180  835  
 2175  899 1988  876 1985  916 2085  968 2203  986 2237  939 2330  956  
 2379 1102 2348 1170 2432 1252 2440 1456 2509 1645 2512 1718 2412 1728  
 2407 1763 2582 1809 2605 1884 2684 2199 2592 2354 2630 2436 2603 2501  
 2559 2906 2526 2999 2532 3608 2461 3799 2420 4021 2476 4081 2581 4110  
 2682 4240 2725 4384 2663 4430 2640 4555 2579 4632 2569 4680 2589 4732  
 2761 4737 2824 4774 2874 4768 2959 4718 3084 4879 3094 4987 3154 5090  
 3186 5446 3143 5776 3166 6027 3098 6169 3048 6229 2992 6433 2950 6471  
 2866 6489 2668 6482 2560 6563 2467 6610 2350 6746 2046 6624 1789 6836  
 1582 6944 1489 6908 1181 6984  999 6952  876 6972  732 6930  586 6814  
  368 7118  170 6992  103 6798   76 6633    2 6535    0 6531            
M 533973            2    0    2    0    0    9                
H1 1    0    1    0    0    3 0101 0101                                 
L  1 9    1     9    52    02               5                           
10000    01000010000    010000    0    010000    0                      
H1 2    0    1    0    0    5 0101 0101                                 
L  2 2    1     0   212    02              21                           
 8621    0 8624   18 8638  279 8562  458 8716  637 8908  628 8913  757  
 8922  995 8689 1379 8837 1496 9119 1753 9168 1844 9192 1970 9218 2849  
 9322 4950 9344 5106 9417 5205 9624 5348 9800 5480 9851 572510000 6009  
M 533974            2    0    2    0    0    8                
H1 1    0    1    0    0    3 0101 0101                                 
L  1 9    1     9    52    02               5                           
10000    01000010000    010000    0    010000    0                      
H1 2    0    1    0    0    4 0101 0101                                 
L  2 2    1     0   112    02              11                           
    0 6009  142 6324  185 6467  246 6810  270 6942  233 7319  338 7547  
  227 7957  338 8295  218 8583    0 8824                                
M 533977            2    0    2    0    0   10                
H1 1    0    1    0    0    3 0101 0101                                 
L  1 9    1     9    52    02               5                           
10000    01000010000    010000    0    010000    0                      
H1 2    0    1    0    0    6 0101 0101                                 
L  2 2    1     0   242    02              24                           
 6665    0 6902  366 7426 1588 7760 2423 8003 3184 8239 4027 8538 5435  
 8691 5827 8771 6001 8731 6040 8709 6101 8709 6164 8723 6218 8855 6460  
 8920 6529 8800 7404 8764 7664 8681 8331 8661 8737 8974 8721 8986 8836  
 9044 8893 9652 872110000 8721                                          
