M 563803            2    0    2    0    0    7                
H1 1    0    1    0    0    3 0101 0101                                 
L  1 9    1     9    52    02               5                           
10000    01000010000    010000    0    010000    0                      
H1 2    0    1    0    0    3 0101 0101                                 
L  2 2    1     0    70    02               7                           
 9248 1124 9301 1179 9395 1306 9502 1534 9629 1583 9883 153610000 1637  
M 563804            2    0    2    0    0   11                
H1 1    0    1    0    0    3 0101 0101                                 
L  1 9    1     9    52    02               5                           
10000    01000010000    010000    0    010000    0                      
H1 2    0    1    0    0    7 0101 0101                                 
L  2 2    1     0   342    02              34                           
    0 1637  146 1764  546 1906  890 1982 1075 1847 1204 1835 1526 2043  
 1750 2204 2044 2416 2119 2463 2223 2496 2836 2636 3288 2405 3783 2485  
 4127 2816 4260 2852 4377 2876 4432 2887 4598 2921 5368 2941 5509 2968  
 5627 3042 6262 3739 6337 3807 6458 4000 6607 4602 6799 5381 7104 6066  
 7626 6363 8292 6742 8470 6991 8548 7221 8635 739810000 7718  
M 563805            2    0    2    0    0   15                
H1 1    0    1    0    0    3 0101 0101                                 
L  1 9    1     9    52    02               5                           
10000    01000010000    010000    0    010000    0                      
H1 2    0    1    0    0   11 0101 0101                                 
L  2 2    1     0   632    02              63                           
    0 7718  734 7923 1034 8052 1271 8186 1343 8228 1505 8375 1813 8401  
 1948 8512 2364 8371 2474 8410 2731 8252 3019 8453 3115 8582 3327 8861  
 3384 8894 3477 8910 3878 8773 3970 8780 4008 8806 4134 9033 4204 9100  
 4299 9122 4461 9100 4834 9200 5046 9038 5191 8592 5240 8438 5484 8204  
 5590 8210 5911 8465 6090 8530 6261 8513 6390 8768 6486 8851 6565 9154  
 6656 9240 6783 9258 6922 9139 7231 9258 7301 9144 7414 9122 7480 8927  
 7327 8810 7156 8436 7158 8006 7238 7867 7144 7144 7456 6842 7435 6681  
 7522 6596 7513 6514 7487 6373 7724 6288 7855 6082 8128 6008 8248 6036  
 9082 5637 9478 5414 9570 5352 9628 5236 9680 5206 9904 516710000 5453  
M 563806            2    0    2    0    0   12                
H1 1    0    1    0    0    3 0101 0101                                 
L  1 9    1     9    52    02               5                           
10000    01000010000    010000    0    010000    0                      
H1 2    0    1    0    0    8 0101 0101                                 
L  2 2    1     0   392    00              39                           
    0 5453  285 6161  415 6363  498 6494  588 6771  702 6960  767 7140  
 1374 7942 2061 8512 2419 8835 2530 8933 2595 8828 2597 8790 2583 8251  
 2597 7871 2601 7804 2690 7226 2714 7081 2758 7036 2933 6983 3208 6994  
 3320 6998 3488 6977 3930 6916 4343 6849 4702 6760 4759 6760 5739 6890  
 5997 6854 5990 6634 6015 6533 6039 6480 6279 5963 6281 5922 6296 5835  
 6308 5226 6302 4890 6179 4217 5947 3620  
