M 563803            2    0    2    0    0    7                
H1 1    0    1    0    0    3 0101 0101                                 
L  1 9    1     9    02    02               5                           
10000    01000010000    010000    0    010000    0                      
H1 2    0    1    0    0    3 0101 0101                                 
L  2 2    1     0    00    02               7                           
 9248 1124 9301 1179 9395 1306 9502 1534 9629 1583 9883 153610000 1637  
M 563804            2    0    2    0    0   11                
H1 1    0    1    0    0    3 0101 0101                                 
L  1 9    1     9    02    02               5                           
10000    01000010000    010000    0    010000    0                      
H1 2    0    1    0    0    7 0101 0101                                 
L  2 2    1     0    02    02              34                           
    0 1637  146 1764  546 1906  890 1982 1075 1847 1204 1835 1526 2043  
 1750 2204 2044 2416 2119 2463 2223 2496 2836 2636 3288 2405 3783 2485  
 4127 2816 4260 2852 4377 2876 4432 2887 4598 2921 5368 2941 5509 2968  
 5627 3042 6262 3739 6337 3807 6458 4000 6607 4602 6799 5381 7104 6066  
 7626 6363 8292 6742 8470 6991 8548 7221 8635 739810000 7718  
M 563805            2    0    2    0    0   13                
H1 1    0    1    0    0    3 0101 0101                                 
L  1 9    1     9    02    02               5                           
10000    01000010000    010000    0    010000    0                      
H1 2    0    1    0    0    9 0101 0101                                 
L  2 2    1     0    02    02              45                           
    0 7718  734 7923 1034 8052 1271 8186 1343 8228 1505 8375 1813 8401  
 1948 8512 2364 8371 2474 8410 2731 8252 3019 8453 3115 8582 3327 8861  
 3384 8894 3477 8910 3878 8773 3970 8780 4008 8806 4134 9033 4204 9100  
 4299 9122 4461 9100 4834 9200 5046 9038 5191 8592 5240 8438 5484 8204  
 5590 8210 5911 8465 6090 8530 6261 8513 6390 8768 6486 8851 6565 9154  
 6656 9240 6783 9258 6922 9139 7231 9258 7328 9334 7404 9556 7597 9697  
 7740 9710 7815 9770 792610000  
M 563807            2    0    2    0    0   35                
H1 1    0    1    0    0    3 0101 0101                                 
L  1 9    1     9    02    02               5                           
10000    01000010000    010000    0    010000    0                      
H1 2    0    1    0    0   31 0101 0101                                 
L  2 2    1     0    02    02             203                           
 849110000 8492 9967 8576 9844 8546 9763 8607 9599 8753 9540 8802 9477  
 8809 9408 8781 9171 8806 8977 8904 8916 8937 8446 9063 8385 9072 8047  
 8986 7898 9079 7796 9033 7636 8953 7556 8910 7462 8907 7339 8862 7154  
 8730 7004 8648 6823 8562 6711 8509 6464 8412 6441 8344 6360 8318 6209  
 8185 6012 8033 5954 8027 5893 7767 5897 7683 5877 7678 5833 7833 5596  
 7962 5504 8098 5445 8196 5348 8337 5087 8386 5026 8416 4874 8498 4787  
 8527 4769 8572 4686 8709 4569 8771 4499 8834 4377 9030 4268 9067 4226  
 9302 3797 9280 3691 9503 3518 9714 3280 9648 3180 9661 3080 9599 2986  
 9589 2933 9631 2526 9593 2277 9543 2225 9513 2102 9493 2072 9410 2034  
 9295 2011 9236 1981 9126 1857 9002 1802 8959 1814 8838 2043 8818 2020  
 8824 1997 8826 1982 8826 1967 8825 1960 8824 1959 8822 1959 8810 1968  
 8803 1976 8785 1985 8781 1985 8774 1983 8769 1982 8759 1980 8751 1979  
 8741 1979 8726 1987 8715 1988 8705 1982 8702 1981 8671 1981 8667 1979  
 8655 1969 8616 1931 8577 1926 8559 1921 8529 1880 8495 1862 8443 1825  
 8413 1816 8377 1807 8348 1814 8240 1898 8212 1906 8185 1945 8161 1956  
 8129 1957 8107 1954 8080 1941 8060 1937 8011 1941 7985 1935 7947 1914  
 7911 1911 7885 1905 7858 1887 7823 1871 7786 1841 7738 1827 7693 1818  
 7668 1829 7632 1804 7614 1788 7604 1770 7544 1732 7506 1703 7473 1707  
 7424 1700 7391 1702 7348 1691 7324 1680 7311 1664 7279 1558 7268 1539  
 7252 1528 7232 1520 7204 1479 7185 1471 7138 1473 7062 1416 7022 1363  
 6988 1321 6965 1274 6943 1262 6924 1213 6901 1184 6893 1165 6888 1128  
 6880 1098 6867 1073 6848 1049 6823 1033 6813 1019 6796  976 6786  969  
 6756  958 6723  907 6639  832 6611  775 6582  757 6568  733 6551  713  
 6535  698 6510  685 6505  678 6506  637 6499  623 6452  593 6415  569  
 6401  538 6357  512 6339  496 6304  461 6290  434 6289  413 6297  372  
 6289  355 6255  346 6246  332 6246  319 6249  307 6297  318 6301  314  
 6301  303 6260  226 6258  216 6259  207 6263  203 6274  203 6288  212  
 6329  242 6341  250 6344  243 6359  198 6365  171 6359  149 6356  110  
 6347  118 6345  176 6339  188 6331  185 6312   81 6303   47 6270    0  
M 563815            2    0    2    0    0    8                
H1 1    0    1    0    0    3 0101 0101                                 
L  1 9    1     9    02    02               5                           
10000    01000010000    010000    0    010000    0                      
H1 2    0    1    0    0    4 0101 0101                                 
L  2 2    1     0    02    02              14                           
 7926    0 8089   89 8300  265 8352  404 8339  795 8343  865 8523 1684  
 8600 1825 8818 2045 9044 2107 9630 2644 9768 3280 9895 347410000 3554  
M 563816            2    0    2    0    0   13                
H1 1    0    1    0    0    3 0101 0101                                 
L  1 9    1     9    02    02               5                           
10000    01000010000    010000    0    010000    0                      
H1 2    0    1    0    0    9 0101 0101                                 
L  2 2    1     0    02    02              43                           
    0 3554  622 3670  949 3757 1112 3755 1188 3735 1624 3541 2148 3260  
 2598 3018 2702 2989 3054 2975 3175 2979 3499 3027 3684 3072 3824 3118  
 3920 3169 4012 3235 4113 3328 4170 3402 4245 3531 4381 3832 4452 3974  
 4486 4026 4559 4122 4654 4207 5041 4485 5874 5075 5929 5116 6037 5194  
 6408 5451 6513 5499 6675 5545 6839 5517 6992 5448 8141 4985 8313 4916  
 8596 4802 8692 4763 9155 4538 9190 4527 9285 4498 9454 4484 9731 4534  
10000 4550  
M 563817            2    0    2    0    0   15                
H1 1    0    1    0    0    3 0101 0101                                 
L  1 9    1     9    02    02               5                           
10000    01000010000    010000    0    010000    0                      
H1 2    0    1    0    0   11 0101 0101                                 
L  2 2    1     0    02    02              57                           
    0 4550  209 4510  474 4460 1150 4212 1812 4095 1898 4080 2030 4131  
 2222 4193 2448 3990 2673 3918 3226 4297 3625 4246 3895 4350 4163 4299  
 5454 3648 5588 3595 6051 3523 6151 3522 6316 3571 6688 3880 6911 3914  
 7079 3919 7298 3955 7413 4074 7568 4089 7635 4213 7986 4597 8226 4538  
 8227 4455 8482 4396 8529 4278 8568 4290 8609 4169 8625 3999 8752 3832  
 8713 3705 8705 3580 8659 3451 8743 3222 8717 3142 8588 3012 8566 2934  
 8594 2653 8667 2549 8780 2439 8653 2180 8651 2075 8448 1820 8348 1437  
 8391 1165 8519  948 8557  716 8636  513 8607  221 8582  166 8486  132  
 8491    0  
