M 513903三宅島                2    6   13    6    0   96                
H2 1    6    7    6    0   77 0506 0506                                 
N  1 2    1  524 5052 0 2    1   -1    0    0    0    0    0    0    0  
N  1 2    2  650 5230 0 2    2   -2    0    0    0    0    0    0    0  
N  1 2    3  982 5523 0 2    3   -3    0    0    0    0    0    0    0  
N  1 2    4 1132 5051 0 2    4   -4    0    0    0    0    0    0    0  
N  1 1    5 874710000 1 3    5   -6    7    0    0    0    0    0    0  
N  1 1    610000 5357 1 3   -7   -5    6    0    0    0    0    0    0  
L  1 5    1     0    10    101338199999    11                           
  524 5052  528 5053  557 5045  567 5048  575 5053  572 5064  552 5085  
  504 5085  492 5068  498 5052  524 5052                                
L  1 5    2     0    20    201338199999    14                           
  650 5230  644 5216  640 5178  632 5167  616 5159  604 5162  604 5151  
  612 5143  628 5138  660 5105  682 5171  684 5190  680 5206  650 5230  
L  1 5    3     0    30    301338199999    20                           
  982 5523  948 5525  938 5517  928 5504  908 5501  896 5492  891 5479  
  899 5433  909 5419  919 5392  953 5358  980 5344  996 5347 1014 5361  
 1041 5421 1045 5448 1039 5469 1027 5491 1007 5510  982 5523            
L  1 5    4     0    40    401338199999    18                           
 1132 5051 1104 5078 1083 5094 1041 5136 1013 5152 1011 5150 1011 5136  
 1007 5114 1007 5093 1024 5047 1036 5028 1050 5034 1070 5034 1124 5010  
 1142 4999 1144 5013 1142 5037 1132 5051                                
L  1 5    5     0    51    611338199999   276                           
 874710000 8686 9967 8672 9945 8683 9902 8707 9875 8751 9889 8765 9922  
 8781 9909 8791 9890 8775 9868 8767 9838 8792 9798 8816 9768 8836 9730  
 8836 9676 8825 9630 8811 9592 8701 9450 8675 9426 8622 9363 8586 9287  
 8554 9259 8510 9229 8482 9215 8464 9221 8440 9215 8418 9196 8378 9171  
 8352 9173 8332 9162 8314 9124 8288 9089 8262 9083 8236 9064 8231 9045  
 8233 9037 8187 8996 8169 9012 8153 9006 8161 8976 8167 8960 8145 8957  
 8131 8944 8119 8935 8115 8930 8119 8911 8101 8873 8120 8841 8106 8824  
 8100 8800 8092 8786 8092 8767 8100 8767 8116 8776 8126 8741 8142 8735  
 8114 8716 8126 8703 8144 8730 8160 8722 8167 8679 8177 8655 8169 8644  
 8165 8617 8175 8611 8165 8603 8149 8578 8143 8576 8143 8570 8159 8562  
 8193 8557 8212 8541 8210 8530 8185 8533 8186 8514 8206 8506 8216 8495  
 8200 8501 8204 8471 8230 8455 8264 8461 8268 8442 8246 8436 8252 8409  
 8275 8398 8275 8358 8285 8336 8295 8347 8299 8339 8323 8318 8331 8315  
 8337 8326 8345 8326 8361 8305 8371 8302 8391 8316 8407 8324 8413 8316  
 8460 8300 8450 8284 8534 8250 8572 8199 8623 8107 8671 7880 8671 7823  
 8651 7820 8623 7834 8583 7822 8551 7803 8533 7789 8533 7781 8547 7779  
 8577 7784 8629 7753 8631 7744 8616 7693 8590 7620 8572 7535 8590 7517  
 8597 7514 8647 7536 8648 7544 8636 7542 8619 7528 8594 7525 8584 7536  
 8590 7579 8634 7696 8645 7718 8674 7704 8656 7582 8660 7574 8662 7563  
 8672 7558 8724 7691 8752 7689 8758 7711 8800 7689 8763 7554 8753 7551  
 8735 7556 8715 7548 8691 7531 8647 7482 8571 7427 8559 7443 8547 7432  
 8547 7405 8531 7410 8517 7410 8517 7386 8535 7362 8531 7337 8504 7302  
 8496 7278 8496 7269 8506 7259 8498 7237 8482 7245 8478 7250 8462 7234  
 8462 7204 8484 7188 8475 7118 8475 7077 8481 7053 8477 7009 8465 6998  
 8461 6974 8467 6963 8462 6909 8470 6887 8476 6828 8482 6809 8476 6793  
 8481 6779 8505 6788 8511 6788 8525 6769 8547 6710 8549 6680 8535 6680  
 8525 6655 8527 6655 8540 6637 8548 6607 8534 6569 8528 6528 8532 6498  
 8542 6493 8560 6496 8565 6485 8577 6423 8589 6407 8613 6418 8639 6453  
 8663 6478 8683 6470 8711 6446 8735 6400 8752 6338 8760 6268 8765 6190  
 8759 6127 8743 6073 8746 6000 8762 5927 8760 5895 8767 5865 8755 5805  
 8759 5794 8767 5792 8799 5827 8803 5808 8799 5776 8807 5752 8826 5736  
 8850 5733 8854 5739 8863 5760 8879 5771 8898 5761 8924 5766 8965 5805  
 8999 5824 9029 5849 9049 5873 9071 5876 9154 5842 9176 5818 9194 5821  
 9220 5848 9230 5851 9298 5846 9326 5825 9352 5817 9368 5795 9385 5712  
 9389 5709 9411 5723 9435 5742 9445 5745 9467 5726 9473 5723 9485 5737  
 9493 5740 9505 5726 9521 5700 9552 5678 9560 5657 9522 5583 9522 5556  
 9538 5529 9563 5521 9599 5514 9607 5508 9615 5525 9611 5500 9611 5462  
 9627 5416 9651 5406 9666 5387 9670 5376 9686 5355 9694 5350 9714 5350  
 9736 5372 9762 5412 9790 5426 9818 5429 9864 5427 9930 5412 9950 5396  
 9970 5369 9986 535810000 5357                                          
L  1 9    6     9    61    518888899999     5                           
10000 535710000    0    0    0    010000 874710000                      
L  1 9    7     9    51    618888813381     3                           
 874710000100001000010000 5357                                          
A  113381    1  532 5065   1                                            
   -1                                                                   
A  113381    2  656 5167   1                                            
   -2                                                                   
A  113381    3  971 5434   1                                            
   -3                                                                   
A  113381    4 1061 5074   1                                            
   -4                                                                   
A  199999    5 2188 7480  10                                            
    5    6    0    1    0    2    0    3    0    4                      
A  113381    6 9400 7689   2                                            
    7   -5                                                              
H1 2    0    6    0    0   17 0506 0506                                 
L  2 4    1     0    00    00              13                           
 8628 8431 8534 8607 8551 8775 8523 8849 8554 8935 8529 9134 8554 9175  
 8705 9324 8801 9484 8857 9484 9003 9344 9004 9215 9027 9057            
L  2 4    2     0    00    00               4                           
 8790 9252 8834 9190 8859 9075 8774 8801                                
L  2 4    3     0    00    00               5                           
 8774 8801 8760 8787 8684 8550 8683 8505 8628 8431                      
L  2 4    4     0    00    00               3                           
 8774 8801 8853 8850 9027 9057                                          
L  2 4    5     0    00    00              21                           
 8628 8431 8651 8289 8722 8236 8751 8054 8797 7969 8809 7835 8853 7745  
 8857 7634 8833 7539 8893 7419 8917 7289 9046 7058 9147 6838 9203 6632  
 9159 6537 9199 6432 9328 6310 9734 6043 9834 6059 9976 583110000 5813  
L  2 4    6     0    00    00              16                           
 9027 9057 9073 9081 9112 9164 9055 9217 9055 9364 9107 9402 9061 9453  
 9062 9473 9112 9503 9112 9533 9070 9614 9187 9645 9251 9706 9293 9718  
 9286 9913 925910000                                                    
M 513904三宅                  3    2    7    2    1   73                
H2 1    2    3    2    0   55 0506 0506                                 
N  1 1    1    0 5357 1 3    1   -2    3    0    0    0    0    0    0  
N  1 1    2 520110000 1 3    2   -3   -1    0    0    0    0    0    0  
L  1 5    1     0    11    211338199999   308                           
    0 5357   18 5356   37 5340   39 5312   36 5291   45 5280   64 5291  
   83 5291  102 5271  159 5190  160 5139  163 5135  185 5160  234 5157  
  267 5143  287 5129  298 5106  301 5070  307 5044  328 5059  343 5062  
  372 5052  381 5052  385 5036  383 5029  393 5014  401 5016  413 5036  
  421 5067  439 5087  467 5103  502 5083  517 5100  521 5130  534 5151  
  580 5163  599 5158  615 5147  623 5156  622 5177  635 5211  646 5230  
  658 5226  672 5231  681 5253  704 5268  718 5246  741 5250  762 5269  
  783 5283  839 5283  930 5269  953 5258  973 5241  983 5243  998 5264  
 1019 5326 1029 5314 1041 5321 1040 5353 1052 5368 1137 5393 1269 5413  
 1330 5416 1383 5408 1432 5394 1477 5353 1511 5340 1666 5326 1706 5329  
 1756 5308 1788 5319 1796 5241 1812 5227 1826 5282 1840 5281 1856 5244  
 1916 5200 1943 5185 2023 5219 2045 5214 2037 5260 2037 5317 2049 5367  
 2071 5405 2107 5445 2151 5475 2200 5495 2223 5499 2270 5501 2313 5497  
 2338 5482 2352 5466 2369 5458 2376 5428 2386 5419 2395 5385 2409 5384  
 2435 5327 2448 5313 2460 5293 2464 5297 2473 5292 2498 5230 2504 5201  
 2503 5163 2519 5144 2554 5125 2576 5128 2595 5143 2611 5173 2635 5210  
 2644 5181 2657 5172 2660 5203 2658 5233 2676 5232 2725 5216 2755 5193  
 2788 5178 2807 5192 2833 5257 2839 5280 2833 5308 2822 5338 2801 5365  
 2806 5410 2810 5404 2863 5386 2872 5379 2888 5386 2897 5416 2917 5432  
 2943 5440 2955 5450 2957 5463 2982 5504 2996 5543 3007 5598 2995 5622  
 2974 5645 2973 5679 2985 5717 2991 5808 2989 5828 2977 5864 2981 5904  
 2990 5913 3032 5940 3049 5946 3092 5953 3104 5952 3149 5967 3189 5972  
 3202 5970 3214 5981 3248 6001 3289 6008 3306 5992 3329 5986 3345 5993  
 3351 6031 3349 6039 3421 6139 3449 6190 3504 6296 3540 6342 3578 6368  
 3584 6367 3631 6333 3633 6326 3654 6309 3670 6309 3721 6346 3714 6357  
 3687 6355 3686 6373 3695 6389 3758 6441 3773 6437 3774 6471 3789 6488  
 3892 6559 3914 6561 3935 6505 3936 6477 3925 6456 3937 6458 3960 6476  
 3978 6545 4005 6543 4058 6544 4090 6540 4147 6554 4167 6545 4174 6547  
 4204 6571 4224 6581 4249 6603 4294 6598 4329 6618 4330 6646 4337 6668  
 4335 6695 4354 6735 4430 6805 4458 6816 4485 6811 4503 6799 4530 6809  
 4548 6833 4556 6874 4574 6908 4602 6951 4628 6988 4633 7012 4640 7020  
 4663 7033 4662 7023 4674 7034 4690 7056 4698 7086 4696 7117 4665 7192  
 4687 7226 4711 7237 4718 7233 4766 7248 4791 7261 4819 7251 4834 7264  
 4840 7276 4851 7329 4872 7336 4909 7322 4933 7318 4951 7333 4958 7364  
 4954 7389 4973 7412 4973 7420 4950 7443 4940 7466 4950 7471 4976 7463  
 5014 7439 5031 7447 5048 7477 5051 7527 5073 7614 5108 7655 5126 7690  
 5134 7730 5108 7769 5143 7849 5146 7845 5186 7833 5251 7829 5278 7841  
 5306 7870 5314 7913 5295 7940 5268 7962 5267 7966 5268 8040 5283 8101  
 5283 8137 5290 8173 5311 8194 5330 8222 5335 8326 5349 8362 5356 8401  
 5351 8457 5357 8493 5362 8504 5359 8528 5337 8536 5326 8561 5344 8585  
 5320 8626 5310 8664 5308 8884 5303 8940 5302 9028 5315 9078 5346 9112  
 5356 9119 5424 9130 5444 9155 5436 9178 5471 9193 5466 9197 5441 9201  
 5369 9200 5351 9189 5300 9230 5288 9249 5268 9300 5246 9410 5186 9490  
 5177 9526 5143 9726 5141 9760 5148 9835 5166 9909 5186 9968 520110000  
L  1 9    2     9    21    118888899999     5                           
 520110000100001000010000    0    0    0    0 5357                      
L  1 9    3     9    11    218888813381     3                           
    0 5357    010000 520110000                                          
A  199999    1 7522 7470   2                                            
    1    2                                                              
A  113381    2 2524 7476   2                                            
    3   -1                                                              
H1 2    0    4    0    0   14 0506 0506                                 
L  2 4    1     0    00    00               5                           
 3427 6463 3452 6439 3577 6444 3965 6708 3899 6811                      
L  2 4    2     0    00    00               4                           
 3427 6463 3542 6499 3781 6746 3899 6811                                
L  2 4    3     0    00    00              29                           
    0 5813  174 5681  315 5526  447 5435  585 5403  675 5465  742 5601  
  800 5609  908 5569 1056 5599 1174 5510 1304 5584 1592 5555 1826 5561  
 1936 5720 1997 5702 2097 5593 2197 5635 2302 5555 2371 5561 2476 5726  
 2563 5781 2678 5703 2811 5817 2898 6165 3038 6340 3103 6489 3293 6517  
 3427 6463                                                              
L  2 4    4     0    00    00              20                           
 3899 6811 4076 6963 4244 7205 4314 7247 4464 7260 4599 7317 4797 7676  
 4782 7905 4931 8296 4859 8845 5037 9206 5041 9271 5143 9378 5136 9433  
 5058 9443 5023 9493 5027 9569 5074 9677 5117 9966 513510000            
H1 7    0    0    0    1    1 0506 0506                                 
P  753    1 5000 9200 0 0                                               
M 513913三宅島                2    2    7    2    0   40                
H2 1    2    3    2    0   24 0506 0506                                 
N  1 1    110000 4005 1 3    1   -3   -2    0    0    0    0    0    0  
N  1 1    2 8747    0 1 3    3   -1    2    0    0    0    0    0    0  
L  1 5    1     0    11    211338199999    91                           
10000 4005 9958 3980 9948 3985 9924 3974 9898 3950 9872 3963 9856 3974  
 9816 3946 9786 3940 9758 3943 9742 3924 9712 3896 9700 3896 9680 3877  
 9647 3809 9601 3736 9593 3730 9571 3681 9550 3554 9463 3323 9436 3220  
 9412 3168 9400 3127 9410 3065 9455 2971 9496 2901 9536 2817 9581 2737  
 9599 2694 9607 2637 9606 2588 9606 2537 9614 2491 9624 2475 9675 2416  
 9713 2378 9739 2332 9774 2246 9776 2235 9774 2187 9781 2143 9801 2068  
 9799 2041 9793 2008 9768 1992 9700 1934 9682 1888 9682 1839 9662 1790  
 9621 1717 9579 1681 9459 1677 9431 1644 9405 1655 9387 1655 9373 1649  
 9341 1614 9327 1570 9317 1510 9298 1459 9288 1443 9278 1386 9284 1321  
 9295 1275 9295 1264 9313 1221 9342 1143 9344 1078 9342 1061 9312 1029  
 9276  982 9227  903 9143  791 9079  742 9049  731 9006  676 8954  622  
 8906  553 8902  548 8878  499 8851  412 8827  317 8832  247 8820  187  
 8816  130 8835   82 8835   52 8821   38 8801   41 8757    5 8747    0  
L  1 9    2     9    21    118888899999     5                           
 8747    0    0    0    010000100001000010000 4005                      
L  1 9    3     9    21    111338188888     3                           
 8747    010000    010000 4005                                          
A  199999    1 5000 4792   2                                            
    1    2                                                              
A  113381    2 9892 2002   2                                            
   -3   -1                                                              
H1 2    0    4    0    0   14 0506 0506                                 
L  2 4    1     0    00    00              13                           
 9361 1616 9357 1463 9340 1429 9353 1419 9466 1455 9543 1452 9552 1476  
 9489 1544 9481 1592 9512 1611 9584 1580 9636 1612 9652 1591            
L  2 4    2     0    00    00              35                           
 9259    0 9272   29 9338   35 9371   62 9353  108 9402  169 9383  189  
 9291  181 9279  200 9362  323 9403  343 9417  452 9467  482 9510  550  
 9573  549 9614  590 9596  667 9666  717 9676  755 9658  814 9664  867  
 9647  909 9674  965 9730  976 9688 1056 9634 1103 9616 1164 9553 1288  
 9574 1311 9669 1214 9682 1223 9669 1284 9687 1334 9616 1485 9652 1591  
L  2 4    3     0    00    00              11                           
10000 2981 9924 2908 9890 2837 9890 2688 9905 2365 9898 2301 9929 2132  
 9978 2062 9923 2001 9969 191210000 1896                                
L  2 4    4     0    00    00               5                           
10000 1777 9949 1795 9781 1729 9722 1720 9652 1591                      
M 513914三宅島                3    2    7    2    3   71                
H2 1    2    3    2    0   44 0506 0506                                 
N  1 1    1 5201    0 1 3    1    3   -2    0    0    0    0    0    0  
N  1 1    2    0 4005 1 3   -1    2   -3    0    0    0    0    0    0  
L  1 5    1     0    11    211338199999   226                           
 5201    0 5216   32 5251   74 5279   78 5293  100 5311  151 5318  213  
 5318  272 5282  389 5285  434 5305  498 5318  506 5376  512 5388  517  
 5401  550 5386  590 5395  607 5423  645 5427  665 5436  687 5457  702  
 5506  722 5560  756 5583  785 5586  815 5574  847 5549  862 5494  866  
 5492  870 5483  898 5496  869 5490  908 5488  948 5497 1003 5513 1064  
 5522 1133 5520 1249 5505 1325 5456 1532 5433 1586 5416 1658 5426 1691  
 5448 1703 5477 1689 5500 1685 5514 1692 5516 1717 5507 1764 5514 1849  
 5504 1864 5474 1874 5445 1873 5404 1884 5371 1906 5354 1935 5345 2022  
 5346 2057 5339 2129 5344 2147 5339 2171 5339 2216 5308 2305 5262 2417  
 5217 2542 5184 2622 5153 2666 5117 2704 5062 2805 5042 2851 5024 2907  
 5044 2953 5034 2961 5018 2956 4996 2962 4989 2992 4933 2966 4856 2997  
 4816 3024 4732 3091 4656 3164 4607 3228 4556 3302 4574 3326 4587 3370  
 4583 3386 4562 3394 4471 3387 4432 3410 4406 3434 4375 3456 4358 3491  
 4352 3533 4343 3548 4266 3588 4225 3603 4187 3607 4101 3600 4055 3625  
 4039 3648 4032 3683 4032 3831 4022 3888 3991 3968 3949 4012 3909 4046  
 3867 4073 3820 4121 3759 4175 3711 4201 3684 4212 3635 4240 3601 4268  
 3565 4286 3538 4317 3506 4370 3475 4403 3454 4440 3439 4487 3427 4503  
 3396 4471 3361 4458 3325 4450 3303 4466 3290 4438 3267 4416 3229 4408  
 3150 4410 3138 4428 3129 4468 3086 4479 3058 4463 3040 4475 3019 4505  
 3000 4507 2971 4477 2955 4496 2925 4522 2883 4541 2861 4523 2852 4484  
 2827 4460 2788 4483 2756 4476 2719 4478 2712 4495 2712 4507 2701 4534  
 2713 4543 2743 4536 2758 4525 2777 4494 2806 4494 2814 4497 2810 4505  
 2784 4509 2780 4524 2760 4532 2743 4560 2722 4575 2694 4580 2675 4578  
 2663 4587 2626 4601 2605 4598 2565 4585 2514 4591 2489 4601 2461 4599  
 2422 4586 2394 4547 2388 4545 2348 4510 2311 4491 2264 4487 2244 4489  
 2189 4505 2132 4536 2097 4577 2072 4598 2040 4601 2001 4598 1964 4584  
 1925 4576 1877 4550 1834 4495 1798 4461 1725 4352 1686 4306 1639 4274  
 1599 4257 1575 4217 1492 4173 1429 4133 1379 4088 1335 4054 1275 4036  
 1208 4029 1144 4038 1082 4065 1037 4090  994 4138 1003 4150 1008 4170  
  993 4172  961 4186  932 4235  933 4226  954 4189  972 4171  952 4150  
  935 4156  823 4287  792 4310  780 4312  707 4275  644 4226  585 4196  
  396 4145  308 4157  260 4178  207 4197  158 4200  113 4182   64 4058  
   40 4032    0 4005                                                    
L  1 9    2     9    21    118888899999     5                           
    0 4005    010000100001000010000    0 5201    0                      
L  1 9    3     9    11    218888813381     3                           
 5201    0    0    0    0 4005                                          
A  199999    1 5000 4851   2                                            
    1    2                                                              
A  113381    2 2630 2424   2                                            
    3   -1                                                              
H1 2    0    4    0    0   18 0506 0506                                 
L  2 4    1     0    00    00               8                           
 1354 3932 1285 3889 1179 3884 1055 3938  978 4039  848 4137  700 4015  
  653 3877                                                              
L  2 4    2     0    00    00              58                           
 5135    0 5169   62 5267  139 5239  366 5261  506 5102  627 5066  724  
 5152  880 5172  986 5135 1062 5034 1105 4976 1290 4866 1293 4870 1330  
 4929 1348 4981 1435 5017 1386 5054 1399 4966 1596 5057 1799 4927 2456  
 4910 2636 4864 2789 4712 3026 4622 3053 4494 3184 4477 3280 4403 3289  
 4214 3490 4034 3539 3948 3676 3812 3690 3721 3755 3399 3841 3000 4071  
 2950 4078 2809 4157 2631 4167 2583 4183 2471 4161 2328 4160 2257 4130  
 2199 4118 2139 4035 2025 4027 1940 3972 1848 3993 1778 3995 1674 3948  
 1505 3795 1484 3661 1449 3637 1339 3743 1196 3731 1092 3753  991 3729  
  769 3893  653 3877                                                    
L  2 4    3     0    00    00              11                           
  653 3877  598 3794  503 3731  409 3523  339 3385  285 3367  238 3263  
  257 3172  242 3116  159 3101    0 2981                                
L  2 4    4     0    00    00               5                           
    0 1896   29 1881   78 1802   84 1771    0 1777                      
H1 7    0    0    0    3    6 0506 0506                                 
P  7 2    1 2667    0 0 1                                               
01 2 2667    0              00  雄山                                    
P  7 7    2 2667 1998 0 1                                               
01 3 2667 1998              00  三宅島                                  
P  7 1    3 1333    0 0 1                                               
01 3 1333    0              00  三宅村                                  
M 513920神津島                1    5    6    5    0   50                
H2 1    5    6    5    0   49 0506 0506                                 
N  1 2    1 6338 1663 0 2    1   -1    0    0    0    0    0    0    0  
N  1 2    2 6393 2173 0 2    2   -2    0    0    0    0    0    0    0  
N  1 2    3 6560 1966 0 2    3   -3    0    0    0    0    0    0    0  
N  1 1    410000 3507 1 3    4   -6    5    0    0    0    0    0    0  
N  1 1    510000 2239 1 3    6   -4   -5    0    0    0    0    0    0  
L  1 5    1     0    10    101336499999    40                           
 6338 1663 6345 1667 6351 1683 6350 1734 6346 1742 6312 1766 6271 1811  
 6269 1833 6217 1894 6195 1902 6176 1895 6138 1859 6109 1840 6082 1795  
 6056 1768 6031 1728 6019 1695 6019 1661 6032 1638 6037 1635 6066 1601  
 6085 1593 6091 1584 6110 1589 6132 1628 6143 1628 6144 1653 6156 1662  
 6157 1677 6174 1693 6187 1738 6229 1765 6246 1770 6263 1750 6292 1735  
 6316 1717 6319 1697 6317 1686 6327 1671 6338 1663                      
L  1 5    2     0    20    201336499999    30                           
 6393 2173 6380 2154 6352 2156 6342 2144 6343 2127 6324 2100 6321 2085  
 6302 2075 6288 2056 6271 2066 6263 2054 6253 2017 6259 2002 6250 1972  
 6256 1944 6309 1925 6353 1888 6392 1879 6425 1889 6440 1903 6441 1924  
 6402 1919 6407 1957 6433 1990 6463 2033 6467 2052 6455 2109 6437 2126  
 6414 2166 6393 2173                                                    
L  1 5    3     0    30    301336499999    18                           
 6560 1966 6562 1968 6550 1999 6554 2062 6543 2071 6527 2073 6521 2048  
 6511 2038 6506 2017 6511 1992 6541 1969 6548 1922 6554 1920 6584 1896  
 6590 1911 6587 1927 6573 1943 6560 1966                                
L  1 5    4     0    41    511336499999    80                           
10000 3507 9991 3503 9986 3481 9992 3462 9986 3458 9975 3434 9952 3328  
 9950 3301 9972 3270 9976 3245 9972 3240 9948 3228 9923 3171 9925 3123  
 9930 3116 9892 3095 9876 3068 9872 3018 9846 2948 9854 2925 9840 2901  
 9815 2878 9808 2844 9817 2825 9817 2806 9835 2799 9855 2837 9873 2860  
 9879 2863 9874 2835 9874 2807 9873 2771 9858 2765 9857 2730 9861 2704  
 9857 2698 9857 2671 9888 2567 9871 2588 9864 2608 9826 2637 9816 2633  
 9819 2610 9824 2597 9838 2523 9851 2489 9876 2458 9896 2422 9938 2390  
 9964 2361 9976 2337 9973 2318 9967 2315 9945 2318 9921 2331 9915 2364  
 9915 2388 9904 2409 9892 2420 9884 2410 9865 2416 9842 2479 9819 2509  
 9810 2511 9797 2485 9798 2443 9805 2406 9823 2378 9847 2353 9879 2349  
 9882 2346 9881 2307 9892 2300 9914 2304 9924 2292 9947 2277 9949 2270  
 9967 2250 9995 224310000 2239                                          
L  1 9    5     9    41    519999988888     6                           
10000 35071000010000    010000    0    010000    010000 2239            
L  1 9    6     9    51    411336488888     2                           
10000 223910000 3507                                                    
A  113364    1 6118 1743   1                                            
   -1                                                                   
A  113364    2 6357 2026   1                                            
   -2                                                                   
A  113364    3 6537 1986   1                                            
   -3                                                                   
A  199999    4 3731 2568   8                                            
    4   -5    0    1    0    2    0    3                                
A  113364    5 9907 2872   2                                            
   -6   -4                                                              
M 513921神津島                3   21   25   21    3  289                
H2 1   21   22   21    0  257 0506 0506                                 
N  1 2    1 1322 8846 0 2    1   -1    0    0    0    0    0    0    0  
N  1 2    2 1119 8587 0 2    2   -2    0    0    0    0    0    0    0  
N  1 2    3 1087 8348 0 2    3   -3    0    0    0    0    0    0    0  
N  1 2    4  648 5514 0 2    4   -4    0    0    0    0    0    0    0  
N  1 2    5  538 1703 0 2    5   -5    0    0    0    0    0    0    0  
N  1 2    6 1485 1854 0 2    6   -6    0    0    0    0    0    0    0  
N  1 2    7  750 4576 0 2    7   -7    0    0    0    0    0    0    0  
N  1 2    8 2018 2561 0 2    8   -8    0    0    0    0    0    0    0  
N  1 2    9 2018 2404 0 2    9   -9    0    0    0    0    0    0    0  
N  1 2   10 2610 3680 0 2   10  -10    0    0    0    0    0    0    0  
N  1 2   11  406 1918 0 2   11  -11    0    0    0    0    0    0    0  
N  1 2   12  268 1957 0 2   12  -12    0    0    0    0    0    0    0  
N  1 2   13 5534 5021 0 2   13  -13    0    0    0    0    0    0    0  
N  1 2   14 4417 4798 0 2   14  -14    0    0    0    0    0    0    0  
N  1 2   15 4938 6390 0 2   15  -15    0    0    0    0    0    0    0  
N  1 2   16 5697 4598 0 2   16  -16    0    0    0    0    0    0    0  
N  1 2   17 5766 4095 0 2   17  -17    0    0    0    0    0    0    0  
N  1 2   18 5771 4269 0 2   18  -18    0    0    0    0    0    0    0  
N  1 2   19 4354 4256 0 2   19  -19    0    0    0    0    0    0    0  
N  1 1   20    0 2239 1 3   20  -22   21    0    0    0    0    0    0  
N  1 1   21    0 3507 1 3  -20   22  -21    0    0    0    0    0    0  
L  1 5    1     0    10    101336499999    13                           
 1322 8846 1320 8830 1324 8822 1341 8814 1351 8806 1361 8806 1367 8814  
 1368 8868 1358 8887 1348 8892 1330 8884 1326 8876 1322 8846            
L  1 5    2     0    20    201336499999    27                           
 1119 8587 1132 8571 1144 8560 1156 8555 1170 8558 1174 8541 1160 8522  
 1140 8514 1142 8481 1154 8436 1162 8433 1171 8419 1181 8417 1198 8460  
 1202 8498 1210 8531 1212 8582 1197 8631 1187 8634 1183 8658 1171 8666  
 1157 8660 1159 8631 1163 8620 1155 8612 1133 8617 1119 8587            
L  1 5    3     0    30    301336499999    22                           
 1087 8348 1087 8313 1093 8302 1105 8305 1121 8335 1133 8324 1127 8311  
 1125 8270 1136 8259 1152 8260 1171 8306 1165 8311 1173 8327 1175 8387  
 1171 8395 1159 8409 1147 8398 1137 8379 1135 8387 1117 8397 1109 8389  
 1087 8348                                                              
L  1 5    4     0    40    401336499999    12                           
  648 5514  644 5468  648 5455  660 5455  666 5457  678 5482  688 5525  
  685 5588  675 5596  653 5582  645 5566  648 5514                      
L  1 5    5     0    50    501336499999    11                           
  538 1703  536 1730  527 1752  523 1776  505 1787  499 1787  495 1770  
  506 1697  514 1687  528 1692  538 1703                                
L  1 5    6     0    60    601336499999     9                           
 1485 1854 1493 1851 1505 1900 1514 1925 1504 1933 1488 1930 1473 1897  
 1473 1870 1485 1854                                                    
L  1 5    7     0    70    701336499999    39                           
  750 4576  758 4570  768 4570  776 4560  788 4560  798 4554  806 4544  
  822 4538  824 4571  818 4587  802 4592  792 4606  782 4630  780 4652  
  784 4657  796 4649  808 4649  815 4682  801 4744  791 4760  781 4757  
  775 4736  777 4717  775 4703  771 4700  757 4703  743 4727  741 4738  
  729 4759  709 4748  699 4732  697 4716  703 4708  719 4643  726 4635  
  748 4624  762 4608  762 4592  750 4576                                
L  1 5    8     0    80    801336499999    11                           
 2018 2561 2009 2564 2003 2564 1988 2545 1972 2520 1972 2509 1988 2507  
 1998 2518 2020 2534 2024 2542 2018 2561                                
L  1 5    9     0    90    901336499999    13                           
 2018 2404 2030 2447 2028 2477 2016 2515 2006 2512 1980 2488 1972 2477  
 1970 2431 1980 2417 1998 2417 2004 2404 2013 2399 2018 2404            
L  1 5   10     0   100   1001336499999    11                           
 2610 3680 2604 3702 2580 3715 2570 3710 2560 3696 2556 3680 2562 3666  
 2570 3658 2586 3656 2608 3658 2610 3680                                
L  1 5   11     0   110   1101336499999    11                           
  406 1918  408 1916  426 1927  448 1951  448 2003  434 2008  428 2003  
  422 1978  406 1970  396 1956  406 1918                                
L  1 5   12     0   120   1201336499999    11                           
  268 1957  282 1952  320 1947  348 1972  346 1985  303 2007  287 2025  
  277 2017  275 2001  263 1982  268 1957                                
L  1 5   13     0   130   1301336499999    40                           
 5534 5021 5528 5035 5472 5053 5434 5075 5401 5088 5369 5090 5317 5076  
 5299 5076 5277 5086 5257 5086 5227 5040 5219 5015 5199 5004 5186 4993  
 5188 4974 5210 4942 5228 4929 5236 4902 5271 4848 5281 4851 5291 4867  
 5295 4832 5309 4751 5326 4713 5348 4692 5365 4738 5347 4768 5333 4811  
 5329 4851 5316 4897 5328 4927 5350 4952 5382 4958 5440 4966 5458 4975  
 5474 4988 5508 4986 5520 4994 5532 5011 5534 5021                      
L  1 5   14     0   140   1401336499999    14                           
 4417 4798 4417 4812 4411 4823 4359 4817 4337 4808 4329 4789 4337 4781  
 4361 4774 4365 4784 4389 4779 4391 4774 4401 4774 4409 4782 4417 4798  
L  1 5   15     0   150   1501336499999    18                           
 4938 6390 4950 6439 4944 6445 4922 6433 4906 6441 4894 6420 4890 6420  
 4882 6401 4880 6384 4884 6365 4883 6346 4907 6344 4915 6328 4927 6325  
 4937 6331 4939 6347 4939 6366 4938 6390                                
L  1 5   16     0   160   1601336499999    39                           
 5697 4598 5699 4595 5695 4636 5687 4671 5672 4695 5636 4711 5602 4714  
 5588 4708 5566 4686 5525 4626 5505 4620 5460 4634 5440 4628 5418 4639  
 5400 4644 5392 4636 5394 4606 5409 4563 5433 4517 5465 4444 5510 4404  
 5528 4369 5548 4364 5550 4350 5558 4345 5578 4361 5595 4321 5615 4305  
 5625 4302 5643 4305 5649 4327 5634 4370 5620 4386 5626 4403 5660 4446  
 5682 4490 5695 4530 5701 4568 5697 4598                                
L  1 5   17     0   170   1701336499999    26                           
 5766 4095 5768 4109 5764 4114 5744 4128 5730 4125 5710 4092 5706 4097  
 5708 4116 5704 4146 5708 4162 5718 4173 5722 4200 5713 4217 5669 4219  
 5657 4205 5652 4178 5656 4148 5668 4121 5688 4095 5690 4073 5698 4057  
 5710 4054 5726 4062 5738 4073 5758 4071 5766 4095                      
L  1 5   18     0   180   1801336499999    12                           
 5771 4269 5771 4271 5755 4306 5703 4290 5679 4273 5679 4254 5687 4233  
 5709 4230 5731 4233 5759 4250 5769 4261 5771 4269                      
L  1 5   19     0   190   1901336499999    12                           
 4354 4256 4352 4281 4342 4316 4324 4332 4308 4337 4292 4291 4302 4245  
 4314 4223 4330 4210 4344 4205 4356 4219 4354 4256                      
L  1 5   20     0   201   2111336499999   772                           
    0 2239   38 2201   80 2178  110 2178  112 2183  110 2218  121 2248  
  125 2254  111 2302   83 2340   99 2340  109 2327  119 2305  129 2278  
  158 2241  164 2243  159 2273  167 2298  183 2317  225 2352  245 2347  
  263 2301  272 2228  270 2220  274 2180  284 2150  281 2120  269 2109  
  263 2090  265 2079  283 2047  299 2026  329 2020  371 2034  383 2053  
  391 2059  391 2040  395 2035  419 2032  433 2065  439 2068  450 2022  
  468 2022  480 2027  485 2052  518 2036  520 2028  524 1971  520 1939  
  512 1919  521 1898  539 1882  541 1871  525 1863  523 1855  527 1828  
  554 1749  568 1728  580 1723  592 1731  592 1750  579 1825  583 1825  
  599 1796  617 1785  636 1769  662 1756  686 1756  724 1794  742 1797  
  747 1843  761 1860  779 1855  802 1812  806 1809  816 1833  831 1858  
  837 1853  861 1856  865 1864  873 1915  883 1945  887 1972  873 1996  
  895 2016  906 2051  929 2021  965 2014  945 1986  951 1968  973 1965  
 1037 1966 1063 1982 1079 2001 1077 2007 1087 2007 1147 1978 1162 1916  
 1172 1913 1186 1959 1198 1948 1218 1951 1214 1970 1231 1992 1252 1963  
 1246 1930 1246 1884 1250 1876 1260 1871 1268 1879 1272 1928 1278 1914  
 1298 1887 1300 1847 1313 1828 1337 1820 1342 1874 1342 1915 1396 1921  
 1422 1937 1438 1967 1452 1986 1458 1986 1470 1957 1492 1965 1510 1982  
 1510 2033 1528 2044 1562 2061 1564 2063 1593 1918 1607 1893 1627 1883  
 1651 1878 1663 1891 1663 1918 1673 1956 1682 2046 1696 2076 1704 2103  
 1704 2116 1717 2163 1726 2130 1736 2122 1744 2120 1752 2125 1758 2141  
 1757 2168 1747 2195 1727 2222 1733 2255 1750 2339 1758 2355 1762 2331  
 1751 2260 1753 2220 1763 2193 1769 2166 1780 2147 1784 2144 1811 2180  
 1821 2183 1828 2158 1844 2131 1868 2107 1876 2094 1902 2094 1906 2097  
 1914 2113 1926 2124 1940 2154 1936 2168 1938 2178 1962 2214 1979 2255  
 1985 2306 1981 2352 1970 2393 1944 2422 1930 2449 1924 2471 1928 2482  
 1983 2561 1987 2574 1987 2601 1977 2636 1978 2766 1961 2918 1994 3075  
 2018 3143 2046 3179 2098 3206 2134 3209 2164 3204 2170 3204 2182 3153  
 2181 3072 2189 3023 2221 2967 2235 2970 2257 2964 2284 2951 2308 2946  
 2318 2954 2326 2935 2356 2868 2336 2843 2323 2813 2323 2808 2349 2806  
 2355 2776 2371 2765 2379 2754 2381 2727 2395 2709 2407 2709 2413 2720  
 2445 2739 2449 2752 2449 2771 2455 2780 2479 2796 2527 2805 2545 2783  
 2561 2794 2569 2816 2561 2846 2563 2867 2551 2902 2530 2935 2500 2962  
 2482 2980 2494 2989 2522 2989 2536 2981 2532 2965 2540 2943 2550 2921  
 2567 2911 2576 2919 2588 2949 2602 2927 2615 2917 2653 2904 2653 2914  
 2641 2931 2640 2952 2672 2958 2672 2974 2658 2993 2662 3007 2670 3004  
 2680 2993 2708 2996 2706 3029 2720 3050 2732 3075 2738 3099 2748 3105  
 2772 3102 2804 3106 2799 3168 2785 3192 2769 3192 2759 3184 2757 3197  
 2761 3216 2779 3208 2787 3233 2785 3257 2775 3284 2768 3327 2746 3346  
 2708 3362 2704 3386 2714 3392 2730 3424 2705 3456 2695 3464 2669 3467  
 2671 3448 2647 3442 2645 3461 2607 3458 2607 3447 2593 3450 2589 3455  
 2597 3480 2595 3493 2534 3558 2518 3590 2514 3625 2518 3671 2527 3723  
 2545 3782 2567 3829 2616 3913 2690 4025 2734 4082 2797 4148 2855 4197  
 2917 4233 2985 4236 3009 4248 3051 4294 3077 4294 3095 4311 3103 4322  
 3129 4338 3143 4344 3169 4339 3193 4342 3205 4352 3257 4432 3260 4451  
 3284 4467 3322 4486 3362 4498 3388 4525 3410 4536 3440 4536 3464 4539  
 3476 4550 3480 4569 3504 4591 3536 4610 3588 4606 3594 4617 3654 4623  
 3702 4623 3724 4631 3771 4618 3789 4573 3783 4551 3777 4540 3773 4491  
 3818 4443 3838 4411 3867 4227 3879 4194 3886 4154 3892 4135 3912 4124  
 3946 4128 3948 4144 3954 4171 3960 4176 3982 4169 3992 4201 3998 4209  
 3989 4255 3995 4255 4060 4223 4136 4232 4156 4222 4182 4200 4198 4192  
 4204 4176 4263 4123 4277 4117 4279 4142 4276 4180 4288 4215 4280 4283  
 4247 4391 4259 4415 4277 4426 4295 4424 4301 4437 4313 4445 4325 4483  
 4341 4503 4345 4516 4340 4551 4324 4578 4298 4591 4264 4597 4234 4618  
 4232 4626 4235 4653 4268 4645 4274 4651 4279 4681 4275 4689 4253 4710  
 4232 4807 4208 4861 4139 4988 4127 5031 4116 5177 4118 5228 4125 5261  
 4141 5267 4156 5256 4160 5259 4163 5278 4145 5313 4151 5340 4189 5435  
 4240 5482 4258 5514 4302 5553 4314 5558 4312 5593 4294 5615 4282 5615  
 4255 5639 4229 5712 4215 5720 4197 5746 4158 5773 4138 5781 4122 5805  
 4090 5826 4068 5829 4058 5848 4069 5883 4041 5886 4007 5920 3999 5991  
 3991 6010 3992 6026 4004 6029 4008 6026 4020 6037 4038 6045 4036 6075  
 4018 6140 4004 6142 3994 6156 3985 6180 3975 6275 3969 6299 3970 6334  
 3968 6377 3954 6448 3964 6486 3969 6516 3957 6605 3956 6664 3962 6721  
 3958 6767 3943 6805 3921 6886 3913 6940 3896 6983 3886 7032 3896 7051  
 3934 7095 3934 7100 3911 7121 3913 7165 3907 7246 3888 7305 3896 7316  
 3910 7319 3912 7341 3902 7351 3884 7354 3870 7346 3858 7378 3838 7399  
 3813 7432 3807 7459 3730 7536 3700 7631 3675 7685 3653 7698 3649 7695  
 3639 7709 3607 7733 3559 7757 3534 7778 3474 7796 3456 7812 3428 7823  
 3370 7855 3347 7874 3227 7937 3201 7945 3189 7950 3182 7958 3160 7972  
 3134 8001 3086 8036 3027 8068 2989 8084 2911 8142 2870 8183 2832 8253  
 2773 8301 2695 8346 2655 8359 2508 8368 2468 8371 2454 8365 2442 8379  
 2408 8373 2396 8359 2380 8351 2181 8389 2161 8384 2153 8386 2139 8397  
 2123 8438 2117 8467 2076 8499 2038 8502 1970 8555 1970 8585 1974 8596  
 1982 8598 1987 8639 1975 8647 1967 8666 1971 8680 1963 8698 1937 8714  
 1915 8712 1877 8695 1855 8695 1830 8721 1796 8710 1800 8724 1800 8746  
 1782 8791 1753 8837 1721 8850 1673 8855 1645 8852 1623 8857 1615 8857  
 1605 8841 1581 8830 1531 8821 1487 8807 1447 8782 1397 8736 1373 8719  
 1361 8722 1347 8706 1345 8684 1321 8654 1298 8640 1289 8643 1291 8654  
 1281 8670 1267 8678 1255 8656 1252 8623 1236 8596 1220 8558 1210 8501  
 1211 8417 1195 8382 1197 8339 1193 8328 1211 8309 1215 8309 1230 8198  
 1208 8149 1203 8122 1213 8090 1207 8071 1181 8070 1145 8078 1139 8078  
 1119 8062 1089 8075 1085 8040 1095 8026 1093 8021 1075 7999 1065 7999  
 1061 8023 1053 8034 1041 8028 1031 8006 1031 7974 1041 7952 1041 7933  
 1035 7920 1021 7933  999 7925  992 7887  998 7871 1008 7860 1012 7836  
 1002 7833  988 7787  996 7771 1018 7763 1027 7717 1021 7703 1031 7679  
 1049 7668 1079 7655 1087 7658 1122 7607 1134 7577 1128 7547 1092 7509  
 1060 7490 1044 7468 1035 7397 1049 7354 1059 7346 1095 7330 1115 7314  
 1128 7295 1138 7301 1146 7317 1150 7312 1158 7233 1158 7179 1147 7144  
 1141 7095 1147 7087 1155 7055 1145 7038 1147 7014 1157 7009 1181 7028  
 1184 6995 1202 6952 1216 6952 1216 6931 1203 6820 1185 6741 1160 6605  
 1144 6564 1097 6494 1066 6504 1040 6501 1018 6487 1007 6468  997 6460  
  991 6425  969 6438  947 6438  933 6424  929 6416  911 6437  848 6450  
  812 6477  806 6477  780 6433  728 6376  692 6365  638 6380  628 6370  
  614 6378  592 6377  578 6366  548 6363  520 6344  516 6306  521 6260  
  527 6255  537 6233  533 6174  521 6146  524 6106  544 6087  550 6076  
  534 6079  520 6068  522 6041  532 6017  556 5998  564 6003  564 6028  
  578 6047  588 6044  593 6001  605 5996  627 6007  638 6026  657 6002  
  713 5943  724 5894  738 5867  752 5864  756 5870  778 5830  804 5819  
  816 5816  834 5827  880 5833  888 5825  931 5796  959 5785  969 5767  
  963 5680  956 5647  876 5628  842 5603  832 5619  807 5621  799 5616  
  792 5594  772 5586  746 5588  706 5574  698 5563  690 5531  684 5490  
  684 5458  679 5393  689 5371  709 5347  736 5250  742 5242  738 5225  
  724 5228  718 5225  712 5206  722 5149  718 5141  717 5087  735 5076  
  743 5063  788 4944  812 4931  856 4888  872 4858  871 4791  873 4764  
  887 4758  881 4715  862 4653  854 4612  852 4547  857 4506  861 4498  
  871 4414  882 4368  898 4333  916 4309  920 4280  923 4231  902 4038  
  872 3932  857 3829  843 3789  825 3767  799 3764  765 3772  655 3760  
  649 3765  595 3778  559 3759  533 3726  479 3717  431 3687  379 3667  
  363 3697  335 3694  317 3680  311 3656  311 3637  281 3623  257 3590  
  193 3587  165 3576  145 3548  125 3535   99 3526   91 3518   29 3512  
   11 3514    0 3507                                                    
L  1 9   21     9   201   2118888813364     2                           
    0 2239    0 3507                                                    
L  1 9   22     9   211   2018888899999     6                           
    0 3507    010000100001000010000    0    0    0    0 2239            
A  113364    1 1345 8848   1                                            
   -1                                                                   
A  113364    2 1192 8540   1                                            
   -2                                                                   
A  113364    3 1148 8334   1                                            
   -3                                                                   
A  113364    4  668 5526   1                                            
   -4                                                                   
A  113364    5  517 1736   1                                            
   -5                                                                   
A  113364    6 1488 1892   1                                            
   -6                                                                   
A  113364    7  749 4649   1                                            
   -7                                                                   
A  113364    8 2001 2535   1                                            
   -8                                                                   
A  113364    9 2000 2456   1                                            
   -9                                                                   
A  113364   10 2583 3684   1                                            
  -10                                                                   
A  113364   11  424 1962   1                                            
  -11                                                                   
A  113364   12  305 1986   1                                            
  -12                                                                   
A  113364   13 5280 4892   1                                            
  -13                                                                   
A  113364   14 4375 4798   1                                            
  -14                                                                   
A  113364   15 4909 6385   1                                            
  -15                                                                   
A  113364   16 5562 4508   1                                            
  -16                                                                   
A  113364   17 5683 4136   1                                            
  -17                                                                   
A  113364   18 5725 4267   1                                            
  -18                                                                   
A  113364   19 4324 4272   1                                            
  -19                                                                   
A  199999   20 7717 5075  40                                            
   20   22    0    1    0    2    0    3    0    4    0    5    0    6  
    0    7    0    8    0    9    0   10    0   11    0   12    0   13  
    0   14    0   15    0   16    0   17    0   18    0   19            
A  113364   21 2426 5372   2                                            
   21  -20                                                              
H1 2    0    3    0    0   24 0506 0506                                 
L  2 4    1     0    00    00              81                           
 1263 6988 1286 6952 1254 6781 1163 6500 1133 6457 1061 6413 1035 6378  
  995 6374  926 6272  879 6246  853 6206  862 6124  849 6088  868 6060  
  895 6070  902 6171  919 6182 1002 6114 1038 6116 1095 6160 1123 6161  
 1139 6141 1153 6061 1160 5905 1151 5844 1166 5800 1240 5784 1263 5758  
 1312 5605 1325 5503 1311 5439 1203 5424 1189 5394 1207 5343 1308 5352  
 1387 5317 1434 5242 1493 5214 1501 5146 1439 5084 1446 5041 1422 4988  
 1456 4924 1445 4760 1376 4686 1337 4692 1229 4605 1170 4527  942 4424  
  966 4311  965 4194  907 3857  921 3827  969 3816 1166 3822 1242 3921  
 1335 3915 1360 3831 1391 3801 1436 3786 1514 3772 1538 3787 1537 3817  
 1468 3876 1469 3897 1479 3907 1518 3897 1535 3911 1540 3985 1536 4005  
 1499 4050 1501 4070 1522 4077 1568 4021 1600 3957 1616 3938 1687 3906  
 1796 3814 1820 3740 1860 3685 1890 3574                                
L  2 4    2     0    00    00              34                           
 1001 2494 1117 2447 1199 2329 1232 2319 1400 2352 1414 2380 1405 2416  
 1360 2455 1371 2506 1470 2509 1530 2561 1561 2669 1591 2677 1641 2654  
 1680 2609 1771 2623 1792 2659 1787 2713 1771 2742 1770 2806 1762 2851  
 1732 2895 1716 2941 1726 2982 1746 3003 1746 3062 1762 3179 1748 3219  
 1750 3305 1793 3321 1850 3354 1866 3410 1899 3476 1890 3574            
L  2 4    3     0    00    00              23                           
 1890 3574 2048 3428 2123 3425 2168 3368 2247 3332 2326 3319 2408 3282  
 2460 3308 2479 3301 2531 3205 2575 3184 2606 3208 2608 3259 2577 3358  
 2539 3425 2453 3509 2436 3569 2482 3880 2507 3919 2528 3913 2517 3777  
 2477 3633 2482 3600                                                    
H1 7    0    0    0    3    5 0506 0506                                 
P  7 7    1 2288 5433 0 1                                               
01 3 2288 5433              00  神津島                                  
P  7 1    2 2000 6000 0 1                                               
01 4 2000 6000              00  神津島村                                
P  753    3 1022 4233 0 0                                               
M 513931式根                  3   13   19   13    1  202                
H2 1   13   14   13    0  183 0506 0506                                 
N  1 2    1 6389 7485 0 2    1   -1    0    0    0    0    0    0    0  
N  1 2    2 6911 7612 0 2    2   -2    0    0    0    0    0    0    0  
N  1 2    3 7816 7847 0 2    3   -3    0    0    0    0    0    0    0  
N  1 2    4 7140 7482 0 2    4   -4    0    0    0    0    0    0    0  
N  1 2    5 7212 7503 0 2    5   -5    0    0    0    0    0    0    0  
N  1 2    6 7536 7560 0 2    6   -6    0    0    0    0    0    0    0  
N  1 2    7 6438 9102 0 2    7   -7    0    0    0    0    0    0    0  
N  1 2    8 6775 9308 0 2    8   -8    0    0    0    0    0    0    0  
N  1 2    9 8160 7804 0 2    9   -9    0    0    0    0    0    0    0  
N  1 2   10 8275 8088 0 2   10  -10    0    0    0    0    0    0    0  
N  1 2   11 8354 8481 0 2   11  -11    0    0    0    0    0    0    0  
N  1 1   12 721810000 1 3   12  -14   13    0    0    0    0    0    0  
N  1 1   13 728010000 1 3   14  -13  -12    0    0    0    0    0    0  
L  1 5    1     0    10    101336399999    23                           
 6389 7485 6397 7520 6394 7536 6376 7535 6360 7513 6336 7502 6321 7507  
 6313 7502 6303 7502 6284 7493 6269 7493 6262 7488 6259 7475 6275 7451  
 6287 7440 6321 7451 6333 7423 6347 7420 6356 7444 6374 7444 6396 7433  
 6398 7459 6389 7485                                                    
L  1 5    2     0    20    201336399999    13                           
 6911 7612 6915 7584 6921 7574 6932 7574 6941 7585 6945 7607 6943 7630  
 6934 7650 6917 7651 6904 7658 6893 7650 6893 7632 6911 7612            
L  1 5    3     0    30    301336399999    15                           
 7816 7847 7832 7872 7826 7937 7821 7954 7808 7962 7804 7961 7802 7908  
 7789 7877 7790 7869 7782 7842 7787 7819 7797 7815 7800 7830 7812 7839  
 7816 7847                                                              
L  1 5    4     0    40    401336399999    11                           
 7140 7482 7157 7489 7157 7532 7151 7533 7140 7529 7126 7536 7116 7537  
 7119 7525 7118 7510 7128 7485 7140 7482                                
L  1 5    5     0    50    501336399999    11                           
 7212 7503 7221 7503 7220 7544 7183 7574 7174 7577 7168 7543 7176 7532  
 7185 7525 7183 7520 7191 7506 7212 7503                                
L  1 5    6     0    60    601336399999    18                           
 7536 7560 7537 7558 7548 7564 7557 7595 7564 7601 7554 7612 7541 7635  
 7535 7636 7530 7631 7517 7591 7504 7587 7493 7574 7507 7567 7511 7555  
 7515 7553 7518 7556 7536 7558 7536 7560                                
L  1 5    7     0    70    701336399999    12                           
 6438 9102 6426 9105 6419 9075 6421 9056 6443 8999 6460 8978 6478 8969  
 6478 8980 6470 9003 6456 9059 6455 9094 6438 9102                      
L  1 5    8     0    80    801336399999    11                           
 6775 9308 6800 9281 6816 9284 6819 9298 6817 9319 6806 9342 6793 9350  
 6786 9342 6771 9343 6775 9320 6775 9308                                
L  1 5    9     0    90    901336399999    10                           
 8160 7804 8175 7827 8179 7854 8170 7859 8152 7861 8146 7854 8136 7792  
 8142 7785 8148 7786 8160 7804                                          
L  1 5   10     0   100   1001336399999    21                           
 8275 8088 8288 8118 8287 8137 8266 8133 8256 8113 8250 8119 8245 8136  
 8236 8137 8232 8114 8219 8080 8222 8058 8230 8045 8235 8052 8240 8084  
 8245 8095 8255 8092 8256 8079 8248 8065 8246 8053 8261 8054 8275 8088  
L  1 5   11     0   110   1101336399999    20                           
 8354 8481 8352 8482 8353 8500 8329 8538 8318 8574 8313 8580 8304 8580  
 8292 8573 8292 8565 8304 8526 8306 8511 8299 8504 8293 8488 8295 8467  
 8302 8459 8309 8439 8318 8436 8332 8439 8348 8451 8354 8481            
L  1 5   12     0   121   1311336399999   689                           
 721810000 7217 9985 7208 9981 7199 9958 7179 9916 7149 9894 7126 9897  
 7111 9908 7109 9920 7132 9934 7129 9954 7110 9978 7089 9980 7057 9993  
 6996 9997 6944 9946 6943 9923 6948 9902 6968 9870 6987 9865 6989 9852  
 6985 9840 6973 9847 6962 9848 6959 9832 6959 9793 6950 9770 6935 9766  
 6923 9786 6906 9794 6896 9810 6884 9823 6897 9831 6898 9839 6882 9869  
 6883 9875 6906 9898 6914 9942 6909 9959 6900 9969 6888 9953 6876 9959  
 6864 9951 6857 9915 6844 9912 6840 9896 6844 9870 6832 9867 6825 9850  
 6835 9831 6840 9828 6838 9816 6826 9816 6816 9829 6804 9832 6795 9802  
 6768 9793 6751 9766 6739 9759 6740 9725 6754 9714 6763 9716 6762 9693  
 6779 9684 6801 9691 6819 9706 6825 9726 6822 9764 6828 9775 6852 9744  
 6862 9747 6867 9736 6859 9724 6854 9705 6837 9698 6829 9682 6832 9659  
 6824 9626 6814 9607 6799 9603 6813 9560 6817 9556 6833 9556 6861 9563  
 6859 9548 6846 9533 6835 9529 6835 9508 6842 9479 6883 9461 6895 9466  
 6911 9506 6916 9502 6899 9443 6904 9412 6920 9385 6941 9359 6933 9311  
 6935 9279 6933 9251 6921 9216 6900 9190 6880 9183 6839 9217 6829 9262  
 6818 9269 6808 9269 6799 9274 6792 9263 6773 9251 6776 9213 6767 9195  
 6763 9177 6778 9029 6786 9007 6787 8975 6781 8971 6766 8968 6745 8952  
 6725 8953 6698 8968 6689 8983 6694 9052 6688 9086 6676 9114 6664 9110  
 6644 9136 6633 9124 6637 9102 6650 9094 6656 9082 6658 9063 6633 9026  
 6640 8999 6653 8991 6664 8961 6667 8960 6674 8938 6693 8927 6703 8918  
 6698 8904 6691 8902 6682 8869 6666 8830 6647 8822 6640 8812 6609 8818  
 6591 8827 6592 8838 6568 8880 6531 8904 6505 8913 6488 8908 6474 8929  
 6466 8952 6430 9003 6402 9090 6360 9097 6338 9117 6329 9142 6309 9142  
 6304 9114 6292 9104 6286 9083 6283 9049 6292 9005 6309 8976 6333 8969  
 6350 8945 6340 8923 6345 8891 6329 8845 6314 8842 6314 8816 6299 8800  
 6305 8785 6340 8772 6351 8758 6359 8758 6382 8745 6382 8727 6389 8704  
 6384 8694 6361 8713 6349 8716 6334 8697 6327 8699 6315 8661 6306 8655  
 6239 8617 6232 8628 6218 8631 6204 8613 6203 8607 6187 8601 6179 8592  
 6182 8579 6168 8571 6165 8590 6158 8589 6154 8559 6125 8552 6109 8533  
 6063 8520 6050 8483 6039 8477 6007 8431 5979 8425 5961 8405 5959 8383  
 5945 8368 5908 8348 5906 8324 5887 8287 5870 8203 5860 8188 5851 8166  
 5850 8149 5856 8134 5844 8123 5828 8092 5792 8069 5782 8043 5778 8020  
 5780 8007 5802 7993 5802 7966 5807 7923 5820 7891 5827 7858 5852 7817  
 5858 7798 5880 7779 5908 7771 5951 7751 5962 7756 5978 7744 5984 7726  
 6012 7722 6029 7715 6069 7717 6096 7725 6098 7722 6087 7711 6066 7698  
 6052 7699 6044 7691 6046 7673 6028 7667 6019 7667 5972 7644 5926 7644  
 5920 7658 5908 7668 5894 7673 5887 7663 5888 7652 5904 7610 5923 7606  
 5959 7615 5955 7574 5966 7570 5982 7570 5997 7577 6011 7597 6023 7595  
 6047 7574 6058 7558 6083 7553 6090 7538 6110 7531 6119 7540 6145 7555  
 6168 7559 6168 7564 6176 7572 6187 7591 6206 7584 6239 7580 6262 7557  
 6264 7540 6277 7536 6289 7553 6293 7534 6311 7532 6339 7550 6354 7547  
 6360 7559 6372 7566 6376 7593 6388 7639 6392 7666 6401 7691 6397 7729  
 6414 7731 6423 7746 6430 7783 6413 7794 6406 7829 6408 7855 6440 7909  
 6458 7924 6459 7943 6455 7981 6454 8054 6459 8088 6475 8113 6485 8121  
 6489 8120 6520 8051 6530 8050 6532 8075 6517 8157 6523 8174 6533 8173  
 6535 8116 6541 8105 6547 8071 6555 8048 6587 8016 6603 8012 6607 8016  
 6628 8055 6629 8088 6626 8112 6613 8136 6609 8154 6594 8173 6578 8218  
 6585 8232 6598 8231 6608 8211 6630 8190 6640 8159 6660 8150 6688 8150  
 6703 8154 6718 8153 6763 8173 6775 8192 6788 8199 6804 8167 6816 8163  
 6832 8165 6853 8139 6838 8105 6833 8081 6837 8050 6835 8021 6821 8031  
 6806 8031 6815 8009 6792 7987 6786 7961 6801 7929 6822 7937 6829 7909  
 6852 7895 6854 7867 6842 7842 6814 7818 6813 7788 6817 7765 6829 7756  
 6828 7723 6836 7716 6881 7776 6894 7785 6904 7781 6902 7765 6904 7714  
 6913 7703 6927 7697 6936 7697 6954 7707 6960 7737 6967 7743 7016 7741  
 7021 7709 7026 7708 7035 7722 7044 7743 7053 7755 7056 7742 7071 7753  
 7082 7715 7095 7718 7102 7728 7111 7757 7143 7787 7166 7799 7142 7728  
 7130 7722 7121 7688 7127 7648 7133 7646 7153 7689 7165 7701 7168 7694  
 7152 7659 7139 7642 7147 7631 7153 7629 7165 7634 7183 7647 7199 7640  
 7206 7619 7208 7571 7237 7550 7246 7570 7250 7589 7232 7621 7230 7632  
 7249 7651 7257 7644 7266 7581 7284 7528 7301 7520 7309 7509 7318 7529  
 7328 7543 7329 7567 7318 7624 7320 7651 7343 7648 7352 7671 7361 7684  
 7360 7708 7370 7743 7374 7745 7397 7735 7401 7736 7414 7753 7440 7753  
 7447 7750 7452 7671 7458 7667 7480 7675 7495 7692 7510 7688 7518 7666  
 7525 7667 7532 7688 7530 7720 7555 7740 7564 7734 7568 7709 7574 7673  
 7580 7635 7597 7628 7648 7658 7659 7675 7655 7698 7666 7739 7630 7782  
 7630 7801 7642 7820 7661 7820 7662 7826 7640 7865 7645 7916 7664 7920  
 7666 7948 7660 7964 7662 7981 7670 7998 7673 8025 7690 8050 7699 8046  
 7705 8064 7716 8075 7721 8087 7741 8120 7764 8144 7772 8130 7783 8049  
 7794 8034 7810 8036 7831 8054 7826 8067 7813 8076 7808 8076 7813 8099  
 7825 8117 7826 8140 7816 8156 7784 8170 7777 8185 7807 8172 7827 8170  
 7839 8189 7838 8210 7813 8229 7814 8247 7823 8273 7846 8300 7871 8315  
 7948 8329 7984 8321 8002 8305 8017 8258 8016 8230 8030 8222 8050 8241  
 8055 8236 8051 8184 8057 8171 8060 8148 8068 8129 8077 8132 8089 8163  
 8079 8172 8073 8183 8075 8194 8080 8197 8096 8188 8099 8207 8087 8225  
 8078 8218 8076 8232 8112 8235 8140 8252 8131 8297 8099 8327 8066 8343  
 8038 8348 8019 8343 8010 8350 8008 8379 8010 8392 8024 8413 8050 8434  
 8083 8440 8111 8440 8162 8419 8180 8406 8200 8401 8224 8404 8239 8411  
 8234 8435 8214 8453 8181 8497 8189 8509 8208 8520 8229 8523 8254 8485  
 8269 8482 8278 8509 8261 8565 8271 8566 8279 8577 8286 8614 8298 8638  
 8308 8649 8315 8649 8321 8660 8316 8680 8303 8695 8303 8699 8319 8683  
 8338 8677 8354 8660 8375 8668 8391 8696 8400 8727 8400 8754 8395 8776  
 8390 8776 8379 8783 8364 8771 8342 8773 8343 8787 8359 8790 8381 8788  
 8390 8807 8377 8838 8337 8875 8354 8891 8368 8899 8377 8912 8374 9004  
 8355 9062 8383 9044 8392 9029 8408 9025 8412 9032 8407 9058 8370 9092  
 8348 9136 8346 9151 8362 9168 8375 9169 8385 9174 8402 9170 8418 9239  
 8407 9252 8386 9260 8370 9257 8345 9280 8337 9281 8317 9265 8310 9253  
 8312 9231 8296 9219 8283 9219 8289 9253 8296 9267 8295 9285 8278 9302  
 8257 9315 8243 9317 8231 9304 8205 9306 8194 9290 8171 9291 8149 9287  
 8115 9264 8125 9245 8129 9229 8127 9225 8077 9215 8062 9235 8067 9261  
 8071 9268 8023 9305 8039 9337 8082 9311 8090 9283 8101 9275 8119 9279  
 8128 9315 8128 9334 8113 9376 8107 9380 8062 9393 8037 9414 7992 9402  
 7977 9432 7966 9432 7964 9435 7947 9435 7935 9439 7909 9500 7889 9519  
 7866 9529 7782 9525 7755 9544 7718 9557 7692 9561 7674 9540 7664 9535  
 7620 9595 7651 9592 7657 9610 7578 9657 7577 9645 7581 9626 7560 9647  
 7531 9619 7523 9619 7509 9608 7513 9569 7503 9568 7478 9577 7457 9572  
 7432 9550 7414 9497 7385 9499 7376 9518 7409 9569 7422 9603 7428 9650  
 7449 9635 7462 9641 7461 9672 7448 9713 7503 9757 7494 9776 7416 9710  
 7413 9730 7424 9759 7427 9786 7405 9799 7393 9787 7369 9816 7356 9870  
 7334 9921 7308 9970 728010000                                          
L  1 9   13     9   121   1318888813363     2                           
 721810000 728010000                                                    
L  1 9   14     9   131   1218888899999     6                           
 728010000100001000010000    0    0    0    010000 721810000            
A  113363    1 6326 7478   1                                            
   -1                                                                   
A  113363    2 6926 7616   1                                            
   -2                                                                   
A  113363    3 7812 7888   1                                            
   -3                                                                   
A  113363    4 7138 7510   1                                            
   -4                                                                   
A  113363    5 7196 7539   1                                            
   -5                                                                   
A  113363    6 7537 7594   1                                            
   -6                                                                   
A  113363    7 6445 9038   1                                            
   -7                                                                   
A  113363    8 6796 9315   1                                            
   -8                                                                   
A  113363    9 8157 7824   1                                            
   -9                                                                   
A  113363   10 8266 8091   1                                            
  -10                                                                   
A  113363   11 8325 8508   1                                            
  -11                                                                   
A  199999   12 9176 8503  24                                            
   12   14    0    1    0    2    0    3    0    4    0    5    0    6  
    0    7    0    8    0    9    0   10    0   11                      
A  113363   13 7391 8744   2                                            
   13  -12                                                              
H1 2    0    5    0    0   14 0506 0506                                 
L  2 4    1     0    00    00              10                           
 7408 9591 7417 9651 7396 9741 7378 9760 7326 9765 7293 9839 7270 9852  
 7237 9844 7174 9781 7191 9741                                          
L  2 4    2     0    00    00              11                           
 7191 9741 7138 9711 7065 9612 7054 9528 7072 9467 7126 9395 7121 9362  
 7051 9361 7027 9339 7011 9275 6963 9240                                
L  2 4    3     0    00    00               9                           
 7380 9483 7403 9448 7393 9429 7372 9456 7356 9460 7355 9442 7400 9384  
 7423 9320 7421 9282                                                    
L  2 4    4     0    00    00               4                           
 7421 9282 7400 9294 7323 9412 7191 9741                                
L  2 4    5     0    00    00              13                           
 7793 8275 7831 8362 7814 8452 7750 8521 7841 8719 7952 8783 8021 8912  
 7674 8908 7506 8883 7488 8952 7438 9044 7421 9113 7421 9282            
H1 7    0    0    0    1    2 0506 0506                                 
P  7 7    1 7222 8733 0 1                                               
01 3 7222 8733              00  式根島                                  
M 513932式根島                1    3    4    3    0   31                
H2 1    3    4    3    0   30 0506 0506                                 
N  1 2    1 2419 8912 0 2    1   -1    0    0    0    0    0    0    0  
N  1 1    2  84510000 1 3    2   -4    3    0    0    0    0    0    0  
N  1 1    3 206810000 1 3    4   -3   -2    0    0    0    0    0    0  
L  1 5    1     0    10    101336399999    62                           
 2419 8912 2416 8903 2404 8897 2398 8899 2377 8887 2365 8880 2330 8900  
 2323 8900 2317 8884 2304 8876 2298 8862 2302 8846 2301 8824 2293 8797  
 2282 8803 2267 8796 2254 8776 2273 8749 2268 8677 2280 8659 2306 8635  
 2343 8612 2361 8571 2390 8543 2398 8526 2399 8507 2433 8479 2444 8483  
 2452 8495 2464 8505 2474 8521 2522 8536 2530 8545 2549 8552 2563 8567  
 2587 8585 2607 8566 2619 8545 2636 8540 2666 8549 2677 8548 2689 8556  
 2706 8614 2695 8640 2664 8669 2641 8677 2621 8679 2601 8697 2598 8720  
 2586 8735 2567 8771 2556 8786 2550 8808 2533 8819 2521 8836 2504 8845  
 2490 8860 2468 8874 2454 8888 2435 8893 2422 8906 2419 8912            
L  1 5    2     0    21    311336399999    37                           
  84510000  858 9960  864 9923  879 9894  884 9871  906 9848  933 9834  
  989 9818 1038 9787 1116 9709 1146 9690 1200 9669 1276 9648 1304 9632  
 1342 9594 1402 9580 1441 9567 1481 9547 1532 9514 1584 9488 1635 9457  
 1745 9383 1792 9370 1845 9347 1906 9303 1997 9215 2035 9182 2050 9179  
 2059 9208 2060 9248 2056 9358 2033 9480 2034 9556 2048 9615 2040 9668  
 2051 9797 206810000                                                    
L  1 9    3     9    21    318888813363     2                           
  84510000 206810000                                                    
L  1 9    4     9    31    218888899999     6                           
 206810000100001000010000    0    0    0    010000  84510000            
A  113363    1 2437 8694   1                                            
   -1                                                                   
A  199999    2 6030 9248   4                                            
    2    4    0    1                                                    
A  113363    3 1701 9590   2                                            
    3   -2                                                              
M 513941新島                  2   10   13    9    0   90                
H2 1   10   12    9    0   86 0506 0506                                 
N  1 2    1 7023   70 0 2    1   -1    0    0    0    0    0    0    0  
N  1 2    2 8548 3427 0 2    2   -2    0    0    0    0    0    0    0  
N  1 2    3 8569 3348 0 2    3   -3    0    0    0    0    0    0    0  
N  1 2    4 8516 3489 0 2    4   -4    0    0    0    0    0    0    0  
N  1 2    5 8380 4537 0 2    5   -5    0    0    0    0    0    0    0  
N  1 2    6 8051 4474 0 2    6   -6    0    0    0    0    0    0    0  
N  1 1    7 7280    0 1 3    7  -12   10    0    0    0    0    0    0  
N  1 1    8 7218    0 1 3   12   -7    9    0    0    0    0    0    0  
N  1 1    910000 3864 1 3   -9    8  -11    0    0    0    0    0    0  
N  1 1   1010000 1117 1 3   11   -8  -10    0    0    0    0    0    0  
L  1 5    1     0    10    101336399999    31                           
 7023   70 7025   65 7033   59 7045   51 7071   54 7095   95 7119   90  
 7148   53 7148   42 7120   33 7110   25 7116    9 7134    1 7170    1  
 7214    7 7232   16 7238   32 7234   51 7207  118 7193  142 7179  150  
 7159  147 7147  153 7109  155 7095  190 7070  203 7055  176 7057  138  
 7033  138 7013  105 7023   70                                          
L  1 5    2     0    20    201336399999    10                           
 8548 3427 8563 3397 8567 3397 8581 3405 8591 3411 8609 3433 8607 3438  
 8574 3451 8554 3440 8548 3427                                          
L  1 5    3     0    30    301336399999     9                           
 8569 3348 8575 3343 8581 3313 8605 3332 8603 3349 8589 3373 8569 3370  
 8567 3367 8569 3348                                                    
L  1 5    4     0    40    401336399999    12                           
 8516 3489 8522 3480 8546 3464 8556 3465 8584 3465 8596 3473 8594 3487  
 8578 3519 8564 3532 8554 3530 8526 3510 8516 3489                      
L  1 5    5     0    50    501336399999   104                           
 8380 4537 8369 4548 8349 4550 8335 4564 8319 4615 8299 4626 8275 4636  
 8253 4655 8238 4679 8210 4673 8194 4676 8180 4665 8166 4662 8160 4670  
 8158 4673 8132 4640 8130 4624 8153 4567 8147 4551 8145 4505 8163 4489  
 8204 4414 8218 4403 8244 4398 8260 4387 8280 4352 8287 4325 8295 4309  
 8319 4304 8335 4288 8343 4272 8357 4258 8357 4253 8343 4258 8343 4242  
 8363 4223 8379 4221 8398 4210 8422 4189 8436 4181 8446 4178 8464 4154  
 8468 4129 8470 4094 8463 4062 8467 3989 8457 3970 8441 3923 8442 3888  
 8434 3875 8426 3872 8418 3877 8410 3866 8402 3834 8396 3828 8396 3798  
 8388 3782 8366 3801 8358 3793 8354 3771 8360 3747 8380 3712 8368 3728  
 8350 3736 8336 3727 8328 3727 8326 3711 8363 3655 8369 3649 8391 3644  
 8405 3650 8409 3671 8415 3682 8437 3647 8449 3634 8463 3642 8483 3659  
 8493 3664 8549 3649 8559 3651 8565 3703 8553 3730 8551 3743 8554 3776  
 8550 3803 8538 3832 8530 3876 8530 3914 8537 3998 8543 4014 8553 4082  
 8569 4101 8582 4133 8606 4147 8604 4190 8610 4223 8605 4312 8599 4339  
 8585 4361 8539 4393 8491 4411 8430 4443 8408 4464 8380 4537            
L  1 5    6     0    60    601336399999    14                           
 8051 4474 8057 4455 8075 4437 8096 4431 8124 4437 8142 4448 8133 4478  
 8115 4502 8093 4521 8071 4529 8059 4520 8063 4480 8053 4477 8051 4474  
L  1 5    7     0    71    811336399999     6                           
 7280    0 7268   16 7262   16 7244    5 7222    5 7218    0            
L  1 5    8     0    91   1011336399999    84                           
10000 3864 9967 3815 9900 3750 9870 3730 9838 3716 9794 3713 9781 3718  
 9777 3724 9781 3832 9753 3864 9712 3907 9688 3939 9678 3937 9666 3923  
 9670 3923 9704 3902 9716 3875 9759 3832 9757 3772 9741 3740 9730 3653  
 9722 3637 9682 3625 9672 3612 9680 3598 9688 3598 9706 3542 9713 3496  
 9703 3458 9701 3428 9695 3409 9661 3357 9606 3294 9596 3265 9608 3232  
 9622 3216 9650 3206 9644 3187 9650 3168 9664 3162 9671 3154 9673 3138  
 9663 3127 9643 3132 9627 3140 9608 3137 9595 3124 9583 3094 9579 3064  
 9587 3037 9607 3024 9645 3038 9659 3054 9667 3087 9679 3090 9699 3087  
 9738 3006 9772 2936 9819 2766 9854 2588 9875 2447 9895 2150 9885 2088  
 9865 2066 9846 2014 9834 1979 9828 1930 9824 1852 9817 1800 9805 1754  
 9791 1729 9789 1719 9791 1702 9782 1640 9776 1602 9782 1556 9781 1475  
 9801 1351 9807 1337 9829 1327 9948 1217 9963 1168 9989 112810000 1117  
L  1 9    9     9    81    918888899999     5                           
 7218    0    0    0    010000100001000010000 3864                      
L  1 9   10     9    71   1019999988888     3                           
 7280    010000    010000 1117                                          
L  1 9   11     9   101    911336388888     2                           
10000 111710000 3864                                                    
L  1 9   12     9    81    711336388888     2                           
 7218    0 7280    0                                                    
A  113363    1 7114  101   1                                            
   -1                                                                   
A  113363    2 8576 3424   1                                            
   -2                                                                   
A  113363    3 8589 3343   1                                            
   -3                                                                   
A  113363    4 8554 3498   1                                            
   -4                                                                   
A  113363    5 8535 4153   1                                            
   -5                                                                   
A  113363    6 8097 4480   1                                            
   -6                                                                   
A  199999    7 5000 4788  16                                            
    7    9    8  -10    0    1    0    2    0    3    0    4    0    5  
    0    6                                                              
A  113363    8 7261    7   2                                            
  -12   -7                                                              
A  113363    9 9931 2534   2                                            
  -11   -8                                                              
H1 2    0    1    0    0    2 0506 0506                                 
L  2 4    1     0    00    00               4                           
 9776 3666 9813 3621 9858 361910000 3772                                
M 513942新島                  3   12   33   10    3  176                
H2 1   12   15   10    0  116 0506 0506                                 
N  1 2    1  669 7515 0 2    1   -1    0    0    0    0    0    0    0  
N  1 2    2  611 7585 0 2    2   -2    0    0    0    0    0    0    0  
N  1 2    3 1484 8978 0 2    3   -3    0    0    0    0    0    0    0  
N  1 2    4 3629 9636 0 2    4   -4    0    0    0    0    0    0    0  
N  1 2    5 3716 9859 0 2    5   -5    0    0    0    0    0    0    0  
N  1 2    6 3208 7369 0 2    6   -6    0    0    0    0    0    0    0  
N  1 1    7 270110000 1 3    7  -12   13    0    0    0    0    0    0  
N  1 1    8    0 3864 1 3   -7   12  -11    0    0    0    0    0    0  
N  1 1    9    0 1117 1 3   11  -10    8    0    0    0    0    0    0  
N  1 1   10  845    0 1 3   15   -8   10    0    0    0    0    0    0  
N  1 1   11 2068    0 1 3  -14    9  -15    0    0    0    0    0    0  
N  1 1   12 354110000 1 3   14  -13   -9    0    0    0    0    0    0  
L  1 5    1     0    10    101336399999    12                           
  669 7515  687 7513  695 7505  701 7518  703 7532  695 7548  685 7551  
  659 7550  641 7537  641 7523  665 7526  669 7515                      
L  1 5    2     0    20    201336399999    10                           
  611 7585  612 7588  629 7561  639 7569  655 7572  659 7583  655 7591  
  628 7602  614 7604  611 7585                                          
L  1 5    3     0    30    301336399999     9                           
 1484 8978 1488 8964 1500 8940 1512 8940 1516 8948 1508 8989 1500 9000  
 1490 9000 1484 8978                                                    
L  1 5    4     0    40    401336399999    12                           
 3629 9636 3623 9658 3603 9666 3589 9660 3563 9673 3559 9673 3549 9646  
 3575 9638 3581 9625 3599 9617 3615 9623 3629 9636                      
L  1 5    5     0    50    501336399999    10                           
 3716 9859 3706 9881 3660 9875 3618 9839 3604 9831 3598 9798 3650 9826  
 3716 9840 3714 9859 3716 9859                                          
L  1 5    6     0    60    601336399999    10                           
 3208 7369 3204 7409 3198 7423 3180 7425 3166 7409 3164 7398 3170 7371  
 3194 7344 3206 7339 3208 7369                                          
L  1 5    7     0    71    811336399999   201                           
 270110000 2683 9935 2645 9840 2584 9717 2524 9636 2449 9551 2403 9510  
 2383 9496 2343 9477 2281 9460 2243 9451 2217 9454 2181 9462 2156 9469  
 2154 9494 2158 9553 2168 9567 2190 9586 2250 9619 2250 9646 2244 9649  
 2230 9652 2224 9633 2178 9608 2128 9583 2097 9607 2059 9623 2037 9625  
 2019 9625 2009 9617 1999 9600 1975 9584 1933 9565 1923 9556 1909 9556  
 1815 9582 1795 9574 1793 9547 1805 9536 1821 9547 1817 9534 1807 9528  
 1809 9506 1802 9474 1792 9471 1781 9476 1749 9468 1725 9460 1725 9454  
 1738 9449 1746 9441 1740 9433 1728 9435 1724 9430 1726 9422 1736 9403  
 1734 9400 1712 9394 1694 9394 1692 9370 1684 9345 1702 9289 1690 9283  
 1656 9321 1642 9329 1630 9329 1624 9301 1620 9250 1609 9228 1627 9166  
 1656 9096 1680 9007 1678 8988 1668 8969 1656 8958 1587 8911 1563 8884  
 1549 8865 1543 8846 1555 8813 1565 8786 1594 8651 1599 8597 1575 8578  
 1559 8545 1539 8518 1501 8491 1445 8474 1409 8449 1385 8400 1365 8375  
 1328 8337 1264 8288 1260 8282 1218 8258 1214 8252 1156 8222 1116 8183  
 1112 8178 1070 8137 1040 8101 1026 8080 1003 7995  981 7965  971 7957  
  951 7914  934 7843  932 7835  920 7832  894 7845  882 7842  866 7831  
  868 7821  872 7802  838 7766  826 7755  806 7752  798 7755  798 7782  
  796 7785  784 7787  774 7774  770 7752  762 7741  752 7760  752 7779  
  748 7787  732 7787  724 7768  732 7716  730 7689  724 7676  712 7681  
  698 7705  686 7719  674 7721  664 7708  664 7683  684 7662  702 7651  
  710 7640  712 7630  709 7621  698 7624  687 7613  687 7597  709 7543  
  733 7505  748 7454  736 7451  738 7429  744 7397  718 7375  710 7378  
  698 7375  688 7367  680 7339  652 7326  640 7312  632 7293  635 7279  
  645 7282  645 7255  661 7204  645 7196  641 7182  641 7160  674 7098  
  672 7066  706 7031  716 7034  769 7013  789 7013  801 6994  807 6926  
  807 6889  810 6845  799 6677  776 6512  729 6043  679 5636  619 5373  
  550 5123  477 4925  448 4854  412 4740  361 4615  298 4452  217 4286  
  193 4253  211 4229  203 4207  161 4150  112 4098  118 4084  128 4073  
   96 4019   56 3967   44 3959   36 3945    0 3864                      
L  1 5    8     0    91   1011336399999    25                           
    0 1117    6 1110   27 1105   45 1108   65 1100   91 1078  149 1006  
  168  973  215  839  223  793  225  790  258  671  292  582  390  396  
  420  353  467  308  501  287  581  250  635  228  688  194  795   87  
  817   52  835   14  845    6  845    0                                
L  1 5    9     0   111   1211336399999   125                           
 2068    0 2096  228 2109  404 2149  526 2188  624 2222  654 2281  742  
 2297  783 2309  837 2316  970 2322 1021 2353 1143 2396 1282 2404 1371  
 2403 1428 2391 1523 2377 1558 2346 1606 2328 1663 2321 1752 2324 1931  
 2321 2131 2319 2174 2325 2475 2321 2700 2323 2995 2327 3092 2322 3298  
 2324 3485 2337 3715 2334 3864 2344 4146 2346 4500 2347 4609 2347 4739  
 2350 4850 2347 4931 2358 5199 2367 5337 2368 5405 2401 5706 2412 5774  
 2412 5801 2402 5876 2450 6102 2471 6275 2482 6403 2488 6473 2498 6533  
 2514 6571 2577 6674 2605 6748 2640 6864 2662 6908 2715 6992 2795 7088  
 2850 7192 2916 7347 2932 7363 2954 7377 2981 7401 3007 7431 3053 7575  
 3070 7605 3128 7641 3168 7655 3254 7691 3304 7708 3336 7733 3342 7727  
 3372 7757 3406 7820 3432 7883 3445 7937 3447 7975 3424 8067 3395 8291  
 3399 8351 3415 8364 3445 8367 3469 8378 3478 8422 3484 8454 3552 8523  
 3564 8561 3552 8590 3539 8615 3422 8722 3384 8751 3362 8770 3311 8840  
 3267 8907 3218 8958 3200 8987 3174 9052 3171 9193 3175 9231 3186 9296  
 3208 9345 3244 9397 3273 9446 3301 9462 3319 9465 3329 9482 3339 9517  
 3351 9517 3375 9539 3429 9629 3491 9686 3492 9767 3506 9789 3526 9800  
 3540 9798 3564 9817 3580 9828 3626 9869 3632 9883 3622 9896 3606 9888  
 3598 9893 3577 9896 3551 9933 3545 9968 3545 9998 354110000            
L  1 9   10     9   101    918888899999     3                           
  845    0    0    0    0 1117                                          
L  1 9   11     9    91    818888813363     2                           
    0 1117    0 3864                                                    
L  1 9   12     9    81    718888899999     3                           
    0 3864    010000 270110000                                          
L  1 9   13     9    71   1218888813363     2                           
 270110000 354110000                                                    
L  1 9   14     9   121   1118888899999     4                           
 354110000100001000010000    0 2068    0                                
L  1 9   15     9   101   1111336388888     2                           
  845    0 2068    0                                                    
A  113363    1  672 7528   1                                            
   -1                                                                   
A  113363    2  637 7582   1                                            
   -2                                                                   
A  113363    3 1499 8970   1                                            
   -3                                                                   
A  113363    4 3589 9645   1                                            
   -4                                                                   
A  113363    5 3668 9840   1                                            
   -5                                                                   
A  113363    6 3187 7382   1                                            
   -6                                                                   
A  199999    7  404 6926   8                                            
    7   12    0    1    0    2    0    3                                
A  113363    8 1413 4930   6                                            
   13   -9  -15   -8   11   -7                                          
A  199999    9  152  558   2                                            
    8   10                                                              
A  199999   10 6469 5200   8                                            
    9   14    0    4    0    5    0    6                                
H1 2    0   18    0    0   52 0506 0506                                 
L  2 4    1     1    00    00               6                           
 2820 7727 2802 7648 2584 7319 2564 7242 2563 7093 2550 7068            
L  2 4    2     0    00    00               4                           
  478 4132  597 4092  680 4028  751 3948                                
L  2 4    3     0    00    00              12                           
 2607 9416 2636 9436 2695 9457 2741 9485 2759 9510 2779 9555 2785 9581  
 2791 9624 2765 9781 2759 9832 2759 9881 2763 9924                      
L  2 4    4     0    00    00               2                           
 2607 9416 2595 9348                                                    
L  2 4    5     0    00    00               6                           
 2763 9924 2751 9910 2731 9901 2725 9897 2718 9888 2714 9877            
L  2 4    6     0    00    00               2                           
 2714 9877 2700 9832                                                    
L  2 4    7     0    00    00              16                           
 2714 9877 2726 9871 2741 9869 2762 9871 2790 9887 2797 9888 2803 9885  
 2806 9879 2807 9871 2804 9859 2784 9842 2763 9835 2751 9835 2724 9842  
 2715 9840 2700 9832                                                    
L  2 4    8     0    00    00              14                           
 2263 9415 2278 9410 2289 9403 2410 9308 2445 9292 2470 9292 2482 9298  
 2486 9307 2500 9340 2505 9386 2509 9398 2517 9405 2543 9403 2571 9390  
L  2 4    9     0    00    00               3                           
 2571 9390 2585 9371 2595 9348                                          
L  2 4   10     0    00    00               3                           
 2571 9390 2591 9406 2608 9424                                          
L  2 4   11     0    00    00              12                           
 2700 9832 2690 9801 2688 9789 2688 9782 2689 9767 2701 9721 2701 9706  
 2691 9649 2673 9595 2643 9548 2628 9516 2608 9424                      
L  2 4   12     0    00    00               2                           
 2608 9424 2607 9416                                                    
L  2 4   13     0    00    00              20                           
 2564 8833 2542 8833 2528 8836 2503 8852 2473 8877 2447 8890 2409 8901  
 2356 8890 2321 8872 2260 8824 2228 8793 2191 8733 2174 8686 2162 8602  
 2130 7421 2097 6281 2106 6186 2114 6139 2167 5919 2167 5802            
L  2 4   14     0    00    00              21                           
 2167 5802 2178 5803 2185 5804 2188 5808 2189 5816 2187 5821 2185 5849  
 2186 5859 2190 5869 2200 5882 2233 5911 2242 5922 2251 5936 2306 6051  
 2306 6192 2329 6369 2360 6471 2340 6566 2407 6769 2482 6902 2550 7068  
L  2 4   15     0    00    00              11                           
 2595 9348 2593 9263 2598 9217 2635 9146 2689 9040 2692 9023 2692 9012  
 2683 8993 2589 8879 2572 8844 2564 8833                                
L  2 4   16     0    00    00              30                           
 2564 8833 2572 8804 2564 8731 2589 8610 2586 8588 2575 8572 2529 8537  
 2520 8519 2530 8508 2551 8508 2666 8571 2732 8608 2745 8604 2750 8588  
 2740 8574 2584 8474 2550 8444 2526 8405 2500 8348 2494 8326 2496 8296  
 2511 8259 2535 8133 2537 8099 2549 8010 2558 7982 2645 7834 2691 7802  
 2801 7776 2820 7727                                                    
L  2 4   17     0    00    00              18                           
    0 3772    1 3773  152 3995  184 4013  484 4508  541 4687  809 4377  
 1119 4233 1290 4208 1683 4088 1739 4103 1794 4426 2057 5186 2082 5319  
 2139 5457 2157 5547 2165 5780 2167 5802                                
L  2 4   18     0    00    00               2                           
 279410000 2763 9924                                                    
H1 7    0    0    0    3    5 0506 0506                                 
P  7 7    1 1488 5266 0 1                                               
01 2 1488 5266              00  新島                                    
P  7 1    2 1333 4000 0 1                                               
01 3 1333 4000              00  新島村                                  
P  753    3  822 4833 0 0                                               
M 513952鵜渡根島              3    8   10    8    1   83                
H2 1    8    9    8    0   76 0506 0506                                 
N  1 2    1 4349 6455 0 2    1   -1    0    0    0    0    0    0    0  
N  1 2    2 4327 6316 0 2    2   -2    0    0    0    0    0    0    0  
N  1 2    3 3919 6583 0 2    3   -3    0    0    0    0    0    0    0  
N  1 2    4 3483 6399 0 2    4   -4    0    0    0    0    0    0    0  
N  1 2    5 3580 5919 0 2    5   -5    0    0    0    0    0    0    0  
N  1 2    6 2766 6866 0 2    6   -6    0    0    0    0    0    0    0  
N  1 1    7 3541    0 1 3    7   -9   -8    0    0    0    0    0    0  
N  1 1    8 2701    0 1 3    9   -7    8    0    0    0    0    0    0  
L  1 5    1     0    10    101336399999    13                           
 4349 6455 4330 6473 4302 6481 4290 6476 4286 6451 4289 6432 4293 6419  
 4303 6416 4309 6405 4321 6400 4343 6403 4349 6414 4349 6455            
L  1 5    2     0    20    201336399999    11                           
 4327 6316 4345 6322 4355 6322 4353 6360 4337 6381 4323 6387 4319 6384  
 4317 6359 4311 6322 4315 6313 4327 6316                                
L  1 5    3     0    30    301336399999    11                           
 3919 6583 3897 6574 3889 6563 3891 6550 3927 6523 3935 6529 3943 6548  
 3943 6572 3939 6583 3935 6586 3919 6583                                
L  1 5    4     0    40    401336399999   116                           
 3483 6399 3479 6399 3485 6391 3507 6386 3515 6381 3511 6362 3515 6335  
 3527 6327 3534 6262 3548 6249 3552 6238 3572 6216 3570 6203 3601 6130  
 3591 6103 3587 6073 3588 6011 3598 5997 3608 5995 3614 6003 3658 5998  
 3708 5977 3728 5980 3732 5977 3768 5969 3796 5972 3824 5967 3858 5976  
 3888 5976 3918 5984 3991 5980 4027 5986 4051 5972 4061 5975 4065 5959  
 4083 5959 4093 5970 4119 5973 4145 5989 4165 6014 4179 6025 4203 6020  
 4213 6031 4211 6055 4193 6069 4177 6066 4171 6071 4168 6095 4176 6114  
 4210 6158 4226 6164 4228 6172 4224 6180 4212 6185 4186 6174 4174 6204  
 4134 6222 4109 6244 4089 6298 4071 6314 4061 6335 3978 6413 3934 6448  
 3913 6469 3919 6510 3915 6520 3903 6526 3881 6531 3849 6528 3807 6536  
 3771 6559 3728 6581 3656 6626 3616 6631 3581 6663 3527 6746 3501 6765  
 3442 6773 3410 6780 3366 6804 3350 6815 3354 6853 3376 6861 3382 6883  
 3373 6929 3359 6942 3335 6937 3313 6945 3235 6987 3201 6998 3168 6994  
 3161 6981 3167 6957 3187 6938 3251 6901 3267 6879 3267 6866 3256 6855  
 3282 6812 3304 6790 3314 6788 3322 6796 3328 6796 3334 6788 3318 6779  
 3314 6766 3318 6739 3343 6693 3359 6682 3367 6653 3395 6615 3409 6604  
 3416 6553 3453 6445 3467 6429 3483 6399                                
L  1 5    5     0    50    501336399999    12                           
 3580 5919 3574 5900 3572 5875 3599 5859 3606 5867 3625 5870 3632 5914  
 3632 5933 3626 5965 3608 5970 3596 5962 3580 5919                      
L  1 5    6     0    60    601336399999    26                           
 2766 6866 2764 6858 2771 6828 2769 6825 2748 6825 2745 6811 2751 6803  
 2769 6804 2849 6823 2851 6837 2859 6840 2881 6826 2903 6832 2923 6840  
 2939 6857 2939 6870 2925 6881 2874 6889 2852 6888 2842 6894 2840 6910  
 2822 6926 2808 6928 2784 6915 2778 6906 2766 6866                      
L  1 5    7     0    71    811336399999    79                           
 3541    0 3534   30 3534   62 3540   89 3558  114 3556  136 3546  154  
 3527  317 3530  346 3534  352 3550  355 3556  360 3564  393 3541  512  
 3531  536 3517  538 3499  536 3475  543 3368  618 3346  645 3338  680  
 3332  758 3329  829 3323  872 3298  929 3272  958 3232  982 3194 1022  
 3149 1052 3091 1078 3071 1075 3023 1048 2997 1050 2975 1063 2969 1088  
 2928 1182 2926 1214 2934 1263 2923 1287 2901 1295 2799 1319 2793 1337  
 2785 1346 2771 1348 2749 1305 2737 1291 2711 1293 2685 1312 2622 1376  
 2592 1389 2566 1384 2542 1373 2536 1359 2538 1327 2557 1254 2581 1186  
 2618 1146 2652 1141 2658 1144 2678 1141 2692 1036 2675  979 2669  908  
 2671  868 2668  824 2682  814 2692  800 2698  798 2712  749 2729  714  
 2743  668 2772  571 2782  555 2782  514 2776  463 2761  387 2726  145  
 2709   48 2701    0                                                    
L  1 9    8     9    81    718888899999     6                           
 2701    0    0    0    010000100001000010000    0 3541    0            
L  1 9    9     9    81    711336388888     2                           
 2701    0 3541    0                                                    
A  113363    1 4318 6440   1                                            
   -1                                                                   
A  113363    2 4335 6350   1                                            
   -2                                                                   
A  113363    3 3917 6554   1                                            
   -3                                                                   
A  113363    4 3680 6468   1                                            
   -4                                                                   
A  113363    5 3605 5914   1                                            
   -5                                                                   
A  113363    6 2852 6865   1                                            
   -6                                                                   
A  199999    7 6857 1388  14                                            
    7    8    0    1    0    2    0    3    0    4    0    5    0    6  
A  113363    8 3036  694   2                                            
   -9   -7                                                              
H1 2    0    1    0    0    2 0506 0506                                 
L  2 4    1     0    00    00               3                           
 2914  372 2842  104 2794    0                                          
H1 7    0    0    0    1    2 0506 0506                                 
P  7 7    1 3755 6266 0 1                                               
01 4 3755 6266              00  鵜渡根島                                
M 513962利島                  3    2    6    2    4   75                
H2 1    2    2    2    0   44 0506 0506                                 
N  1 2    1 2985 3457 0 2    1   -1    0    0    0    0    0    0    0  
N  1 1    210000    0 1 2   -2    2    0    0    0    0    0    0    0  
L  1 5    1     0    10    101336299999   242                           
 2985 3457 2980 3457 2960 3469 2947 3479 2934 3489 2923 3498 2922 3561  
 2783 3551 2782 3525 2900 3534 2903 3465 2834 3462 2831 3472 2815 3463  
 2808 3458 2802 3459 2779 3448 2760 3445 2745 3452 2728 3461 2718 3457  
 2708 3456 2700 3461 2701 3470 2738 3757 2716 3764 2689 3500 2634 3465  
 2521 3483 2491 3475 2450 3479 2425 3472 2406 3478 2382 3472 2350 3469  
 2324 3474 2281 3471 2261 3463 2226 3456 2208 3462 2182 3459 2155 3437  
 2106 3409 2080 3386 2052 3348 2025 3329 1994 3281 1963 3253 1930 3196  
 1922 3173 1884 3122 1874 3094 1860 3067 1843 3046 1814 2981 1774 2912  
 1737 2862 1734 2808 1698 2725 1694 2692 1672 2629 1668 2594 1669 2533  
 1663 2491 1659 2485 1648 2398 1646 2346 1654 2327 1646 2297 1642 2229  
 1646 2186 1652 2152 1653 2081 1659 2053 1663 1989 1660 1950 1663 1888  
 1670 1858 1672 1815 1684 1769 1683 1761 1695 1735 1700 1678 1713 1664  
 1723 1648 1726 1620 1736 1603 1753 1587 1761 1558 1778 1530 1787 1503  
 1800 1487 1811 1451 1822 1443 1829 1422 1860 1387 1897 1310 1913 1306  
 1932 1268 1943 1263 1957 1210 1967 1191 1971 1171 2004 1138 2052 1107  
 2099 1082 2119 1064 2144 1056 2159 1045 2173 1026 2201 1019 2208 1005  
 2247  978 2264  969 2283  953 2324  937 2349  925 2372  920 2393  925  
 2415  914 2441  917 2470  921 2484  917 2493  924 2509  925 2532  938  
 2546  931 2569  936 2588  946 2592  957 2610  953 2626  966 2652  972  
 2687  991 2726 1009 2763 1045 2774 1061 2786 1071 2790 1085 2804 1097  
 2812 1113 2829 1128 2849 1163 2849 1170 2894 1218 2901 1242 2916 1264  
 2971 1357 2987 1376 2996 1397 3050 1451 3061 1471 3085 1488 3095 1508  
 3111 1520 3121 1542 3135 1555 3158 1588 3168 1591 3172 1606 3210 1656  
 3231 1695 3249 1706 3260 1729 3274 1743 3292 1782 3306 1800 3316 1825  
 3334 1836 3364 1862 3379 1888 3421 1930 3442 1971 3452 1980 3469 1976  
 3482 1982 3486 2014 3502 2029 3513 2049 3527 2067 3538 2091 3542 2117  
 3554 2129 3558 2148 3570 2159 3583 2182 3586 2201 3597 2215 3606 2238  
 3617 2253 3630 2280 3641 2291 3677 2361 3694 2437 3705 2460 3700 2501  
 3705 2517 3704 2569 3694 2621 3696 2646 3681 2678 3673 2722 3644 2789  
 3647 2795 3644 2826 3637 2837 3614 2892 3602 2907 3592 2934 3569 2968  
 3545 3031 3529 3057 3516 3068 3503 3088 3442 3154 3423 3169 3416 3184  
 3398 3192 3386 3206 3362 3225 3354 3240 3336 3253 3332 3265 3309 3276  
 3291 3294 3278 3318 3261 3323 3243 3338 3223 3338 3187 3361 3182 3369  
 3155 3387 3131 3396 3128 3403 3112 3416 3075 3431 3056 3458 3053 3473  
 3037 3483 3028 3469 3017 3461 2985 3457                                
L  1 9    2     9    21    218888899999     5                           
10000    0    0    0    010000100001000010000    0                      
A  113362    1 2622 2228   1                                            
   -1                                                                   
A  199999    2 7620 2346   3                                            
    2    0    1                                                         
H1 2    0    4    0    0   21 0506 0506                                 
L  2 4    1     0    00    00               8                           
 2333 3418 2266 3412 2164 3357 2166 3327 2185 3310 2239 3368 2286 3365  
 2339 3317                                                              
L  2 4    2     0    00    00              14                           
 2339 3317 2348 3283 2431 3379 2480 3365 2505 3250 2572 3257 2692 3208  
 2815 3189 2901 3143 2940 3156 2961 3130 2869 3080 2790 3078 2706 3053  
L  2 4    3     0    00    00               4                           
 2339 3317 2390 3365 2405 3403 2515 3425                                
L  2 4    4     0    00    00              82                           
 2706 3053 2802 2991 2843 2984 2871 2957 2916 2966 3025 2910 3044 2855  
 3172 2735 3199 2684 3257 2644 3323 2563 3321 2463 3346 2401 3360 2272  
 3354 2220 3335 2197 3309 2112 3282 2106 3250 2140 3249 2189 3232 2258  
 3204 2323 3146 2396 3130 2462 3094 2505 3032 2529 3006 2555 2990 2542  
 2998 2516 3017 2499 3037 2462 3089 2433 3098 2383 3081 2302 3065 2175  
 3039 2162 3032 2201 3040 2241 3045 2303 3035 2347 3008 2379 2992 2357  
 3011 2313 3001 2233 2999 2188 2975 2184 2971 2224 2988 2295 2968 2335  
 2945 2324 2947 2266 2917 2179 2876 1936 2831 1870 2826 1760 2718 1558  
 2654 1536 2421 1605 2231 1592 2109 1641 2027 1741 1979 1883 1955 2042  
 1992 2136 1999 2220 2141 2446 2281 2485 2290 2515 2133 2516 2002 2440  
 1844 2286 1811 2216 1794 2250 1805 2298 1878 2420 1910 2439 1947 2532  
 2042 2641 2214 2772 2285 2953 2395 3075 2706 3053                      
H1 7    0    0    0    4    7 0506 0506                                 
P  7 2    1 2676 2023 0 1                                               
01 3 2676 2023              00  宮塚山                                  
P  7 7    2 2577 2532 0 1                                               
01 2 2577 2532              00  利島                                    
P  7 1    3 1906 2970 0 1                                               
01 3 1906 2970              00  利島村                                  
P  753    4 2822 3100 0 0                                               
